"","TeamWin","Dragon","Herald","FirstBlood","blueWardsPlaced","blueWardsDestroyed","blueKills","blueAssists","blueTowers","blueTotalGold","blueAvgLevel","blueTotalExperience","blueMinions","blueJungleMin","GoldDiff","ExpDiff","redWardsPlaced","redWardsDestroyed","redKills","redAssists","redTowers","redTotalGold","redAvgLevel","redTotalExperience","redMinions","redJungleMin","TowersDiff","WardsPlacedDiff","WardsDestDiff","KillDiff","AssistDiff","MinionsDiff","JungleMinDiff","LevelsDiff"
"1","Red","Neither","Neither","Blue",28,2,9,11,0,17210,6.6,17039,195,36,643,-8,15,6,6,8,0,16567,6.8,17047,197,55,0,13,-4,3,3,-2,-19,-0.2
"2","Red","Red","Red","Red",12,1,5,5,0,14712,6.6,16265,174,43,-2908,-1173,12,1,5,2,1,17620,6.8,17438,240,52,-1,0,0,0,3,-66,-9,-0.2
"3","Red","Blue","Neither","Red",15,0,7,4,0,16113,6.4,16221,186,46,-1172,-1033,15,3,11,14,0,17285,6.8,17254,203,28,0,0,-3,-4,-10,-17,18,-0.399999999999999
"4","Red","Neither","Blue","Red",43,1,4,5,0,15157,7,17954,201,55,-1321,-7,15,2,5,10,0,16478,7,17961,235,47,0,28,-1,-1,-5,-34,8,0
"5","Red","Red","Neither","Red",75,4,6,6,0,16400,7,18543,210,57,-1004,230,17,2,6,7,0,17404,7,18313,225,67,0,58,2,0,-1,-15,-10,0
"6","Blue","Blue","Neither","Red",18,0,5,6,0,15899,7,18161,225,42,698,101,36,5,3,2,0,15201,7,18060,221,59,0,-18,-5,2,4,4,-17,0
"7","Blue","Blue","Neither","Blue",18,3,7,7,0,16874,6.8,16967,225,53,2411,1563,57,1,6,9,0,14463,6.4,15404,164,35,0,-39,2,1,-2,61,18,0.399999999999999
"8","Red","Red","Neither","Red",16,2,5,3,0,15305,6.4,16138,209,48,-2615,-800,15,0,13,11,0,17920,6.6,16938,157,54,0,1,2,-8,-8,52,-6,-0.199999999999999
"9","Red","Red","Red","Red",16,3,7,8,0,16401,7.2,18527,189,61,-1979,-771,15,2,7,5,0,18380,7.2,19298,240,53,0,1,1,0,3,-51,8,0
"10","Blue","Blue","Neither","Blue",13,1,4,5,0,15057,6.8,16805,220,39,-1548,-1574,16,2,5,4,0,16605,6.8,18379,247,43,0,-3,-1,-1,1,-27,-4,0
"11","Red","Red","Neither","Blue",20,3,4,6,0,15474,6.6,16611,231,28,331,-1585,15,2,4,5,0,15143,7.2,18196,216,51,0,5,1,0,1,15,-23,-0.600000000000001
"12","Red","Neither","Blue","Blue",33,2,11,7,0,16695,7,18507,157,40,-1505,-635,17,1,11,9,0,18200,7,19142,188,52,0,16,1,0,-2,-31,-12,0
"13","Blue","Blue","Neither","Blue",18,1,7,11,0,17865,7.4,19102,238,53,3274,1659,12,1,1,1,0,14591,6.8,17443,240,50,0,6,0,6,10,-2,3,0.600000000000001
"14","Red","Neither","Blue","Red",14,3,4,1,0,14979,6.6,17213,210,52,-3414,-1141,20,3,9,11,0,18393,7.2,18354,229,51,0,-6,0,-5,-10,-19,1,-0.600000000000001
"15","Blue","Neither","Neither","Blue",15,3,4,4,0,15722,6.8,17896,224,51,-470,-187,102,1,4,3,0,16192,7,18083,242,48,0,-87,2,0,1,-18,3,-0.2
"16","Red","Neither","Neither","Red",17,1,3,3,0,15015,6.8,16974,209,53,-1996,-1804,18,3,7,13,0,17011,7.2,18778,237,51,0,-1,-2,-4,-10,-28,2,-0.4
"17","Blue","Red","Neither","Blue",14,1,10,8,0,19733,7.6,20862,263,56,5228,3378,13,2,2,2,0,14505,6.8,17484,210,64,0,1,-1,8,6,53,-8,0.8
"18","Red","Neither","Blue","Red",43,3,3,3,0,14852,6.8,16888,203,54,-1975,-1345,17,14,7,6,0,16827,6.8,18233,218,53,0,26,-11,-4,-3,-15,1,0
"19","Blue","Red","Red","Blue",21,4,5,11,0,16282,6.8,17378,213,49,882,512,19,3,4,3,0,15400,6.6,16866,228,52,0,2,1,1,8,-15,-3,0.2
"20","Red","Neither","Neither","Red",11,3,5,5,0,14994,7,17924,188,48,-3155,-2773,15,1,9,9,0,18149,7.4,20697,219,56,0,-4,2,-4,-4,-31,-8,-0.4
"21","Blue","Blue","Neither","Blue",14,3,11,15,0,18606,7.2,19254,214,45,2526,1625,12,2,6,4,0,16080,7,17629,225,48,0,2,1,5,11,-11,-3,0.2
"22","Red","Red","Neither","Red",13,1,4,5,0,15878,6.8,16945,203,43,-2835,-2821,15,3,13,14,0,18713,7.2,19766,209,45,0,-2,-2,-9,-9,-6,-2,-0.4
"23","Red","Red","Neither","Red",17,2,4,3,0,15773,7,17562,238,56,-1254,-567,16,3,6,10,0,17027,7,18129,231,60,0,1,-1,-2,-7,7,-4,0
"24","Red","Blue","Blue","Red",78,4,4,4,0,15906,6.8,19219,238,67,406,1283,15,3,3,3,0,15500,7,17936,220,64,0,63,1,1,1,18,3,-0.2
"25","Blue","Neither","Neither","Red",33,3,6,10,0,16515,6.8,17223,208,45,-1020,493,18,3,9,13,0,17535,6.6,16730,197,36,0,15,0,-3,-3,11,9,0.2
"26","Red","Red","Neither","Red",17,1,4,4,0,15415,6.2,16047,204,44,-2472,-1067,19,2,8,13,0,17887,7,17114,221,36,0,-2,-1,-4,-9,-17,8,-0.8
"27","Blue","Blue","Neither","Red",18,1,8,9,0,17178,7,17854,209,44,1260,-55,10,3,6,3,0,15918,6.8,17909,233,36,0,8,-2,2,6,-24,8,0.2
"28","Red","Red","Neither","Blue",19,3,7,9,0,17226,7,18982,228,61,1857,2015,14,4,4,2,0,15369,6.6,16967,202,49,0,5,-1,3,7,26,12,0.4
"29","Red","Blue","Neither","Blue",105,5,8,13,0,17474,6.8,17436,217,53,1320,-413,65,3,6,11,0,16154,6.8,17849,223,40,0,40,2,2,2,-6,13,0
"30","Red","Blue","Neither","Red",18,5,3,2,0,14905,6.8,17974,233,52,-3282,-1647,18,3,8,12,0,18187,7.4,19621,225,52,0,0,2,-5,-10,8,0,-0.600000000000001
"31","Blue","Blue","Neither","Blue",22,7,9,10,0,18132,7,18076,228,40,2883,2111,21,4,4,2,0,15249,6.2,15965,227,36,0,1,3,5,8,1,4,0.8
"32","Blue","Blue","Blue","Blue",17,4,5,6,0,16053,6.8,17406,218,51,1703,1696,15,2,2,2,0,14350,6.4,15710,206,48,0,2,2,3,4,12,3,0.399999999999999
"33","Red","Red","Neither","Red",12,3,6,7,0,16438,6.8,16989,203,32,608,-85,19,2,4,4,0,15830,6.8,17074,206,44,0,-7,1,2,3,-3,-12,0
"34","Red","Red","Neither","Blue",15,2,5,4,0,15634,6.8,16355,201,45,71,-359,14,1,4,4,0,15563,6.8,16714,222,38,0,1,1,1,0,-21,7,0
"35","Blue","Red","Neither","Red",40,2,6,4,0,16085,7.4,19076,204,56,275,872,15,1,4,5,0,15810,7.2,18204,223,62,0,25,1,2,-1,-19,-6,0.2
"36","Red","Red","Red","Red",24,3,3,6,0,14981,6.8,17082,235,52,-809,638,17,2,4,7,0,15790,6.8,16444,218,50,0,7,1,-1,-1,17,2,0
"37","Red","Blue","Neither","Red",12,4,2,2,0,15421,7.2,19276,217,84,-2771,-1125,14,2,8,5,0,18192,7.4,20401,234,64,0,-2,2,-6,-3,-17,20,-0.2
"38","Red","Red","Blue","Blue",20,2,5,4,0,15665,6.8,17716,203,48,-1730,-1236,40,4,6,6,0,17395,7,18952,214,67,0,-20,-2,-1,-2,-11,-19,-0.2
"39","Red","Red","Blue","Red",11,3,7,5,0,17528,7.2,19609,234,68,-904,1377,18,1,9,9,0,18432,7,18232,227,40,0,-7,2,-2,-4,7,28,0.2
"40","Red","Red","Blue","Red",18,2,3,3,0,15032,6.6,16832,213,48,-1683,-1363,36,3,6,6,0,16715,7,18195,236,44,0,-18,-1,-3,-3,-23,4,-0.4
"41","Red","Red","Neither","Red",28,3,4,3,0,15483,6.8,17362,222,48,-3025,-1833,41,0,11,16,0,18508,7.2,19195,213,39,0,-13,3,-7,-13,9,9,-0.4
"42","Blue","Neither","Neither","Red",36,1,10,12,0,19226,7.4,20118,231,44,3004,2300,16,2,6,7,0,16222,7,17818,185,39,0,20,-1,4,5,46,5,0.4
"43","Blue","Blue","Neither","Red",18,3,9,14,0,16945,6.8,17806,204,36,1574,761,17,2,6,6,0,15371,6.8,17045,194,54,0,1,1,3,8,10,-18,0
"44","Blue","Neither","Neither","Blue",12,2,5,3,0,15000,6.6,16493,233,16,-1036,-1423,19,1,5,4,0,16036,7,17916,221,44,0,-7,1,0,-1,12,-28,-0.4
"45","Red","Red","Blue","Blue",18,4,3,2,0,15888,7.4,19090,252,60,16,433,39,4,4,2,0,15872,7,18657,243,49,0,-21,0,-1,0,9,11,0.4
"46","Red","Neither","Red","Red",41,0,1,0,0,12925,6.4,15498,187,32,-6386,-4210,12,1,10,6,1,19311,7.2,19708,247,56,-1,29,-1,-9,-6,-60,-24,-0.8
"47","Blue","Neither","Neither","Blue",14,4,11,9,0,19250,7.6,19703,251,48,5096,3310,15,3,2,2,0,14154,6.4,16393,196,53,0,-1,1,9,7,55,-5,1.2
"48","Blue","Blue","Neither","Blue",19,1,8,5,1,18355,7,18790,218,54,2756,1683,13,5,4,5,0,15599,6.8,17107,200,57,1,6,-4,4,0,18,-3,0.2
"49","Blue","Neither","Blue","Red",15,2,2,2,0,13978,6.6,16429,180,44,-977,-1025,12,4,3,1,0,14955,6.8,17454,218,56,0,3,-2,-1,1,-38,-12,-0.2
"50","Red","Neither","Neither","Red",16,1,5,8,0,15851,6.8,17366,206,56,-808,-1655,38,6,5,6,0,16659,7.2,19021,241,44,0,-22,-5,0,2,-35,12,-0.4
"51","Red","Red","Neither","Red",14,0,7,5,0,16474,6.6,17408,209,50,-1559,-407,22,4,9,13,0,18033,6.8,17815,206,53,0,-8,-4,-2,-8,3,-3,-0.2
"52","Blue","Neither","Neither","Red",18,0,6,6,0,16590,7,18284,213,49,544,75,12,1,8,7,0,16046,7,18209,182,44,0,6,-1,-2,-1,31,5,0
"53","Blue","Blue","Blue","Blue",22,4,5,2,0,15737,7,18634,217,53,1381,1017,16,3,2,1,0,14356,7,17617,212,60,0,6,1,3,1,5,-7,0
"54","Blue","Red","Neither","Blue",37,2,5,5,0,16990,7.4,19634,248,54,2031,1449,15,1,3,5,0,14959,7,18185,210,68,0,22,1,2,0,38,-14,0.4
"55","Red","Blue","Neither","Red",14,4,3,2,0,15297,7,19210,246,56,131,370,20,2,3,1,0,15166,7.2,18840,227,64,0,-6,2,0,1,19,-8,-0.2
"56","Red","Red","Blue","Red",16,2,4,4,0,15651,7,17696,224,53,-2699,-2749,30,2,10,11,0,18350,7.4,20445,201,54,0,-14,0,-6,-7,23,-1,-0.4
"57","Red","Blue","Neither","Blue",17,0,5,7,0,15587,6.8,16746,181,63,-1672,-2698,14,0,7,6,0,17259,7.4,19444,218,76,0,3,0,-2,1,-37,-13,-0.600000000000001
"58","Blue","Blue","Neither","Blue",19,3,10,11,0,17777,7.2,18131,213,42,1201,316,18,4,6,5,0,16576,6.8,17815,234,44,0,1,-1,4,6,-21,-2,0.4
"59","Blue","Blue","Blue","Blue",29,3,7,5,0,16426,7,18407,222,55,-108,59,14,4,5,4,0,16534,6.8,18348,247,44,0,15,-1,2,1,-25,11,0.2
"60","Red","Red","Neither","Red",12,0,10,11,1,20278,7.2,19575,236,58,4633,2269,20,1,7,6,0,15645,6.6,17306,182,45,1,-8,-1,3,5,54,13,0.600000000000001
"61","Red","Red","Neither","Red",18,4,2,0,0,13791,6.6,16437,191,62,-2262,-1391,18,3,7,4,0,16053,6.8,17828,218,48,0,0,1,-5,-4,-27,14,-0.2
"62","Red","Red","Neither","Red",24,3,6,5,0,16505,7,17667,208,70,-49,500,17,2,7,10,0,16554,6.8,17167,207,45,0,7,1,-1,-5,1,25,0.2
"63","Blue","Blue","Red","Blue",18,2,6,4,0,17277,7.2,19610,229,54,1687,1089,36,3,4,5,0,15590,7.2,18521,232,56,0,-18,-1,2,-1,-3,-2,0
"64","Blue","Blue","Blue","Blue",122,3,9,10,0,18269,7.2,19659,229,68,3933,2922,14,3,1,1,0,14336,6.4,16737,233,40,0,108,0,8,9,-4,28,0.8
"65","Red","Blue","Neither","Red",12,4,4,3,0,14166,6.6,15959,203,41,-4061,-4397,16,2,10,6,0,18227,7.4,20356,224,72,0,-4,2,-6,-3,-21,-31,-0.800000000000001
"66","Red","Neither","Red","Red",52,2,6,7,0,15456,6.6,16280,188,42,-4920,-3280,15,1,12,11,1,20376,7.4,19560,240,62,-1,37,1,-6,-4,-52,-20,-0.800000000000001
"67","Red","Neither","Neither","Red",19,2,4,2,0,15180,7,17773,210,52,-1705,-1839,11,4,5,1,0,16885,7.2,19612,227,62,0,8,-2,-1,1,-17,-10,-0.2
"68","Red","Blue","Red","Blue",32,4,7,8,0,16179,6.8,16814,212,46,105,-1547,24,5,8,5,0,16074,7,18361,200,42,0,8,-1,-1,3,12,4,-0.2
"69","Blue","Red","Neither","Red",14,0,3,3,0,16026,7,18490,233,57,-554,521,11,1,5,6,0,16580,6.8,17969,234,44,0,3,-1,-2,-3,-1,13,0.2
"70","Red","Red","Neither","Blue",19,5,4,4,0,14850,6.8,17145,198,53,-1037,-1577,18,4,5,5,0,15887,7,18722,241,44,0,1,1,-1,-1,-43,9,-0.2
"71","Red","Red","Blue","Blue",16,2,9,7,0,17347,7,18573,202,62,-1144,480,13,5,8,11,1,18491,7,18093,199,45,-1,3,-3,1,-4,3,17,0
"72","Blue","Red","Neither","Blue",36,0,5,6,0,15887,6.8,17591,200,32,1173,953,12,1,4,3,0,14714,6.6,16638,186,63,0,24,-1,1,3,14,-31,0.2
"73","Red","Red","Neither","Blue",18,2,8,11,0,17399,7,19449,232,44,3194,2534,13,3,2,2,0,14205,6.6,16915,208,51,0,5,-1,6,9,24,-7,0.4
"74","Red","Blue","Neither","Blue",13,3,2,1,0,13828,6.6,16629,204,38,-2622,-1136,12,0,7,7,0,16450,6.8,17765,192,36,0,1,3,-5,-6,12,2,-0.2
"75","Blue","Blue","Red","Blue",15,3,6,4,0,16645,7.2,19110,242,52,1151,470,15,2,4,3,0,15494,7,18640,205,50,0,0,1,2,1,37,2,0.2
"76","Blue","Blue","Blue","Blue",50,4,6,8,0,16248,6.8,17200,200,52,1463,1490,48,2,4,8,0,14785,6.6,15710,169,52,0,2,2,2,0,31,0,0.2
"77","Red","Red","Red","Red",14,2,4,1,0,15310,7,18337,221,52,-1038,-1307,15,2,6,5,0,16348,7.2,19644,226,66,0,-1,0,-2,-4,-5,-14,-0.2
"78","Blue","Neither","Blue","Blue",17,2,8,7,0,16784,6.6,17242,212,40,1424,1060,13,4,4,5,0,15360,6.4,16182,180,61,0,4,-2,4,2,32,-21,0.199999999999999
"79","Blue","Blue","Neither","Red",18,1,13,18,0,19032,7.4,18951,232,44,527,721,12,4,9,5,0,18505,7,18230,216,63,0,6,-3,4,13,16,-19,0.4
"80","Red","Red","Red","Red",17,5,7,12,0,17518,7.2,18342,242,46,1807,932,52,4,6,9,0,15711,6.8,17410,198,60,0,-35,1,1,3,44,-14,0.4
"81","Red","Red","Blue","Blue",43,6,11,12,0,18976,7.4,20326,256,43,2856,1262,16,0,4,6,0,16120,7.2,19064,210,72,0,27,6,7,6,46,-29,0.2
"82","Red","Blue","Red","Red",12,1,6,10,0,16143,6.6,16617,204,56,-964,-2454,13,1,6,3,0,17107,7,19071,241,56,0,-1,0,0,7,-37,0,-0.4
"83","Red","Red","Blue","Red",20,2,7,6,0,15868,7,17111,199,51,-178,524,42,7,8,6,0,16046,6.8,16587,178,47,0,-22,-5,-1,0,21,4,0.2
"84","Blue","Blue","Neither","Red",18,3,9,7,0,17977,7,18162,235,41,705,192,16,0,8,8,0,17272,7,17970,207,44,0,2,3,1,-1,28,-3,0
"85","Blue","Blue","Neither","Red",16,0,10,14,0,18138,7,18159,208,55,908,306,15,1,10,16,0,17230,7,17853,210,44,0,1,-1,0,-2,-2,11,0
"86","Blue","Blue","Blue","Red",14,2,7,12,0,18025,7.2,19864,261,68,3558,3243,25,0,2,3,0,14467,6.8,16621,220,56,0,-11,2,5,9,41,12,0.4
"87","Red","Red","Neither","Red",12,6,1,0,0,14625,6.8,17769,241,56,-1299,-49,53,1,6,3,0,15924,7,17818,218,47,0,-41,5,-5,-3,23,9,-0.2
"88","Blue","Blue","Neither","Red",16,4,5,7,0,15752,6.6,17113,201,48,-1763,-1864,19,2,8,6,0,17515,7.2,18977,248,40,0,-3,2,-3,1,-47,8,-0.600000000000001
"89","Blue","Neither","Neither","Red",15,0,10,12,0,18480,7.4,19565,232,64,2547,2189,12,1,4,4,0,15933,6.6,17376,247,41,0,3,-1,6,8,-15,23,0.800000000000001
"90","Red","Blue","Red","Red",13,3,3,2,0,14995,6.6,16206,210,53,-3685,-3119,20,3,10,13,0,18680,7.4,19325,200,67,0,-7,0,-7,-11,10,-14,-0.800000000000001
"91","Red","Red","Neither","Blue",83,13,7,3,0,15655,6.4,15827,194,25,-3689,-4682,35,2,11,7,0,19344,7.2,20509,216,59,0,48,11,-4,-4,-22,-34,-0.8
"92","Red","Red","Red","Blue",17,4,3,2,0,15562,7.2,18590,236,73,-764,803,33,4,5,6,0,16326,6.8,17787,233,46,0,-16,0,-2,-4,3,27,0.4
"93","Blue","Red","Neither","Blue",16,3,9,5,0,17139,7.2,19137,223,51,3037,2694,14,2,2,2,0,14102,6.6,16443,213,41,0,2,1,7,3,10,10,0.600000000000001
"94","Blue","Red","Neither","Blue",14,4,7,6,1,19229,7.2,18820,257,62,3545,2162,19,3,7,10,0,15684,6.6,16658,145,36,1,-5,1,0,-4,112,26,0.600000000000001
"95","Red","Blue","Neither","Red",14,2,7,10,0,16972,7.2,19060,209,48,-1031,-394,16,4,7,7,0,18003,7.4,19454,255,60,0,-2,-2,0,3,-46,-12,-0.2
"96","Red","Red","Neither","Red",17,1,5,6,0,16249,7,18383,213,59,-1796,-749,16,2,10,15,0,18045,7,19132,214,44,0,1,-1,-5,-9,-1,15,0
"97","Blue","Red","Neither","Blue",16,6,5,9,0,16415,6.8,17645,247,37,1626,747,17,2,4,5,0,14789,7,16898,203,51,0,-1,4,1,4,44,-14,-0.2
"98","Blue","Red","Blue","Red",40,1,6,10,0,18012,7.2,19837,250,70,832,1330,12,1,8,11,0,17180,7,18507,186,48,0,28,0,-2,-1,64,22,0.2
"99","Blue","Blue","Blue","Red",16,0,11,11,0,19294,7.4,20668,242,52,2750,2647,14,2,6,9,0,16544,7,18021,203,52,0,2,-2,5,2,39,0,0.4
"100","Red","Neither","Blue","Red",16,1,5,4,0,15383,6.8,17243,227,28,-1524,-827,11,3,8,11,0,16907,7,18070,186,39,0,5,-2,-3,-7,41,-11,-0.2
"101","Red","Blue","Neither","Blue",16,4,6,2,0,15777,6.6,17401,224,53,-1370,-875,20,2,8,9,0,17147,7,18276,210,36,0,-4,2,-2,-7,14,17,-0.4
"102","Red","Red","Neither","Red",14,3,4,4,0,14805,6.6,17323,209,43,-1506,-412,17,3,6,7,0,16311,7,17735,231,44,0,-3,0,-2,-3,-22,-1,-0.4
"103","Red","Red","Red","Red",13,5,6,2,0,15244,6.6,16787,199,52,-1101,-718,17,4,7,5,0,16345,7,17505,212,40,0,-4,1,-1,-3,-13,12,-0.4
"104","Red","Red","Blue","Red",18,4,8,7,0,17574,7.2,19195,252,44,2774,2207,15,4,3,2,0,14800,6.6,16988,225,47,0,3,0,5,5,27,-3,0.600000000000001
"105","Red","Red","Red","Red",24,0,8,9,0,16655,7,17831,222,44,-1806,-588,13,3,11,13,0,18461,7,18419,215,55,0,11,-3,-3,-4,7,-11,0
"106","Red","Blue","Red","Red",12,5,6,8,0,16855,7,18370,248,44,1265,1248,16,5,4,4,0,15590,6.8,17122,207,52,0,-4,0,2,4,41,-8,0.2
"107","Blue","Red","Neither","Red",17,3,6,4,0,15786,6.6,16995,200,46,-4443,-4140,16,3,14,9,0,20229,7.6,21135,227,66,0,1,0,-8,-5,-27,-20,-1
"108","Red","Red","Neither","Red",19,3,3,1,0,15143,7.2,19080,233,59,-927,967,16,4,5,7,0,16070,7,18113,216,48,0,3,-1,-2,-6,17,11,0.2
"109","Blue","Red","Red","Blue",12,3,9,9,0,17309,7,18904,221,36,1425,728,14,2,5,3,0,15884,6.8,18176,208,44,0,-2,1,4,6,13,-8,0.2
"110","Blue","Blue","Neither","Red",14,3,6,6,0,16416,7.4,19684,211,60,1177,1161,14,0,4,2,0,15239,7,18523,204,71,0,0,3,2,4,7,-11,0.4
"111","Blue","Blue","Red","Blue",19,2,2,2,0,15222,7,17812,231,64,-1586,410,17,5,7,14,0,16808,6.8,17402,211,64,0,2,-3,-5,-12,20,0,0.2
"112","Red","Blue","Blue","Red",16,2,5,3,0,15526,6.8,17629,232,44,-2896,-2081,15,2,10,6,0,18422,7.4,19710,236,76,0,1,0,-5,-3,-4,-32,-0.600000000000001
"113","Blue","Neither","Neither","Red",18,1,12,10,0,17597,6.4,15938,143,48,905,1054,12,3,9,9,0,16692,6.2,14884,181,40,0,6,-2,3,1,-38,8,0.2
"114","Red","Neither","Neither","Blue",17,1,9,17,0,16834,6.2,14815,187,29,-3887,-3392,31,1,17,21,0,20721,7,18207,211,40,0,-14,0,-8,-4,-24,-11,-0.8
"115","Blue","Blue","Neither","Blue",32,2,12,12,0,19058,7.2,19575,202,47,3413,2984,16,2,6,7,0,15645,6.6,16591,210,39,0,16,0,6,5,-8,8,0.600000000000001
"116","Red","Blue","Blue","Blue",16,2,7,5,0,16806,7,18034,228,48,-256,-1580,34,2,9,7,0,17062,7.4,19614,230,52,0,-18,0,-2,-2,-2,-4,-0.4
"117","Blue","Neither","Neither","Blue",19,5,7,7,0,16643,6.8,17554,227,44,-1820,-1412,17,7,10,11,0,18463,7.2,18966,231,45,0,2,-2,-3,-4,-4,-1,-0.4
"118","Blue","Blue","Neither","Blue",14,1,6,12,0,16189,6.8,17737,224,39,625,-534,102,1,4,4,0,15564,7,18271,217,48,0,-88,0,2,8,7,-9,-0.2
"119","Red","Red","Neither","Red",12,2,2,1,0,14095,6.8,17286,196,60,-3628,-2009,14,2,6,4,0,17723,7,19295,266,60,0,-2,0,-4,-3,-70,0,-0.2
"120","Red","Red","Blue","Blue",30,6,5,7,0,16804,6.8,17544,217,67,769,480,16,4,5,6,0,16035,6.4,17064,233,54,0,14,2,0,1,-16,13,0.399999999999999
"121","Red","Blue","Red","Red",18,5,8,8,0,17305,7,18192,229,43,-576,-682,18,3,8,6,0,17881,7,18874,198,66,0,0,2,0,2,31,-23,0
"122","Red","Red","Neither","Red",14,16,3,2,0,14539,6.4,16806,213,40,-3900,-3550,42,2,9,8,0,18439,7.6,20356,255,51,0,-28,14,-6,-6,-42,-11,-1.2
"123","Blue","Blue","Red","Red",14,2,9,10,0,17530,7,18299,192,43,-7,-231,19,2,8,8,0,17537,7.2,18530,209,60,0,-5,0,1,2,-17,-17,-0.2
"124","Blue","Red","Neither","Blue",13,6,10,10,0,18431,7.2,19562,207,44,1683,1433,14,3,7,5,0,16748,7,18129,231,56,0,-1,3,3,5,-24,-12,0.2
"125","Red","Red","Neither","Red",16,4,3,2,0,14032,6.8,16550,193,40,-4782,-3408,17,8,10,11,0,18814,7.4,19958,245,51,0,-1,-4,-7,-9,-52,-11,-0.600000000000001
"126","Blue","Blue","Neither","Blue",38,3,9,11,0,17869,7,17810,205,40,636,-214,14,1,7,9,0,17233,6.8,18024,215,48,0,24,2,2,2,-10,-8,0.2
"127","Blue","Blue","Neither","Red",40,1,7,6,0,15974,6.2,16174,183,37,-3421,-2624,13,4,14,12,0,19395,7.2,18798,219,49,0,27,-3,-7,-6,-36,-12,-1
"128","Blue","Blue","Neither","Red",18,5,5,6,0,16108,7.2,18920,240,61,976,1599,39,3,3,5,0,15132,6.8,17321,230,42,0,-21,2,2,1,10,19,0.4
"129","Red","Neither","Red","Red",40,3,6,6,0,16302,6.8,17297,212,52,-211,-1305,17,4,7,7,0,16513,7.2,18602,211,46,0,23,-1,-1,-1,1,6,-0.4
"130","Blue","Neither","Neither","Red",18,5,7,6,0,16750,6.8,17603,215,52,1221,462,35,3,5,5,0,15529,6.8,17141,197,48,0,-17,2,2,1,18,4,0
"131","Blue","Red","Neither","Red",17,5,7,8,0,16506,7.2,18669,226,36,2037,1291,35,3,1,0,0,14469,6.6,17378,217,80,0,-18,2,6,8,9,-44,0.600000000000001
"132","Blue","Blue","Neither","Blue",15,5,6,11,0,16389,7,17937,241,36,817,-94,38,2,3,3,0,15572,6.8,18031,229,58,0,-23,3,3,8,12,-22,0.2
"133","Blue","Red","Neither","Blue",18,2,4,4,0,15760,7,18295,215,48,-137,-351,15,1,4,1,0,15897,7,18646,227,72,0,3,1,0,3,-12,-24,0
"134","Blue","Blue","Neither","Blue",43,6,4,4,0,15176,6.4,16820,226,33,-1539,-1497,23,9,7,12,0,16715,7.2,18317,205,52,0,20,-3,-3,-8,21,-19,-0.8
"135","Red","Red","Neither","Red",13,5,5,4,0,15196,6.4,16908,191,48,-1707,-1286,62,3,7,10,0,16903,7,18194,216,51,0,-49,2,-2,-6,-25,-3,-0.6
"136","Blue","Blue","Neither","Red",13,1,6,2,0,16250,7,17537,228,55,-556,-235,17,1,9,13,0,16806,6.8,17772,143,60,0,-4,0,-3,-11,85,-5,0.2
"137","Blue","Blue","Red","Blue",20,1,9,15,0,16541,6.6,16779,199,37,-146,-717,12,3,7,8,0,16687,6.8,17496,225,44,0,8,-2,2,7,-26,-7,-0.2
"138","Blue","Red","Blue","Blue",15,1,12,9,0,18657,7.2,19205,227,37,4083,2884,15,2,4,1,0,14574,6.6,16321,191,52,0,0,-1,8,8,36,-15,0.600000000000001
"139","Blue","Red","Neither","Red",17,1,5,6,0,16873,7.2,19105,223,64,1389,1418,38,2,5,7,0,15484,6.8,17687,226,49,0,-21,-1,0,-1,-3,15,0.4
"140","Red","Blue","Red","Red",28,4,3,3,0,14383,6.4,15898,211,55,-890,-528,16,2,4,5,0,15273,6.4,16426,208,44,0,12,2,-1,-2,3,11,0
"141","Red","Neither","Neither","Blue",12,3,4,5,0,14420,6.4,15196,192,32,-2519,-1095,18,3,9,15,0,16939,6.4,16291,194,46,0,-6,0,-5,-10,-2,-14,0
"142","Red","Neither","Neither","Red",87,1,4,4,0,14720,6.2,15031,183,30,-4440,-4020,10,1,15,14,0,19160,7.4,19051,201,51,0,77,0,-11,-10,-18,-21,-1.2
"143","Blue","Red","Red","Blue",15,3,7,7,0,17406,7.2,19761,251,64,1140,705,17,1,6,4,0,16266,7.2,19056,190,56,0,-2,2,1,3,61,8,0
"144","Red","Neither","Neither","Blue",15,4,5,2,0,15210,6.4,15974,172,40,-1656,-1832,13,5,7,3,0,16866,6.8,17806,219,51,0,2,-1,-2,-1,-47,-11,-0.399999999999999
"145","Blue","Red","Red","Red",23,3,10,16,0,17272,6.4,15840,192,40,2171,-261,37,2,5,6,0,15101,6.6,16101,199,40,0,-14,1,5,10,-7,0,-0.199999999999999
"146","Blue","Neither","Neither","Blue",18,1,12,15,0,19358,7.2,19257,206,60,3841,2484,14,2,4,3,0,15517,6.8,16773,216,56,0,4,-1,8,12,-10,4,0.4
"147","Blue","Red","Blue","Red",16,3,4,5,1,16855,6.6,16360,232,40,-885,-2172,37,1,11,15,0,17740,7.2,18532,216,36,1,-21,2,-7,-10,16,4,-0.600000000000001
"148","Red","Blue","Blue","Red",16,2,3,4,0,15209,6.6,16256,191,60,-2752,-2286,17,4,8,9,0,17961,7.2,18542,241,52,0,-1,-2,-5,-5,-50,8,-0.600000000000001
"149","Blue","Neither","Neither","Blue",17,3,13,22,0,19542,7,17935,207,31,2081,466,17,4,9,11,0,17461,7,17469,200,44,0,0,-1,4,11,7,-13,0
"150","Red","Neither","Neither","Blue",15,5,4,4,0,15267,6.6,17321,232,53,453,-19,16,2,3,3,0,14814,6.8,17340,209,51,0,-1,3,1,1,23,2,-0.2
"151","Red","Blue","Red","Blue",15,2,3,3,0,15243,6.6,17194,224,56,830,-1002,40,4,1,1,0,14413,6.8,18196,220,56,0,-25,-2,2,2,4,0,-0.2
"152","Red","Neither","Neither","Red",21,2,8,3,0,16214,6.8,17234,203,48,94,-445,17,4,8,6,0,16120,7,17679,168,48,0,4,-2,0,-3,35,0,-0.2
"153","Red","Blue","Blue","Red",70,2,8,12,0,15976,7,18227,178,56,-722,891,13,1,6,6,0,16698,6.6,17336,232,39,0,57,1,2,6,-54,17,0.4
"154","Red","Red","Blue","Red",18,1,6,10,0,16557,6.8,17632,230,47,-1491,-799,38,5,7,11,0,18048,7,18431,222,53,0,-20,-4,-1,-1,8,-6,-0.2
"155","Red","Red","Red","Red",10,1,6,3,0,16142,6.8,16953,198,59,-3109,-1745,13,1,14,16,0,19251,7,18698,201,37,0,-3,0,-8,-13,-3,22,-0.2
"156","Red","Red","Neither","Blue",15,4,7,9,0,17984,7.2,18708,230,56,537,-477,16,4,11,11,0,17447,7.2,19185,178,51,0,-1,0,-4,-2,52,5,0
"157","Blue","Blue","Blue","Red",15,9,13,10,0,20038,7.8,21588,222,71,4079,5568,39,1,5,6,0,15959,6.6,16020,208,40,0,-24,8,8,4,14,31,1.2
"158","Blue","Neither","Neither","Red",91,3,10,13,1,19571,7.2,18463,213,50,4006,2081,17,1,5,6,0,15565,6.6,16382,210,47,1,74,2,5,7,3,3,0.600000000000001
"159","Red","Red","Red","Blue",18,2,3,4,0,14557,6.4,15128,200,48,-3582,-5395,16,0,10,10,0,18139,7.6,20523,246,63,0,2,2,-7,-6,-46,-15,-1.2
"160","Blue","Red","Neither","Red",16,4,6,5,0,16029,7,18567,205,56,-355,233,19,3,6,5,0,16384,7,18334,224,48,0,-3,1,0,0,-19,8,0
"161","Blue","Neither","Neither","Blue",18,11,7,8,1,18053,6.6,16741,207,46,3464,994,41,1,6,6,0,14589,6.4,15747,178,22,1,-23,10,1,2,29,24,0.199999999999999
"162","Blue","Blue","Red","Blue",16,2,9,9,0,18098,7,18905,225,60,2217,2183,12,1,5,3,0,15881,6.6,16722,229,32,0,4,1,4,6,-4,28,0.4
"163","Blue","Blue","Blue","Blue",13,1,8,9,0,18343,7.2,19519,235,59,3049,1511,13,3,3,2,0,15294,7,18008,234,54,0,0,-2,5,7,1,5,0.2
"164","Blue","Blue","Neither","Red",13,2,5,4,0,15596,7,17998,198,44,-305,-474,25,2,6,7,0,15901,7,18472,199,40,0,-12,0,-1,-3,-1,4,0
"165","Red","Blue","Red","Red",54,3,4,6,0,15812,7,17882,229,53,1325,479,15,3,2,1,0,14487,7,17403,218,54,0,39,0,2,5,11,-1,0
"166","Blue","Red","Neither","Blue",17,2,6,10,0,15947,6.4,16477,221,44,-53,87,14,4,6,9,0,16000,6.4,16390,203,52,0,3,-2,0,1,18,-8,0
"167","Red","Red","Neither","Red",35,1,5,5,0,14997,6.6,16532,196,40,-2865,-1441,16,4,9,7,0,17862,6.8,17973,237,32,0,19,-3,-4,-2,-41,8,-0.2
"168","Red","Red","Neither","Blue",10,1,7,5,0,16463,6.8,17576,215,42,-93,-561,33,0,7,8,0,16556,7,18137,217,40,0,-23,1,0,-3,-2,2,-0.2
"169","Red","Red","Neither","Blue",19,5,6,7,0,16072,6.6,17054,225,46,-420,-1185,15,3,7,10,0,16492,7.2,18239,212,50,0,4,2,-1,-3,13,-4,-0.600000000000001
"170","Blue","Blue","Red","Blue",22,6,7,6,0,19140,7.4,19579,253,64,5008,2355,60,6,3,3,0,14132,6.8,17224,179,45,0,-38,0,4,3,74,19,0.600000000000001
"171","Red","Red","Red","Blue",19,2,4,1,0,14547,6.4,15883,188,53,-2074,-1795,19,3,6,5,0,16621,6.8,17678,196,56,0,0,-1,-2,-4,-8,-3,-0.399999999999999
"172","Blue","Neither","Blue","Red",14,5,5,7,0,15644,6.8,17717,188,63,-3,1013,20,3,4,7,0,15647,6.6,16704,190,48,0,-6,2,1,0,-2,15,0.2
"173","Red","Red","Red","Blue",15,2,5,5,0,15734,7,17911,213,47,-837,-660,21,3,5,7,0,16571,7,18571,249,47,0,-6,-1,0,-2,-36,0,0
"174","Blue","Blue","Red","Blue",38,2,5,6,0,16794,6.8,17320,229,39,510,-747,37,4,5,6,0,16284,7.2,18067,216,55,0,1,-2,0,0,13,-16,-0.4
"175","Red","Blue","Neither","Red",16,3,6,8,0,15930,6.8,17257,200,43,-3549,-2407,14,4,11,12,0,19479,7.4,19664,214,60,0,2,-1,-5,-4,-14,-17,-0.600000000000001
"176","Blue","Red","Neither","Red",17,4,6,6,0,16936,7.2,18646,240,56,272,359,56,2,6,7,0,16664,6.8,18287,199,68,0,-39,2,0,-1,41,-12,0.4
"177","Blue","Neither","Neither","Blue",18,2,9,9,0,17941,7.2,19379,230,51,2187,2189,45,3,5,5,0,15754,7,17190,206,52,0,-27,-1,4,4,24,-1,0.2
"178","Red","Neither","Red","Red",19,6,2,4,0,13698,6.2,15671,222,33,-4907,-2556,18,7,8,11,1,18605,7,18227,242,40,-1,1,-1,-6,-7,-20,-7,-0.8
"179","Blue","Blue","Neither","Blue",14,3,5,3,0,15943,7.4,19262,238,64,63,648,16,1,4,5,0,15880,7,18614,210,64,0,-2,2,1,-2,28,0,0.4
"180","Blue","Red","Blue","Red",17,0,4,6,0,15891,7,18304,222,68,-2132,-484,15,2,8,13,0,18023,7,18788,230,47,0,2,-2,-4,-7,-8,21,0
"181","Red","Red","Blue","Red",12,4,5,5,0,16216,7,19002,211,71,-976,-964,15,2,6,8,0,17192,7.6,19966,222,69,0,-3,2,-1,-3,-11,2,-0.6
"182","Red","Red","Neither","Blue",86,4,3,3,0,14754,6.6,17158,186,62,-1342,-1966,36,6,5,6,0,16096,7.2,19124,218,54,0,50,-2,-2,-3,-32,8,-0.600000000000001
"183","Blue","Blue","Neither","Blue",16,1,8,5,0,16909,7.2,18318,229,40,2304,2532,14,3,2,2,0,14605,6.2,15786,208,44,0,2,-2,6,3,21,-4,1
"184","Blue","Red","Neither","Red",15,6,10,11,0,18858,7.2,19691,218,70,4219,3379,83,3,2,1,0,14639,6.6,16312,219,56,0,-68,3,8,10,-1,14,0.600000000000001
"185","Red","Neither","Neither","Blue",22,7,6,7,0,15952,6.8,17112,180,45,-2049,-2340,46,6,7,9,0,18001,7.2,19452,243,46,0,-24,1,-1,-2,-63,-1,-0.4
"186","Red","Red","Neither","Red",16,4,1,2,0,13286,6.2,15085,187,48,-4179,-3823,20,4,5,4,0,17465,7,18908,236,67,0,-4,0,-4,-2,-49,-19,-0.8
"187","Red","Red","Neither","Red",17,7,6,9,0,16812,7.2,18466,269,40,-66,-1073,19,5,6,3,0,16878,7,19539,245,56,0,-2,2,0,6,24,-16,0.2
"188","Blue","Blue","Blue","Red",16,3,9,13,0,17906,6.8,18001,178,60,510,142,14,1,7,4,0,17396,6.8,17859,215,56,0,2,2,2,9,-37,4,0
"189","Red","Red","Blue","Blue",15,3,4,2,0,16408,7.2,19181,263,53,2591,1567,15,2,3,1,0,13817,6.8,17614,208,35,0,0,1,1,1,55,18,0.4
"190","Red","Red","Neither","Blue",14,1,4,5,0,15056,6.4,16369,198,46,-3772,-3034,13,1,12,20,1,18828,7.4,19403,177,53,-1,1,0,-8,-15,21,-7,-1
"191","Red","Blue","Neither","Blue",25,1,6,11,0,17831,6.8,18269,240,43,965,-878,17,2,6,7,0,16866,7,19147,233,51,0,8,-1,0,4,7,-8,-0.2
"192","Red","Red","Red","Red",11,1,1,1,0,13738,6.6,16678,223,34,-3468,-2158,14,2,5,7,0,17206,7.4,18836,259,70,0,-3,-1,-4,-6,-36,-36,-0.800000000000001
"193","Blue","Neither","Neither","Blue",25,5,14,15,0,20317,7.4,20330,212,54,6153,3916,13,4,3,4,0,14164,6.4,16414,196,45,0,12,1,11,11,16,9,1
"194","Red","Red","Neither","Red",15,0,0,0,0,14091,6.4,16184,233,60,-2216,-2730,56,2,5,8,0,16307,7,18914,229,60,0,-41,-2,-5,-8,4,0,-0.6
"195","Red","Blue","Neither","Red",17,4,6,4,0,16036,6.6,16916,191,39,-2308,-1767,19,6,11,14,0,18344,7.2,18683,206,28,0,-2,-2,-5,-10,-15,11,-0.600000000000001
"196","Blue","Red","Blue","Blue",17,4,6,5,0,17052,6.6,17392,210,54,1917,-179,14,2,6,3,0,15135,7,17571,194,51,0,3,2,0,2,16,3,-0.4
"197","Red","Red","Neither","Red",14,4,4,6,0,16354,7,18778,268,52,-1676,-1759,13,4,7,8,0,18030,7.4,20537,244,84,0,1,0,-3,-2,24,-32,-0.4
"198","Blue","Blue","Neither","Blue",18,1,10,8,0,18297,7.2,19476,242,48,2709,1259,13,0,5,7,0,15588,6.8,18217,214,60,0,5,1,5,1,28,-12,0.4
"199","Red","Red","Neither","Red",17,5,6,5,0,15748,6.6,16524,222,36,-1304,-552,40,6,8,12,0,17052,6.8,17076,216,46,0,-23,-1,-2,-7,6,-10,-0.2
"200","Blue","Blue","Neither","Blue",42,4,8,10,0,17886,7.4,20099,229,59,1824,1409,14,1,5,5,0,16062,7.2,18690,222,60,0,28,3,3,5,7,-1,0.2
"201","Red","Red","Red","Red",17,7,11,15,0,17069,6.6,16703,174,38,229,-45,17,5,8,9,0,16840,6.8,16748,212,44,0,0,2,3,6,-38,-6,-0.2
"202","Blue","Neither","Blue","Red",15,2,4,4,0,16631,7.2,19310,252,57,1507,1667,29,2,4,1,0,15124,7,17643,214,56,0,-14,0,0,3,38,1,0.2
"203","Red","Blue","Neither","Red",12,3,1,3,0,14766,7,18364,231,65,-1787,-1135,17,3,5,4,0,16553,7,19499,235,61,0,-5,0,-4,-1,-4,4,0
"204","Red","Neither","Neither","Red",14,2,8,3,0,17113,7.2,19396,234,49,815,1397,15,2,7,4,0,16298,6.8,17999,182,52,0,-1,0,1,-1,52,-3,0.4
"205","Red","Blue","Neither","Red",13,2,5,6,0,15120,6.6,16713,167,48,-4767,-5061,15,1,14,9,0,19887,7.8,21774,238,44,0,-2,1,-9,-3,-71,4,-1.2
"206","Red","Red","Neither","Red",13,3,4,6,0,15339,6.6,16302,221,43,-1861,-2532,15,4,6,10,0,17200,7,18834,262,64,0,-2,-1,-2,-4,-41,-21,-0.4
"207","Red","Blue","Neither","Red",68,0,1,1,0,13438,5.8,14164,174,53,-7655,-4485,15,4,14,18,1,21093,7,18649,234,29,-1,53,-4,-13,-17,-60,24,-1.2
"208","Blue","Neither","Neither","Red",20,1,4,3,0,15582,6.8,17281,212,56,-2058,-2051,12,6,9,11,0,17640,7.2,19332,224,54,0,8,-5,-5,-8,-12,2,-0.4
"209","Blue","Blue","Neither","Red",16,3,5,7,0,15441,6.6,17550,201,52,-575,-208,18,1,5,3,0,16016,6.8,17758,213,64,0,-2,2,0,4,-12,-12,-0.2
"210","Red","Neither","Blue","Blue",12,2,4,2,0,16002,7.2,18467,245,61,1765,701,15,0,2,1,0,14237,6.8,17766,212,58,0,-3,2,2,1,33,3,0.4
"211","Red","Red","Blue","Blue",13,5,5,8,0,16009,6.8,18033,220,40,540,269,15,2,5,8,0,15469,6.8,17764,185,54,0,-2,3,0,0,35,-14,0
"212","Blue","Red","Neither","Red",16,3,12,15,0,18106,6.6,16668,186,48,862,-442,17,4,9,11,0,17244,6.8,17110,204,48,0,-1,-1,3,4,-18,0,-0.2
"213","Blue","Blue","Neither","Blue",35,3,6,9,0,16501,6.6,18428,221,44,2761,1659,15,1,2,1,0,13740,6.6,16769,201,40,0,20,2,4,8,20,4,0
"214","Red","Red","Neither","Red",14,2,3,3,0,15505,6.8,17721,227,61,-1249,-853,84,4,8,5,0,16754,7.2,18574,214,44,0,-70,-2,-5,-2,13,17,-0.4
"215","Blue","Red","Neither","Red",35,2,5,3,0,16195,7,19145,244,60,-75,655,17,4,5,5,0,16270,7,18490,217,52,0,18,-2,0,-2,27,8,0
"216","Blue","Blue","Neither","Blue",18,3,14,12,0,20294,6.8,18459,230,48,5805,4777,17,1,5,6,0,14489,5.8,13682,178,28,0,1,2,9,6,52,20,1
"217","Red","Red","Blue","Red",22,4,5,3,0,15475,7,18145,198,59,-810,-305,13,5,7,11,0,16285,7,18450,212,52,0,9,-1,-2,-8,-14,7,0
"218","Red","Neither","Blue","Blue",124,3,5,6,0,16243,7,18154,225,51,1034,706,17,4,4,2,0,15209,6.8,17448,227,47,0,107,-1,1,4,-2,4,0.2
"219","Blue","Neither","Red","Blue",18,1,3,2,0,15065,6.6,17137,231,50,-2595,-2856,17,8,7,6,0,17660,7.4,19993,260,51,0,1,-7,-4,-4,-29,-1,-0.800000000000001
"220","Blue","Red","Neither","Red",22,5,1,3,0,14359,6.8,17258,228,55,-334,-73,16,1,2,1,0,14693,6.6,17331,223,48,0,6,4,-1,2,5,7,0.2
"221","Blue","Blue","Blue","Blue",13,3,11,8,1,19377,7.4,20008,233,44,3806,2161,15,0,4,4,0,15571,7,17847,231,44,1,-2,3,7,4,2,0,0.4
"222","Red","Neither","Neither","Red",34,3,2,2,0,14135,6.8,17185,220,37,-2711,-2547,13,2,7,7,0,16846,7.2,19732,230,58,0,21,1,-5,-5,-10,-21,-0.4
"223","Blue","Neither","Neither","Blue",24,1,8,8,0,17448,6.8,18315,242,48,2551,1754,17,1,4,7,0,14897,6.6,16561,195,46,0,7,0,4,1,47,2,0.2
"224","Red","Blue","Neither","Blue",50,12,6,9,0,15958,6.6,17693,213,48,66,-446,37,3,3,3,0,15892,6.8,18139,254,60,0,13,9,3,6,-41,-12,-0.2
"225","Red","Blue","Neither","Red",16,3,10,13,0,18287,7.2,18402,213,52,2242,727,36,1,5,3,0,16045,6.8,17675,225,47,0,-20,2,5,10,-12,5,0.4
"226","Red","Neither","Blue","Red",13,2,2,2,0,15534,7,17975,252,51,-893,-213,13,4,5,8,0,16427,7,18188,231,44,0,0,-2,-3,-6,21,7,0
"227","Red","Red","Neither","Red",33,1,2,2,0,14935,7,17703,230,56,-1208,-152,17,1,5,8,0,16143,7,17855,248,43,0,16,0,-3,-6,-18,13,0
"228","Blue","Red","Neither","Red",13,3,12,11,0,19331,7.2,19387,255,50,4003,2566,17,1,4,5,0,15328,6.8,16821,215,50,0,-4,2,8,6,40,0,0.4
"229","Blue","Blue","Neither","Red",17,3,8,7,0,17131,7.4,19719,240,43,819,2149,13,5,6,9,0,16312,7,17570,206,52,0,4,-2,2,-2,34,-9,0.4
"230","Blue","Neither","Red","Blue",78,4,9,10,0,17983,7,18340,230,52,4009,1935,18,0,3,1,0,13974,6.6,16405,183,49,0,60,4,6,9,47,3,0.4
"231","Red","Blue","Neither","Red",16,2,5,5,0,16842,7,18443,221,58,-259,-1001,16,4,6,6,0,17101,7.4,19444,247,64,0,0,-2,-1,-1,-26,-6,-0.4
"232","Red","Neither","Neither","Blue",22,2,9,13,0,17569,6.8,17101,212,40,1728,-738,11,2,6,7,0,15841,7,17839,180,56,0,11,0,3,6,32,-16,-0.2
"233","Red","Red","Blue","Red",15,5,5,3,0,15882,6.8,16956,241,48,474,393,15,2,5,6,0,15408,6.4,16563,207,36,0,0,3,0,-3,34,12,0.399999999999999
"234","Red","Neither","Neither","Blue",19,2,9,8,0,17049,6.8,17241,202,41,1863,328,17,2,3,5,0,15186,6.8,16913,204,58,0,2,0,6,3,-2,-17,0
"235","Red","Red","Neither","Red",40,4,1,1,0,13556,6.8,16451,200,48,-3846,-2306,17,5,7,7,0,17402,7.2,18757,253,52,0,23,-1,-6,-6,-53,-4,-0.4
"236","Red","Red","Neither","Red",13,1,1,1,0,14692,7,18342,227,47,-2373,-1592,17,1,3,5,0,17065,7.2,19934,250,76,0,-4,0,-2,-4,-23,-29,-0.2
"237","Blue","Blue","Neither","Red",15,2,8,10,0,17000,6.6,16417,204,49,218,-204,14,5,7,5,0,16782,6.8,16621,209,55,0,1,-3,1,5,-5,-6,-0.2
"238","Blue","Neither","Neither","Blue",31,2,6,7,0,17200,7.2,18984,235,59,2208,1929,20,1,4,5,0,14992,6.6,17055,215,40,0,11,1,2,2,20,19,0.600000000000001
"239","Red","Blue","Neither","Red",44,2,5,2,0,15409,7.2,18408,217,64,-1440,-373,17,4,7,9,0,16849,7.2,18781,241,52,0,27,-2,-2,-7,-24,12,0
"240","Red","Blue","Neither","Red",27,2,10,13,0,17283,6.4,16235,184,36,-845,-1743,14,5,12,7,0,18128,6.8,17978,208,68,0,13,-3,-2,6,-24,-32,-0.399999999999999
"241","Red","Red","Neither","Red",16,0,5,5,0,15477,6.4,15965,173,47,-2635,-2694,12,3,9,12,0,18112,7,18659,241,43,0,4,-3,-4,-7,-68,4,-0.6
"242","Blue","Blue","Blue","Red",54,4,6,8,0,16763,7,18897,224,51,2817,2414,37,3,1,1,0,13946,6.4,16483,207,56,0,17,1,5,7,17,-5,0.6
"243","Blue","Blue","Blue","Red",13,3,9,4,0,18434,7.4,20263,223,70,2812,2497,16,2,5,3,0,15622,7.2,17766,226,55,0,-3,1,4,1,-3,15,0.2
"244","Red","Red","Neither","Red",17,3,1,2,0,13731,6.6,16666,218,44,-3864,-2759,24,4,6,10,0,17595,7.2,19425,263,48,0,-7,-1,-5,-8,-45,-4,-0.600000000000001
"245","Blue","Blue","Neither","Red",14,2,5,6,0,17251,7.4,19984,233,76,334,955,16,2,6,5,0,16917,7,19029,230,60,0,-2,0,-1,1,3,16,0.4
"246","Blue","Blue","Neither","Blue",12,2,7,5,0,17051,7,18864,246,44,1909,2436,16,0,6,8,0,15142,6.4,16428,196,40,0,-4,2,1,-3,50,4,0.6
"247","Red","Neither","Neither","Blue",14,1,7,6,0,16346,7,18557,209,44,-346,-358,33,1,7,7,0,16692,7.2,18915,182,67,0,-19,0,0,-1,27,-23,-0.2
"248","Blue","Red","Neither","Blue",24,3,14,14,0,21095,7.6,21242,249,67,5802,5396,13,5,4,5,0,15293,6.2,15846,186,44,0,11,-2,10,9,63,23,1.4
"249","Blue","Blue","Neither","Blue",14,1,6,3,0,16434,7,18641,228,47,1085,1048,12,2,4,2,0,15349,6.6,17593,220,48,0,2,-1,2,1,8,-1,0.4
"250","Red","Blue","Neither","Blue",36,2,4,2,0,15834,6.8,18362,197,56,-2383,-1807,16,1,11,7,0,18217,7.4,20169,182,59,0,20,1,-7,-5,15,-3,-0.600000000000001
"251","Blue","Neither","Blue","Red",40,7,8,9,0,16968,7,18900,214,45,306,1895,25,4,9,10,0,16662,6.6,17005,208,33,0,15,3,-1,-1,6,12,0.4
"252","Red","Red","Neither","Blue",19,2,5,7,0,15949,6.8,17005,209,51,-1568,-1850,19,5,7,8,0,17517,7.2,18855,215,71,0,0,-3,-2,-1,-6,-20,-0.4
"253","Blue","Blue","Red","Red",17,3,5,3,0,16056,6.8,17578,234,56,-1419,-1156,39,2,7,13,0,17475,7,18734,227,52,0,-22,1,-2,-10,7,4,-0.2
"254","Blue","Red","Blue","Blue",27,5,10,8,0,18392,6.8,18818,222,52,2263,1634,18,1,6,5,0,16129,6.4,17184,213,60,0,9,4,4,3,9,-8,0.399999999999999
"255","Blue","Red","Neither","Blue",17,4,6,9,0,16415,7.2,18271,230,43,1374,1225,17,4,2,2,0,15041,6.8,17046,217,51,0,0,0,4,7,13,-8,0.4
"256","Blue","Blue","Neither","Red",18,5,14,21,0,19948,7.4,20064,220,56,4301,3444,66,2,4,4,0,15647,6.6,16620,205,60,0,-48,3,10,17,15,-4,0.800000000000001
"257","Blue","Neither","Neither","Blue",13,0,9,6,0,18189,7,19191,220,54,3905,3713,15,3,4,3,0,14284,6.2,15478,181,52,0,-2,-3,5,3,39,2,0.8
"258","Blue","Red","Neither","Red",15,2,3,4,0,14398,6.6,15990,194,42,-2919,-2318,16,2,8,9,0,17317,7,18308,207,51,0,-1,0,-5,-5,-13,-9,-0.4
"259","Blue","Blue","Neither","Blue",22,2,6,8,0,17359,7.4,20592,265,59,2923,2787,15,7,0,0,0,14436,6.8,17805,242,48,0,7,-5,6,8,23,11,0.600000000000001
"260","Red","Red","Red","Red",19,2,4,3,0,15817,6.8,17535,210,55,-1059,-951,15,4,7,9,0,16876,7,18486,214,49,0,4,-2,-3,-6,-4,6,-0.2
"261","Red","Red","Blue","Red",12,0,3,3,0,15861,7,19121,270,52,-406,-14,14,1,5,7,0,16267,7,19135,235,56,0,-2,-1,-2,-4,35,-4,0
"262","Blue","Blue","Neither","Red",16,1,7,7,0,16355,7,18991,238,43,1143,1251,11,0,3,2,0,15212,7,17740,216,59,0,5,1,4,5,22,-16,0
"263","Blue","Red","Neither","Red",57,3,11,13,0,18333,7,18622,225,56,736,266,15,2,9,9,0,17597,7.2,18356,205,44,0,42,1,2,4,20,12,-0.2
"264","Red","Red","Neither","Blue",10,0,2,3,0,14562,6.8,16952,196,68,-4816,-3750,12,1,11,12,0,19378,7.4,20702,259,48,0,-2,-1,-9,-9,-63,20,-0.600000000000001
"265","Blue","Blue","Blue","Red",18,4,11,13,0,19677,7.6,20488,236,57,3977,3949,36,5,6,12,0,15700,6.4,16539,208,32,0,-18,-1,5,1,28,25,1.2
"266","Blue","Red","Neither","Red",18,5,11,14,0,18793,7,18395,217,37,3026,3357,20,2,7,8,0,15767,6.4,15038,174,37,0,-2,3,4,6,43,0,0.6
"267","Red","Blue","Neither","Red",22,3,4,0,0,14276,6.8,16422,190,51,-4262,-2426,16,2,12,14,0,18538,7.2,18848,224,40,0,6,1,-8,-14,-34,11,-0.4
"268","Red","Red","Blue","Blue",18,1,4,4,1,16808,6.8,17831,227,46,2476,772,15,2,1,0,0,14332,6.8,17059,248,53,1,3,-1,3,4,-21,-7,0
"269","Red","Red","Red","Red",15,2,3,3,0,15002,6.6,16448,217,41,-3545,-3206,39,2,9,10,0,18547,7.4,19654,224,55,0,-24,0,-6,-7,-7,-14,-0.800000000000001
"270","Red","Red","Blue","Red",16,3,4,5,0,14354,6.4,15677,173,49,-4324,-2979,30,3,9,13,0,18678,7,18656,213,55,0,-14,0,-5,-8,-40,-6,-0.6
"271","Blue","Blue","Neither","Red",11,3,5,6,0,15926,7.2,19262,223,63,-496,-837,9,2,6,5,0,16422,7.4,20099,218,46,0,2,1,-1,1,5,17,-0.2
"272","Red","Red","Neither","Red",18,3,3,5,0,14742,6.6,16162,241,38,-1620,-1442,17,2,5,6,0,16362,7,17604,226,62,0,1,1,-2,-1,15,-24,-0.4
"273","Blue","Red","Neither","Blue",18,3,6,8,0,16481,6.8,17069,201,48,-1334,-1607,14,4,10,12,0,17815,7.2,18676,198,44,0,4,-1,-4,-4,3,4,-0.4
"274","Red","Neither","Neither","Blue",39,1,9,5,0,16307,7,17660,194,32,-796,-217,18,6,8,10,0,17103,6.8,17877,215,44,0,21,-5,1,-5,-21,-12,0.2
"275","Blue","Blue","Neither","Blue",39,3,6,3,0,16569,7.2,19120,238,44,1398,1804,17,18,2,3,0,15171,6.6,17316,233,60,0,22,-15,4,0,5,-16,0.600000000000001
"276","Blue","Neither","Neither","Blue",17,4,5,5,0,17322,7,19067,229,63,3005,1938,18,2,3,4,0,14317,6.4,17129,197,32,0,-1,2,2,1,32,31,0.6
"277","Red","Neither","Neither","Blue",18,4,3,2,0,14711,6.8,16559,222,40,-3156,-3287,18,4,8,6,0,17867,7.2,19846,238,54,0,0,0,-5,-4,-16,-14,-0.4
"278","Blue","Blue","Blue","Red",21,2,3,3,0,16009,7.2,18511,268,55,-473,383,16,6,5,7,0,16482,6.8,18128,246,46,0,5,-4,-2,-4,22,9,0.4
"279","Red","Neither","Red","Red",14,4,5,4,0,15102,6.4,16437,196,36,-3397,-2282,22,2,10,12,0,18499,7,18719,225,49,0,-8,2,-5,-8,-29,-13,-0.6
"280","Red","Red","Neither","Red",40,4,6,5,0,15499,6.8,17298,222,28,-1937,-1514,13,5,9,12,0,17436,7,18812,204,59,0,27,-1,-3,-7,18,-31,-0.2
"281","Blue","Neither","Neither","Blue",37,6,10,10,0,18456,7.2,19319,218,48,3765,2661,15,2,4,3,0,14691,6.8,16658,193,47,0,22,4,6,7,25,1,0.4
"282","Red","Blue","Red","Blue",13,2,5,5,0,15767,7,17413,224,52,384,-690,16,3,2,3,0,15383,7,18103,250,48,0,-3,-1,3,2,-26,4,0
"283","Blue","Blue","Neither","Blue",16,1,11,12,0,18890,7.2,19229,223,40,2708,682,16,4,5,4,0,16182,7.2,18547,230,47,0,0,-3,6,8,-7,-7,0
"284","Red","Neither","Neither","Blue",15,4,4,3,0,14901,7,17696,209,42,-2427,-1462,16,0,8,7,0,17328,7.2,19158,224,52,0,-1,4,-4,-4,-15,-10,-0.2
"285","Blue","Blue","Neither","Blue",18,2,6,7,0,16785,7.4,19346,245,45,1901,684,48,1,3,2,0,14884,7,18662,211,68,0,-30,1,3,5,34,-23,0.4
"286","Blue","Blue","Red","Red",37,0,10,15,0,18786,7.2,18509,235,60,2480,1699,15,1,5,8,0,16306,6.8,16810,221,40,0,22,-1,5,7,14,20,0.4
"287","Red","Red","Blue","Red",16,2,1,2,0,14727,6.6,16272,219,52,-3581,-2467,14,6,10,15,0,18308,7,18739,248,31,0,2,-4,-9,-13,-29,21,-0.4
"288","Blue","Blue","Blue","Blue",35,4,10,14,0,18009,7.2,18763,200,55,2911,1378,15,3,5,5,0,15098,6.8,17385,212,52,0,20,1,5,9,-12,3,0.4
"289","Red","Red","Blue","Red",16,3,1,2,0,14526,6.8,17366,224,50,-1245,-1370,16,4,4,4,0,15771,7,18736,241,53,0,0,-1,-3,-2,-17,-3,-0.2
"290","Red","Blue","Red","Red",15,2,8,8,0,16627,6.8,17397,212,50,166,-497,14,0,6,6,0,16461,7,17894,209,53,0,1,2,2,2,3,-3,-0.2
"291","Red","Neither","Neither","Red",14,6,1,1,0,13075,6.4,15488,169,56,-6309,-3115,19,1,6,5,1,19384,7.2,18603,270,48,-1,-5,5,-5,-4,-101,8,-0.8
"292","Red","Red","Neither","Red",16,1,5,4,0,16105,6.8,17502,214,35,-2047,-2555,141,1,11,5,0,18152,7.6,20057,208,52,0,-125,0,-6,-1,6,-17,-0.8
"293","Red","Red","Neither","Blue",15,2,3,6,0,14782,6.8,16677,213,49,-1464,-1509,19,1,4,4,0,16246,7,18186,238,56,0,-4,1,-1,2,-25,-7,-0.2
"294","Blue","Blue","Blue","Blue",13,3,5,4,0,15889,7,18189,217,52,874,-302,39,2,3,4,0,15015,7.2,18491,215,52,0,-26,1,2,0,2,0,-0.2
"295","Red","Blue","Neither","Blue",18,10,2,3,0,15158,6.8,17387,250,43,-627,183,45,8,5,9,0,15785,6.8,17204,243,24,0,-27,2,-3,-6,7,19,0
"296","Red","Neither","Neither","Red",16,3,3,4,0,15073,6.8,17578,227,54,-334,-292,12,3,3,3,0,15407,6.8,17870,251,46,0,4,0,0,1,-24,8,0
"297","Red","Blue","Neither","Blue",19,2,7,5,0,17125,7.2,18785,240,52,449,1210,16,3,8,13,0,16676,7,17575,177,48,0,3,-1,-1,-8,63,4,0.2
"298","Red","Neither","Neither","Red",17,4,6,6,0,16377,6.6,16818,209,49,-780,-73,24,2,9,14,0,17157,6.6,16891,200,32,0,-7,2,-3,-8,9,17,0
"299","Red","Neither","Blue","Red",20,4,4,4,0,15888,7.4,18421,234,65,-205,1064,18,2,6,7,0,16093,7,17357,217,32,0,2,2,-2,-3,17,33,0.4
"300","Red","Neither","Neither","Red",16,4,2,3,0,14414,6.8,17356,226,60,-1731,-1585,16,0,3,3,0,16145,7,18941,268,56,0,0,4,-1,0,-42,4,-0.2
"301","Red","Blue","Neither","Red",34,2,10,9,0,18329,7,18315,219,53,947,-188,47,3,9,11,0,17382,7.2,18503,194,48,0,-13,-1,1,-2,25,5,-0.2
"302","Red","Red","Neither","Blue",16,3,6,10,0,16245,6.8,16720,215,34,-713,-1111,18,3,7,5,0,16958,6.8,17831,207,47,0,-2,0,-1,5,8,-13,0
"303","Blue","Blue","Neither","Blue",15,1,3,2,0,16120,6.8,17683,223,56,1171,-1140,13,2,4,3,0,14949,7.2,18823,207,46,0,2,-1,-1,-1,16,10,-0.4
"304","Red","Red","Neither","Blue",10,1,5,8,0,15548,6.4,16604,191,52,-459,-307,16,2,7,9,0,16007,6.8,16911,196,40,0,-6,-1,-2,-1,-5,12,-0.399999999999999
"305","Blue","Red","Neither","Blue",19,3,8,12,0,17432,7.2,18495,209,44,2673,1388,11,2,2,4,0,14759,6.6,17107,216,64,0,8,1,6,8,-7,-20,0.600000000000001
"306","Blue","Blue","Neither","Blue",18,4,9,10,0,16922,6.8,17350,207,36,-251,-1675,15,3,7,3,0,17173,7.2,19025,221,48,0,3,1,2,7,-14,-12,-0.4
"307","Red","Red","Red","Blue",29,2,5,5,0,16142,7.2,18818,245,49,534,634,15,4,2,2,0,15608,6.8,18184,277,58,0,14,-2,3,3,-32,-9,0.4
"308","Red","Blue","Neither","Red",14,3,2,2,0,14630,6.6,17694,211,60,-4005,-2248,14,5,8,7,0,18635,7.4,19942,271,47,0,0,-2,-6,-5,-60,13,-0.800000000000001
"309","Blue","Blue","Blue","Blue",15,2,2,1,0,15131,7,18134,239,64,-318,86,17,3,4,5,0,15449,6.8,18048,216,44,0,-2,-1,-2,-4,23,20,0.2
"310","Red","Red","Blue","Blue",12,2,8,7,0,17697,7.2,18512,203,59,2682,2118,15,0,5,5,0,15015,6.6,16394,165,50,0,-3,2,3,2,38,9,0.600000000000001
"311","Red","Blue","Neither","Blue",15,5,4,5,0,16116,7,17653,244,47,2092,1763,13,2,3,2,0,14024,6.4,15890,191,48,0,2,3,1,3,53,-1,0.6
"312","Blue","Neither","Neither","Red",18,1,10,9,0,18485,7.4,19949,228,52,2300,2148,16,3,7,6,0,16185,7.2,17801,187,43,0,2,-2,3,3,41,9,0.2
"313","Blue","Blue","Neither","Blue",15,2,6,4,0,16980,7,18593,241,44,2642,1346,16,3,3,5,0,14338,6.6,17247,188,54,0,-1,-1,3,-1,53,-10,0.4
"314","Blue","Red","Neither","Blue",14,2,5,6,0,17066,6.8,17494,236,46,2833,220,12,0,4,2,0,14233,7,17274,172,67,0,2,2,1,4,64,-21,-0.2
"315","Red","Red","Neither","Blue",14,3,8,9,0,17202,6.6,17447,214,40,-336,-1059,14,0,8,9,0,17538,7,18506,214,71,0,0,3,0,0,0,-31,-0.4
"316","Red","Blue","Neither","Red",15,2,1,2,0,14702,6.6,16461,214,55,-5136,-3713,14,3,8,7,1,19838,7.6,20174,289,46,-1,1,-1,-7,-5,-75,9,-1
"317","Blue","Neither","Neither","Red",14,2,13,11,0,18692,7.4,19886,238,40,1872,3579,13,2,7,11,0,16820,6.6,16307,215,36,0,1,0,6,0,23,4,0.800000000000001
"318","Red","Blue","Red","Red",16,4,11,13,0,18549,6.8,16837,182,56,-1048,-450,15,4,13,17,1,19597,6.8,17287,201,40,-1,1,0,-2,-4,-19,16,0
"319","Blue","Blue","Neither","Red",15,2,4,3,0,15859,7.2,18390,242,59,-88,-932,41,2,5,10,0,15947,7.2,19322,222,61,0,-26,0,-1,-7,20,-2,0
"320","Blue","Neither","Neither","Red",15,2,4,5,0,16044,7,18226,224,56,-1427,-1008,18,2,9,6,0,17471,7.2,19234,243,28,0,-3,0,-5,-1,-19,28,-0.2
"321","Blue","Neither","Blue","Red",17,2,8,6,0,15941,6.8,16613,180,37,-2440,-1603,14,5,11,15,0,18381,6.8,18216,219,40,0,3,-3,-3,-9,-39,-3,0
"322","Red","Red","Neither","Blue",23,2,5,4,0,15675,6.6,16844,229,39,-1614,-2256,14,3,9,12,0,17289,7.2,19100,215,56,0,9,-1,-4,-8,14,-17,-0.600000000000001
"323","Blue","Blue","Neither","Red",15,5,4,2,0,15682,6.8,17438,234,60,-1075,73,19,2,7,6,0,16757,6.8,17365,213,51,0,-4,3,-3,-4,21,9,0
"324","Blue","Blue","Blue","Blue",56,2,7,7,0,15843,6.8,17154,190,44,-1799,-1304,17,3,8,15,0,17642,6.8,18458,196,48,0,39,-1,-1,-8,-6,-4,0
"325","Blue","Blue","Neither","Blue",16,3,12,11,0,18248,7.4,19855,201,48,3296,3231,12,0,3,3,0,14952,6.4,16624,201,47,0,4,3,9,8,0,1,1
"326","Blue","Red","Neither","Red",13,4,4,3,0,15333,7,18073,201,68,-1942,57,18,3,7,5,0,17275,6.8,18016,236,48,0,-5,1,-3,-2,-35,20,0.2
"327","Blue","Blue","Neither","Blue",17,6,8,10,0,17496,7.2,18253,246,31,2013,247,16,4,4,3,0,15483,7,18006,229,60,0,1,2,4,7,17,-29,0.2
"328","Blue","Blue","Blue","Blue",14,6,12,15,0,19809,7,18530,221,52,3574,1210,22,2,8,11,0,16235,6.8,17320,166,45,0,-8,4,4,4,55,7,0.2
"329","Blue","Blue","Red","Blue",21,5,13,9,0,19329,7,19021,246,36,6000,5033,36,3,3,5,0,13329,6,13988,142,56,0,-15,2,10,4,104,-20,1
"330","Red","Neither","Red","Red",22,3,5,2,1,15600,6.2,14986,193,36,-3128,-2320,15,6,9,9,1,18728,6.8,17306,232,46,0,7,-3,-4,-7,-39,-10,-0.6
"331","Blue","Blue","Blue","Red",15,4,4,1,0,16292,7.2,18889,274,50,1229,1059,18,2,4,2,0,15063,7,17830,220,50,0,-3,2,0,-1,54,0,0.2
"332","Red","Red","Blue","Blue",22,6,5,6,0,17677,7,18225,269,51,1285,1300,18,5,10,9,0,16392,6.6,16925,173,44,0,4,1,-5,-3,96,7,0.4
"333","Red","Red","Neither","Red",38,2,5,6,0,15141,6.8,17635,176,48,-3274,-1385,12,15,10,8,0,18415,7.2,19020,238,36,0,26,-13,-5,-2,-62,12,-0.4
"334","Red","Red","Neither","Red",15,4,5,1,0,14897,7,17306,212,47,-1770,325,16,2,8,9,0,16667,6.8,16981,191,46,0,-1,2,-3,-8,21,1,0.2
"335","Blue","Blue","Neither","Blue",46,0,8,14,0,17520,7,18610,211,55,1892,890,11,2,3,4,0,15628,6.8,17720,250,52,0,35,-2,5,10,-39,3,0.2
"336","Red","Neither","Neither","Blue",17,3,8,9,0,17164,7,18932,222,55,525,902,17,0,7,7,0,16639,6.8,18030,215,55,0,0,3,1,2,7,0,0.2
"337","Red","Blue","Neither","Blue",12,5,5,8,0,15999,6.6,17033,234,44,-415,-498,16,1,6,8,0,16414,7,17531,226,48,0,-4,4,-1,0,8,-4,-0.4
"338","Blue","Red","Neither","Red",10,2,2,1,0,14542,6.8,17517,234,48,-1751,-1585,15,1,6,4,0,16293,7,19102,229,56,0,-5,1,-4,-3,5,-8,-0.2
"339","Blue","Red","Blue","Blue",12,2,14,10,1,20225,6.6,17976,194,50,4453,2458,17,2,6,6,0,15772,6.6,15518,189,40,1,-5,0,8,4,5,10,0
"340","Red","Blue","Neither","Blue",17,2,11,10,0,18203,7,18175,199,56,1393,441,29,4,6,2,0,16810,6.8,17734,224,52,0,-12,-2,5,8,-25,4,0.2
"341","Blue","Blue","Blue","Red",18,3,6,4,0,16787,7.2,18618,253,52,534,154,17,3,5,10,0,16253,7.2,18464,197,75,0,1,0,1,-6,56,-23,0
"342","Red","Red","Neither","Blue",19,3,2,2,0,14959,6.8,16588,226,54,-3301,-2246,16,2,11,18,0,18260,7.4,18834,203,53,0,3,1,-9,-16,23,1,-0.600000000000001
"343","Blue","Blue","Blue","Red",17,0,4,4,0,15132,6.8,16489,190,64,-2022,-2023,14,2,7,7,0,17154,7.2,18512,242,44,0,3,-2,-3,-3,-52,20,-0.4
"344","Red","Red","Neither","Red",14,2,3,4,0,16354,7,17848,252,46,176,-172,51,3,6,7,0,16178,6.8,18020,202,55,0,-37,-1,-3,-3,50,-9,0.2
"345","Red","Red","Blue","Red",13,3,2,2,0,14652,6.8,17192,205,52,-458,-559,14,0,5,3,0,15110,6.8,17751,210,52,0,-1,3,-3,-1,-5,0,0
"346","Red","Red","Neither","Blue",30,13,4,7,0,15331,6.8,17540,182,61,676,-576,64,4,2,1,0,14655,7.2,18116,216,54,0,-34,9,2,6,-34,7,-0.4
"347","Blue","Blue","Red","Red",18,6,6,5,0,17002,7.2,18755,218,71,2536,3339,14,3,4,0,0,14466,6.4,15416,210,35,0,4,3,2,5,8,36,0.8
"348","Blue","Neither","Red","Red",53,4,7,10,0,16308,6.8,16771,189,44,-1751,-2784,40,1,11,9,0,18059,7.4,19555,200,58,0,13,3,-4,1,-11,-14,-0.600000000000001
"349","Blue","Red","Red","Red",17,2,7,9,0,16282,6.8,16826,198,45,-1516,-1467,16,4,10,10,0,17798,6.8,18293,201,47,0,1,-2,-3,-1,-3,-2,0
"350","Red","Neither","Neither","Blue",14,2,3,3,0,14110,6.4,15832,162,48,-2566,-2246,15,2,7,3,0,16676,6.8,18078,228,47,0,-1,0,-4,0,-66,1,-0.399999999999999
"351","Red","Red","Neither","Blue",85,3,4,5,0,15426,7,17467,226,47,-2023,-2678,16,2,8,4,0,17449,7.4,20145,251,60,0,69,1,-4,1,-25,-13,-0.4
"352","Red","Neither","Blue","Red",14,2,5,4,0,15983,6.8,17562,222,51,-276,179,16,3,6,8,0,16259,6.8,17383,189,48,0,-2,-1,-1,-4,33,3,0
"353","Blue","Blue","Blue","Blue",18,4,7,5,0,16801,7.2,18563,211,60,1574,1834,12,1,4,3,0,15227,6.8,16729,200,43,0,6,3,3,2,11,17,0.4
"354","Blue","Red","Neither","Red",22,2,6,10,0,17141,7.2,19142,232,54,2378,2190,15,2,3,1,0,14763,6.8,16952,206,56,0,7,0,3,9,26,-2,0.4
"355","Red","Red","Red","Blue",16,3,4,4,0,15122,7,17694,195,48,-3223,-2518,12,2,9,10,0,18345,7.4,20212,235,68,0,4,1,-5,-6,-40,-20,-0.4
"356","Red","Red","Neither","Red",16,3,5,7,0,16878,7,19372,238,63,808,1415,38,5,5,8,0,16070,7,17957,214,56,0,-22,-2,0,-1,24,7,0
"357","Blue","Neither","Neither","Blue",38,0,8,8,0,18274,7,18615,238,45,3803,2825,15,0,2,6,0,14471,6.4,15790,201,51,0,23,0,6,2,37,-6,0.6
"358","Red","Red","Neither","Red",17,5,2,3,0,14176,6.8,17054,194,48,-3360,-1842,19,3,8,7,0,17536,7.2,18896,228,56,0,-2,2,-6,-4,-34,-8,-0.4
"359","Blue","Neither","Red","Red",16,4,6,9,0,17549,7.2,19231,243,64,2397,1405,21,3,2,1,0,15152,6.8,17826,248,44,0,-5,1,4,8,-5,20,0.4
"360","Red","Neither","Neither","Blue",18,2,5,7,0,16049,6.6,16758,217,51,-883,-1828,14,7,8,9,0,16932,7,18586,187,43,0,4,-5,-3,-2,30,8,-0.4
"361","Red","Red","Red","Blue",13,2,1,1,0,14017,6.4,15893,229,32,-2638,-2478,39,3,4,5,0,16655,6.8,18371,231,56,0,-26,-1,-3,-4,-2,-24,-0.399999999999999
"362","Blue","Neither","Neither","Blue",17,4,14,16,0,20139,7.8,21898,218,56,5035,5420,16,1,3,5,0,15104,6.6,16478,223,40,0,1,3,11,11,-5,16,1.2
"363","Red","Red","Red","Blue",18,1,5,5,0,16659,7,17777,234,60,-1003,-899,15,1,8,7,0,17662,7,18676,217,59,0,3,0,-3,-2,17,1,0
"364","Red","Red","Neither","Blue",15,0,5,4,0,15975,6.8,18165,227,56,-1963,-1151,15,1,8,10,0,17938,7.2,19316,225,52,0,0,-1,-3,-6,2,4,-0.4
"365","Red","Red","Neither","Red",34,3,6,7,0,16728,7.2,18284,221,66,-1071,-1471,14,4,7,8,0,17799,7.4,19755,248,55,0,20,-1,-1,-1,-27,11,-0.2
"366","Blue","Neither","Neither","Blue",18,4,6,9,0,16693,7,18761,227,57,897,1090,16,4,5,7,0,15796,7,17671,237,36,0,2,0,1,2,-10,21,0
"367","Blue","Blue","Blue","Blue",18,3,5,4,0,15925,6.8,17913,228,56,1946,1292,20,0,2,2,0,13979,6.8,16621,213,46,0,-2,3,3,2,15,10,0
"368","Red","Red","Blue","Red",20,0,8,5,0,16763,6.8,17433,193,54,-219,-1440,15,2,8,6,0,16982,7.2,18873,183,58,0,5,-2,0,-1,10,-4,-0.4
"369","Blue","Neither","Neither","Blue",19,8,6,7,0,16852,6.8,18660,239,44,1588,1331,16,3,4,7,0,15264,6.8,17329,213,54,0,3,5,2,0,26,-10,0
"370","Red","Red","Neither","Red",14,1,2,3,0,14950,7,18134,234,42,-1889,-723,14,1,6,6,0,16839,7,18857,229,49,0,0,0,-4,-3,5,-7,0
"371","Blue","Blue","Neither","Red",17,2,2,2,0,14863,6.8,17436,195,72,-720,432,15,1,4,4,0,15583,6.8,17004,223,36,0,2,1,-2,-2,-28,36,0
"372","Red","Red","Red","Blue",15,1,3,2,0,15853,7,18223,220,68,-2388,-1978,18,1,12,8,0,18241,7.6,20201,205,56,0,-3,0,-9,-6,15,12,-0.6
"373","Red","Red","Neither","Red",17,3,3,1,0,13428,6,14121,167,46,-5668,-4786,17,5,13,10,0,19096,7,18907,218,44,0,0,-2,-10,-9,-51,2,-1
"374","Blue","Blue","Neither","Red",18,1,7,8,0,17570,7,18283,238,58,527,1493,16,2,8,11,0,17043,6.8,16790,176,48,0,2,-1,-1,-3,62,10,0.2
"375","Blue","Red","Blue","Blue",19,4,6,3,0,16561,7,17961,232,53,1496,-730,55,6,4,4,0,15065,7,18691,191,55,0,-36,-2,2,-1,41,-2,0
"376","Red","Red","Red","Red",18,3,8,4,0,15070,6.4,15375,142,40,-4245,-3073,20,0,14,12,0,19315,7,18448,193,48,0,-2,3,-6,-8,-51,-8,-0.6
"377","Red","Blue","Red","Blue",17,8,10,17,0,19190,7.2,18615,202,34,3386,2410,18,3,5,8,0,15804,6.4,16205,224,48,0,-1,5,5,9,-22,-14,0.8
"378","Red","Red","Neither","Red",21,5,3,1,0,14269,6.6,16844,200,48,-3145,-2166,19,5,8,10,0,17414,7.2,19010,235,53,0,2,0,-5,-9,-35,-5,-0.600000000000001
"379","Red","Blue","Neither","Red",17,3,1,0,0,14916,6.8,17511,239,59,-1325,-15,18,4,5,8,0,16241,6.8,17526,251,33,0,-1,-1,-4,-8,-12,26,0
"380","Blue","Blue","Blue","Red",14,4,5,7,0,16256,7,17637,231,56,-1623,-1144,14,0,8,9,0,17879,7,18781,243,48,0,0,4,-3,-2,-12,8,0
"381","Blue","Blue","Neither","Red",19,2,3,3,0,15231,7,17617,221,52,1076,759,20,6,3,0,0,14155,6.8,16858,223,37,0,-1,-4,0,3,-2,15,0.2
"382","Blue","Blue","Neither","Red",19,2,7,9,0,16070,6.6,16577,173,36,-1156,-667,16,4,10,6,0,17226,6.6,17244,211,42,0,3,-2,-3,3,-38,-6,0
"383","Red","Neither","Blue","Red",16,2,3,2,0,15416,6.8,17935,228,61,450,-9,12,2,3,5,0,14966,6.8,17944,220,53,0,4,0,0,-3,8,8,0
"384","Blue","Neither","Blue","Blue",10,1,7,4,2,19036,7,18857,246,47,4363,4467,11,1,5,4,0,14673,5.8,14390,164,28,2,-1,0,2,0,82,19,1.2
"385","Blue","Blue","Neither","Blue",18,5,11,13,0,18214,7.2,19670,220,52,2262,2885,18,4,6,6,0,15952,6.6,16785,228,34,0,0,1,5,7,-8,18,0.600000000000001
"386","Red","Neither","Neither","Blue",20,2,6,7,0,17430,6.8,18068,212,63,-367,187,15,3,9,9,0,17797,7.2,17881,205,60,0,5,-1,-3,-2,7,3,-0.4
"387","Blue","Red","Neither","Red",14,6,6,7,0,16590,7.2,19041,228,39,1214,2080,16,1,3,2,0,15376,6.8,16961,224,66,0,-2,5,3,5,4,-27,0.4
"388","Blue","Blue","Neither","Blue",15,2,4,6,0,15508,6.8,17062,217,48,1728,-337,17,3,1,0,0,13780,6.8,17399,223,47,0,-2,-1,3,6,-6,1,0
"389","Blue","Red","Neither","Blue",27,1,6,4,0,16789,7,19024,218,72,959,917,17,3,5,5,0,15830,7,18107,213,52,0,10,-2,1,-1,5,20,0
"390","Blue","Red","Blue","Blue",76,2,5,6,0,16298,7,18210,230,60,924,323,14,4,5,5,0,15374,6.8,17887,209,50,0,62,-2,0,1,21,10,0.2
"391","Blue","Blue","Neither","Blue",19,4,12,13,0,19320,7.4,20189,251,37,4544,3126,17,4,2,2,0,14776,6.8,17063,206,52,0,2,0,10,11,45,-15,0.600000000000001
"392","Red","Blue","Blue","Red",13,2,4,4,0,14926,6.6,16530,210,45,-4847,-2983,32,2,11,12,1,19773,7.4,19513,218,49,-1,-19,0,-7,-8,-8,-4,-0.800000000000001
"393","Blue","Blue","Red","Blue",78,2,9,17,0,17496,7.4,18327,220,47,1849,669,17,1,3,2,0,15647,6.8,17658,224,57,0,61,1,6,15,-4,-10,0.600000000000001
"394","Blue","Neither","Neither","Red",14,2,7,7,0,15177,6.4,15795,152,36,-3891,-2689,41,0,11,9,0,19068,7.2,18484,218,43,0,-27,2,-4,-2,-66,-7,-0.8
"395","Red","Red","Neither","Blue",11,5,6,8,0,17025,7,18038,231,40,-1314,-1942,17,2,9,9,0,18339,7.4,19980,232,57,0,-6,3,-3,-1,-1,-17,-0.4
"396","Blue","Neither","Neither","Blue",16,0,9,14,0,18203,7.2,18324,223,48,2718,91,45,2,5,5,0,15485,6.8,18233,216,48,0,-29,-2,4,9,7,0,0.4
"397","Red","Red","Red","Red",14,7,3,3,0,15160,7,17505,217,52,-2174,-1268,13,3,8,12,0,17334,7.2,18773,227,64,0,1,4,-5,-9,-10,-12,-0.2
"398","Blue","Blue","Neither","Blue",15,11,4,2,0,15304,7,18188,228,48,1093,720,46,1,1,1,0,14211,6.8,17468,215,56,0,-31,10,3,1,13,-8,0.2
"399","Blue","Neither","Neither","Red",15,5,11,8,0,17503,6.8,17699,192,52,-215,-438,52,4,10,13,0,17718,7,18137,210,42,0,-37,1,1,-5,-18,10,-0.2
"400","Blue","Red","Blue","Blue",16,2,7,10,0,16468,6.4,15869,226,33,635,-1157,51,3,6,6,0,15833,6.8,17026,228,54,0,-35,-1,1,4,-2,-21,-0.399999999999999
"401","Blue","Neither","Red","Red",17,3,10,10,0,19035,7.2,18221,219,38,120,1209,13,1,10,10,1,18915,6.6,17012,208,31,-1,4,2,0,0,11,7,0.600000000000001
"402","Blue","Blue","Neither","Red",19,4,10,11,0,18413,7.2,18554,219,60,194,661,13,2,9,12,0,18219,6.8,17893,230,36,0,6,2,1,-1,-11,24,0.4
"403","Blue","Blue","Neither","Blue",15,3,9,21,0,18470,7.2,18925,263,51,3581,1578,17,1,2,1,0,14889,6.8,17347,238,52,0,-2,2,7,20,25,-1,0.4
"404","Red","Neither","Neither","Red",15,2,6,9,0,16291,6.6,16699,191,38,-3622,-2561,146,2,13,12,0,19913,7,19260,223,39,0,-131,0,-7,-3,-32,-1,-0.4
"405","Blue","Blue","Red","Blue",48,4,6,9,0,16301,6.8,17430,210,51,-303,312,19,6,6,11,0,16604,6.8,17118,210,59,0,29,-2,0,-2,0,-8,0
"406","Red","Blue","Neither","Red",14,1,9,7,0,17183,7,18225,196,60,-1295,-305,18,1,8,10,0,18478,7,18530,247,56,0,-4,0,1,-3,-51,4,0
"407","Red","Red","Red","Red",39,1,1,1,0,13361,6.8,16819,174,48,-3006,-1880,15,0,5,4,0,16367,7,18699,219,48,0,24,1,-4,-3,-45,0,-0.2
"408","Blue","Red","Blue","Blue",38,5,2,4,0,14807,6.8,17246,214,56,1090,371,16,2,1,1,0,13717,6.6,16875,197,52,0,22,3,1,3,17,4,0.2
"409","Blue","Blue","Neither","Red",14,3,4,1,0,15195,7,18358,217,70,324,1794,16,1,3,2,0,14871,6.4,16564,228,35,0,-2,2,1,-1,-11,35,0.6
"410","Blue","Red","Neither","Blue",12,0,3,2,0,14788,6.6,17345,215,48,-2025,-2448,17,3,7,6,0,16813,7.2,19793,233,65,0,-5,-3,-4,-4,-18,-17,-0.600000000000001
"411","Red","Red","Neither","Blue",41,4,7,8,0,16604,6.6,17328,203,47,-416,-907,17,6,8,11,0,17020,7,18235,201,55,0,24,-2,-1,-3,2,-8,-0.4
"412","Red","Red","Blue","Blue",12,15,4,2,0,15661,7.2,18861,232,51,62,1154,40,1,4,5,0,15599,6.8,17707,202,66,0,-28,14,0,-3,30,-15,0.4
"413","Red","Red","Neither","Blue",16,4,5,3,0,16259,6.6,17235,221,64,-67,-1341,36,6,7,12,0,16326,7.2,18576,200,44,0,-20,-2,-2,-9,21,20,-0.600000000000001
"414","Blue","Blue","Neither","Red",20,3,11,13,0,19716,7.2,19989,234,52,5163,3968,15,0,4,4,0,14553,6.4,16021,182,51,0,5,3,7,9,52,1,0.8
"415","Blue","Blue","Neither","Blue",16,5,11,18,0,18612,7.2,19203,227,45,2728,1957,14,1,5,6,0,15884,7,17246,225,48,0,2,4,6,12,2,-3,0.2
"416","Red","Blue","Neither","Red",15,13,3,1,0,14711,6.8,18284,204,52,-3559,-1400,42,3,9,7,0,18270,7.2,19684,256,43,0,-27,10,-6,-6,-52,9,-0.4
"417","Blue","Blue","Blue","Blue",38,0,6,7,0,16886,6.8,18261,221,56,184,-131,16,4,4,5,0,16702,7,18392,237,64,0,22,-4,2,2,-16,-8,-0.2
"418","Red","Blue","Neither","Blue",17,3,4,4,0,14980,6.4,16983,206,39,-2040,-1012,13,5,7,6,0,17020,7,17995,224,53,0,4,-2,-3,-2,-18,-14,-0.6
"419","Blue","Blue","Neither","Blue",16,3,6,9,0,16544,6.8,17551,208,56,2151,726,55,3,1,3,0,14393,6.6,16825,222,51,0,-39,0,5,6,-14,5,0.2
"420","Red","Neither","Neither","Red",32,2,10,9,0,16174,6.6,16725,149,39,-2452,-1634,14,0,12,8,0,18626,7,18359,210,35,0,18,2,-2,1,-61,4,-0.4
"421","Blue","Blue","Blue","Blue",41,4,7,7,0,18047,7.2,19362,228,64,3255,2259,18,5,4,3,0,14792,6.8,17103,197,52,0,23,-1,3,4,31,12,0.4
"422","Blue","Red","Neither","Blue",34,2,9,6,0,17484,7.4,20325,230,50,1128,858,15,3,3,2,0,16356,7.4,19467,226,80,0,19,-1,6,4,4,-30,0
"423","Blue","Neither","Blue","Blue",25,3,6,7,1,17826,7.4,19427,225,67,1909,979,16,3,5,3,0,15917,7,18448,220,48,1,9,0,1,4,5,19,0.4
"424","Blue","Neither","Neither","Red",18,2,10,9,0,18673,6.8,18121,223,38,3397,1493,15,2,6,8,0,15276,6.6,16628,186,44,0,3,0,4,1,37,-6,0.2
"425","Red","Red","Neither","Red",20,0,8,11,0,17540,7,17368,182,54,-3563,-1320,16,1,12,22,0,21103,7.2,18688,198,74,0,4,-1,-4,-11,-16,-20,-0.2
"426","Red","Blue","Neither","Blue",16,3,7,4,0,16808,6.8,17370,231,38,-361,1686,18,2,9,13,0,17169,6.4,15684,214,35,0,-2,1,-2,-9,17,3,0.399999999999999
"427","Blue","Neither","Blue","Red",17,3,4,3,0,15227,7,18442,203,60,-513,992,38,3,3,4,0,15740,7,17450,226,57,0,-21,0,1,-1,-23,3,0
"428","Blue","Neither","Neither","Red",20,7,11,12,0,19392,7.2,18570,239,48,4872,3076,20,3,4,6,0,14520,6.2,15494,203,34,0,0,4,7,6,36,14,1
"429","Red","Neither","Blue","Red",34,2,6,5,0,17194,7.2,18397,234,62,985,2102,16,1,7,7,0,16209,6.4,16295,215,51,0,18,1,-1,-2,19,11,0.8
"430","Blue","Blue","Red","Blue",16,2,4,3,0,15672,7.2,17821,238,47,-1599,-1870,21,1,8,9,0,17271,7.4,19691,236,48,0,-5,1,-4,-6,2,-1,-0.2
"431","Blue","Blue","Neither","Red",11,3,11,15,0,18565,7.4,19562,216,58,1719,1703,11,2,4,5,0,16846,7,17859,242,57,0,0,1,7,10,-26,1,0.4
"432","Red","Neither","Red","Red",15,3,1,0,0,13921,6.6,16963,207,56,-2641,-2207,16,3,6,5,0,16562,7,19170,242,44,0,-1,0,-5,-5,-35,12,-0.4
"433","Red","Red","Red","Blue",13,5,3,2,0,14521,6.6,16234,201,42,-2846,-2325,17,1,9,11,0,17367,7.2,18559,229,48,0,-4,4,-6,-9,-28,-6,-0.600000000000001
"434","Red","Red","Neither","Red",15,2,3,1,0,15049,6.6,17888,209,56,-3891,-2276,30,3,10,12,0,18940,7.4,20164,221,78,0,-15,-1,-7,-11,-12,-22,-0.800000000000001
"435","Blue","Blue","Neither","Red",19,0,13,11,0,20127,7,19575,234,48,6202,5368,16,1,4,5,0,13925,6,14207,175,28,0,3,-1,9,6,59,20,1
"436","Blue","Neither","Neither","Red",15,2,3,5,0,17194,7.2,19539,253,68,2330,2167,15,1,2,3,0,14864,6.8,17372,219,52,0,0,1,1,2,34,16,0.4
"437","Red","Neither","Neither","Blue",15,1,9,8,0,19122,7.2,19334,238,56,3089,1750,12,1,7,10,0,16033,6.8,17584,169,52,0,3,0,2,-2,69,4,0.4
"438","Blue","Neither","Neither","Red",40,3,7,7,0,16359,7,17998,198,41,540,867,16,2,6,7,0,15819,6.6,17131,187,52,0,24,1,1,0,11,-11,0.4
"439","Blue","Red","Blue","Blue",43,2,5,5,0,17027,6.8,17816,213,56,508,-1704,14,2,4,4,0,16519,7.4,19520,231,75,0,29,0,1,1,-18,-19,-0.600000000000001
"440","Red","Blue","Neither","Blue",143,5,10,10,0,17665,7.4,18125,213,37,625,-1035,15,2,7,4,0,17040,7.2,19160,228,71,0,128,3,3,6,-15,-34,0.2
"441","Blue","Blue","Neither","Blue",41,5,8,7,0,17209,7.2,18853,219,54,2481,1962,18,3,5,3,0,14728,6.8,16891,195,46,0,23,2,3,4,24,8,0.4
"442","Blue","Blue","Neither","Blue",12,3,10,9,0,19187,7.2,19762,211,64,2796,2669,16,1,5,5,0,16391,6.6,17093,205,65,0,-4,2,5,4,6,-1,0.600000000000001
"443","Blue","Blue","Neither","Red",19,5,9,7,0,17482,7.2,19093,214,48,2089,2123,16,1,4,4,0,15393,6.8,16970,222,43,0,3,4,5,3,-8,5,0.4
"444","Blue","Blue","Neither","Blue",20,1,5,6,0,16035,6.8,16853,190,63,-608,-703,47,6,6,8,0,16643,6.8,17556,210,48,0,-27,-5,-1,-2,-20,15,0
"445","Red","Neither","Neither","Blue",15,0,7,6,0,16070,6.6,16510,199,44,-1923,-1753,17,1,9,11,0,17993,7,18263,211,60,0,-2,-1,-2,-5,-12,-16,-0.4
"446","Red","Red","Neither","Red",11,1,5,5,0,15617,7,18169,209,48,-951,-546,41,4,5,5,0,16568,7.2,18715,206,60,0,-30,-3,0,0,3,-12,-0.2
"447","Blue","Blue","Neither","Blue",19,3,6,8,0,16130,6.8,17156,242,32,1428,701,19,4,4,6,0,14702,6.6,16455,200,51,0,0,-1,2,2,42,-19,0.2
"448","Red","Blue","Red","Blue",17,2,8,9,0,17172,7,18972,196,60,1131,1145,13,2,5,5,0,16041,6.8,17827,231,56,0,4,0,3,4,-35,4,0.2
"449","Red","Neither","Blue","Red",44,3,4,4,0,15475,6.6,16428,195,56,-1972,-1010,16,2,7,15,0,17447,6.8,17438,230,43,0,28,1,-3,-11,-35,13,-0.2
"450","Red","Red","Neither","Blue",11,1,7,6,0,16248,7,18067,171,63,-2242,-1819,33,2,9,12,0,18490,7.2,19886,229,45,0,-22,-1,-2,-6,-58,18,-0.2
"451","Blue","Blue","Red","Blue",14,2,6,10,0,16745,6.6,17908,215,48,2287,-268,14,1,3,3,0,14458,7,18176,180,68,0,0,1,3,7,35,-20,-0.4
"452","Red","Neither","Red","Red",20,3,7,8,0,16472,7.2,18966,219,53,1367,2396,15,4,4,4,0,15105,6.6,16570,180,45,0,5,-1,3,4,39,8,0.600000000000001
"453","Blue","Blue","Blue","Blue",11,6,8,8,0,18133,7.4,20427,259,52,2580,2954,16,2,4,4,0,15553,6.8,17473,214,52,0,-5,4,4,4,45,0,0.600000000000001
"454","Red","Blue","Neither","Red",97,3,11,20,0,17068,6.2,15357,153,32,786,-562,16,2,7,8,0,16282,6.6,15919,199,40,0,81,1,4,12,-46,-8,-0.399999999999999
"455","Blue","Blue","Blue","Blue",18,2,5,5,0,16635,7.4,19221,235,76,152,-57,37,3,6,10,0,16483,7.4,19278,233,40,0,-19,-1,-1,-5,2,36,0
"456","Blue","Red","Neither","Blue",19,4,8,9,0,17950,7.4,18805,226,44,2802,281,44,1,4,3,0,15148,7,18524,213,56,0,-25,3,4,6,13,-12,0.4
"457","Red","Red","Neither","Red",16,1,3,3,0,14494,6.4,15922,224,41,-1610,-1393,15,3,4,2,0,16104,6.8,17315,239,53,0,1,-2,-1,1,-15,-12,-0.399999999999999
"458","Blue","Red","Neither","Red",33,2,14,9,0,18595,7,18307,199,48,1543,-21,37,3,10,8,0,17052,7,18328,172,52,0,-4,-1,4,1,27,-4,0
"459","Blue","Neither","Neither","Red",16,3,15,14,0,19767,6.6,17678,180,42,1915,2606,15,3,11,11,0,17852,6.4,15072,176,41,0,1,0,4,3,4,1,0.199999999999999
"460","Blue","Blue","Neither","Red",19,6,4,7,0,14970,6.8,17530,212,52,-595,364,19,2,3,1,0,15565,6.8,17166,238,51,0,0,4,1,6,-26,1,0
"461","Red","Neither","Neither","Blue",14,1,6,5,0,15891,7,17964,207,41,-1190,-911,14,1,7,4,0,17081,7,18875,224,54,0,0,0,-1,1,-17,-13,0
"462","Blue","Red","Blue","Blue",16,0,5,3,0,16472,6.8,18393,252,48,1820,806,17,4,1,2,0,14652,6.8,17587,239,60,0,-1,-4,4,1,13,-12,0
"463","Red","Blue","Blue","Red",18,4,4,3,0,15210,6.8,17099,185,72,-2630,-2244,19,4,7,6,0,17840,7.2,19343,222,71,0,-1,0,-3,-3,-37,1,-0.4
"464","Blue","Red","Neither","Red",21,3,8,9,0,16096,6.6,16891,175,36,-1327,-789,24,9,8,9,0,17423,6.8,17680,198,56,0,-3,-6,0,0,-23,-20,-0.2
"465","Blue","Neither","Red","Red",18,4,8,10,0,16870,7.2,18433,207,36,1417,1016,16,1,4,3,0,15453,6.8,17417,221,48,0,2,3,4,7,-14,-12,0.4
"466","Red","Blue","Neither","Blue",17,3,4,3,0,15842,7,18640,240,60,71,409,17,5,4,6,0,15771,7,18231,227,48,0,0,-2,0,-3,13,12,0
"467","Blue","Red","Neither","Red",12,1,5,0,0,15297,7,18319,202,57,17,1052,17,1,4,2,0,15280,6.6,17267,210,48,0,-5,0,1,-2,-8,9,0.4
"468","Red","Blue","Blue","Blue",15,3,8,8,0,16412,7,18381,212,44,151,840,12,3,7,5,0,16261,7,17541,212,52,0,3,0,1,3,0,-8,0
"469","Blue","Blue","Red","Blue",13,5,10,9,0,19013,7.4,20151,225,60,4817,3220,14,4,3,3,0,14196,6.8,16931,184,48,0,-1,1,7,6,41,12,0.600000000000001
"470","Red","Red","Neither","Red",18,1,4,5,0,14842,6.6,16718,203,44,-3400,-2763,17,4,9,11,0,18242,7.2,19481,241,66,0,1,-3,-5,-6,-38,-22,-0.600000000000001
"471","Red","Red","Neither","Blue",17,1,6,5,0,16684,6.8,17071,213,46,-944,-556,34,3,8,15,0,17628,6.8,17627,187,54,0,-17,-2,-2,-10,26,-8,0
"472","Red","Blue","Red","Red",16,0,4,6,0,15235,6.6,17625,195,49,-2839,18,13,1,8,6,1,18074,7,17607,220,54,-1,3,-1,-4,0,-25,-5,-0.4
"473","Blue","Blue","Neither","Blue",13,4,11,14,0,18159,6.8,17740,238,46,818,-165,61,4,8,10,0,17341,6.8,17905,192,53,0,-48,0,3,4,46,-7,0
"474","Red","Red","Red","Red",13,0,2,4,0,13916,6.2,15087,166,49,-6286,-4733,34,1,9,8,1,20202,7.6,19820,259,58,-1,-21,-1,-7,-4,-93,-9,-1.4
"475","Red","Red","Neither","Red",19,2,4,3,0,15107,6.6,16753,200,41,-3799,-3285,10,4,11,10,0,18906,7.2,20038,226,45,0,9,-2,-7,-7,-26,-4,-0.600000000000001
"476","Blue","Blue","Blue","Red",18,5,8,4,1,18597,7.2,19612,243,52,4428,3489,19,3,2,2,0,14169,6.6,16123,221,46,1,-1,2,6,2,22,6,0.600000000000001
"477","Blue","Red","Neither","Blue",51,11,9,9,0,18640,7.4,20923,249,63,4388,3527,18,5,1,1,0,14252,6.8,17396,221,64,0,33,6,8,8,28,-1,0.600000000000001
"478","Red","Blue","Neither","Red",14,4,4,5,0,15483,6.6,17110,213,47,-3045,-1634,18,3,8,11,0,18528,7.2,18744,249,40,0,-4,1,-4,-6,-36,7,-0.600000000000001
"479","Red","Neither","Red","Red",16,2,2,3,0,15242,7,18202,260,56,-1497,-778,17,2,4,9,0,16739,7.2,18980,257,52,0,-1,0,-2,-6,3,4,-0.2
"480","Red","Blue","Neither","Red",51,2,3,5,0,14945,6.4,16491,215,50,-1696,-2153,17,4,4,3,0,16641,7,18644,226,53,0,34,-2,-1,2,-11,-3,-0.6
"481","Blue","Neither","Red","Red",37,0,8,8,0,17197,6.8,16987,185,48,733,-1480,12,4,7,4,0,16464,7,18467,245,40,0,25,-4,1,4,-60,8,-0.2
"482","Blue","Blue","Neither","Blue",16,6,9,11,0,17292,6.8,17127,200,50,-606,-1487,17,2,10,10,0,17898,7,18614,197,50,0,-1,4,-1,1,3,0,-0.2
"483","Red","Neither","Red","Red",37,4,3,3,0,14822,7,18244,231,49,-2420,-753,18,4,5,5,0,17242,7,18997,246,63,0,19,0,-2,-2,-15,-14,0
"484","Red","Red","Neither","Red",12,4,3,2,0,15027,6.6,17054,211,56,-2037,110,20,1,8,11,0,17064,6.6,16944,197,44,0,-8,3,-5,-9,14,12,0
"485","Blue","Red","Neither","Red",16,2,4,3,0,15502,6.6,17035,221,53,631,1404,21,2,4,5,0,14871,6.4,15631,207,48,0,-5,0,0,-2,14,5,0.199999999999999
"486","Red","Red","Blue","Red",14,4,7,6,0,16931,7.2,18446,209,52,-1570,-2103,21,4,7,9,0,18501,7.6,20549,228,80,0,-7,0,0,-3,-19,-28,-0.399999999999999
"487","Blue","Blue","Neither","Red",41,4,7,11,0,16787,7.2,18466,201,55,-471,870,39,3,7,9,0,17258,6.6,17596,229,38,0,2,1,0,2,-28,17,0.600000000000001
"488","Blue","Neither","Neither","Red",15,1,3,4,0,15022,7,18105,220,48,-1211,-108,17,1,4,5,0,16233,6.8,18213,216,67,0,-2,0,-1,-1,4,-19,0.2
"489","Blue","Red","Blue","Blue",18,0,7,6,0,17365,7.2,19227,245,44,2740,1708,15,2,2,4,0,14625,7,17519,213,66,0,3,-2,5,2,32,-22,0.2
"490","Blue","Neither","Blue","Red",16,14,6,7,0,17658,7.2,19584,241,58,1947,2521,35,3,4,6,0,15711,6.8,17063,247,42,0,-19,11,2,1,-6,16,0.4
"491","Blue","Neither","Neither","Blue",15,4,10,8,0,19549,7.4,20404,266,55,4712,3798,28,2,3,1,0,14837,6.4,16606,203,56,0,-13,2,7,7,63,-1,1
"492","Red","Blue","Neither","Blue",35,6,5,6,0,16516,7.2,19033,224,52,1115,1256,39,2,4,3,0,15401,7.2,17777,209,60,0,-4,4,1,3,15,-8,0
"493","Blue","Neither","Neither","Red",38,3,4,5,0,15177,6.8,18017,189,55,-833,-116,16,2,5,5,0,16010,7,18133,252,32,0,22,1,-1,0,-63,23,-0.2
"494","Blue","Red","Neither","Red",146,1,11,9,0,18520,7.2,19054,220,48,564,633,11,2,7,7,0,17956,6.8,18421,226,73,0,135,-1,4,2,-6,-25,0.4
"495","Red","Neither","Blue","Blue",39,1,10,11,0,18600,7.2,19763,183,83,-589,1794,13,3,10,8,1,19189,7,17969,223,51,-1,26,-2,0,3,-40,32,0.2
"496","Blue","Neither","Neither","Blue",17,6,9,8,0,18439,7,19278,249,38,3020,2593,12,2,4,8,0,15419,6.6,16685,211,46,0,5,4,5,0,38,-8,0.4
"497","Blue","Blue","Red","Blue",14,2,7,8,0,15632,6.2,15789,196,32,-1339,-2802,17,2,6,8,0,16971,7,18591,216,67,0,-3,0,1,0,-20,-35,-0.8
"498","Red","Blue","Red","Blue",22,1,10,17,0,17161,7,17817,157,48,1487,577,17,2,4,3,0,15674,6.6,17240,203,68,0,5,-1,6,14,-46,-20,0.4
"499","Blue","Blue","Blue","Blue",16,5,5,5,0,15263,7,17693,216,36,579,-37,17,3,3,1,0,14684,7,17730,245,45,0,-1,2,2,4,-29,-9,0
"500","Blue","Neither","Neither","Blue",10,2,9,8,0,16396,6.6,17294,168,56,975,659,19,0,6,4,0,15421,6.6,16635,191,48,0,-9,2,3,4,-23,8,0
"501","Blue","Blue","Neither","Blue",50,4,10,11,0,17592,6.8,17430,186,47,1417,1171,15,1,6,11,0,16175,6.6,16259,220,32,0,35,3,4,0,-34,15,0.2
"502","Blue","Blue","Blue","Blue",21,4,6,9,1,17802,7,18461,239,40,2768,1411,16,3,4,3,0,15034,6.8,17050,211,60,1,5,1,2,6,28,-20,0.2
"503","Blue","Red","Neither","Blue",11,5,13,25,0,20047,7.2,19339,226,56,3897,2558,16,1,6,7,0,16150,6.6,16781,199,35,0,-5,4,7,18,27,21,0.600000000000001
"504","Red","Red","Neither","Red",12,2,2,4,0,13795,6.6,16505,203,42,-4631,-3612,36,2,9,11,0,18426,7.4,20117,229,66,0,-24,0,-7,-7,-26,-24,-0.800000000000001
"505","Red","Red","Red","Red",17,2,4,4,0,15714,6.8,17852,243,63,-46,-458,13,3,5,4,0,15760,7.2,18310,193,56,0,4,-1,-1,0,50,7,-0.4
"506","Red","Red","Neither","Red",19,2,2,2,1,16418,7,17847,243,47,-258,-419,37,1,7,9,0,16676,7,18266,211,40,1,-18,1,-5,-7,32,7,0
"507","Blue","Blue","Neither","Red",11,3,9,8,0,18012,7.2,19378,261,60,2845,4032,14,1,3,4,0,15167,6.2,15346,185,52,0,-3,2,6,4,76,8,1
"508","Red","Red","Neither","Red",17,1,3,3,0,14558,6.4,15833,194,42,-3177,-3271,36,1,10,11,0,17735,7.2,19104,207,52,0,-19,0,-7,-8,-13,-10,-0.8
"509","Blue","Blue","Neither","Blue",12,3,8,9,0,17779,6.8,18276,247,53,2988,398,14,1,4,1,0,14791,7,17878,210,47,0,-2,2,4,8,37,6,-0.2
"510","Blue","Blue","Neither","Blue",16,2,6,5,0,16931,7,18085,225,54,2443,1566,15,2,3,4,0,14488,6.4,16519,201,61,0,1,0,3,1,24,-7,0.6
"511","Blue","Blue","Blue","Blue",16,2,6,5,0,16555,6.8,18782,224,57,-11,-176,18,1,5,5,0,16566,7.4,18958,227,56,0,-2,1,1,0,-3,1,-0.600000000000001
"512","Blue","Blue","Neither","Red",12,0,5,8,0,16891,6.8,18030,185,48,286,17,44,4,6,12,0,16605,6.8,18013,214,47,0,-32,-4,-1,-4,-29,1,0
"513","Red","Blue","Blue","Blue",16,15,6,6,0,16940,6.8,17580,222,39,90,-819,40,2,7,5,0,16850,7,18399,219,48,0,-24,13,-1,1,3,-9,-0.2
"514","Blue","Neither","Neither","Red",11,1,7,5,0,17242,7.2,19085,236,53,403,1790,14,2,6,9,0,16839,6.8,17295,216,47,0,-3,-1,1,-4,20,6,0.4
"515","Blue","Neither","Neither","Blue",16,6,8,12,0,17734,7.4,19335,207,52,3135,2622,16,5,1,2,0,14599,6.6,16713,228,60,0,0,1,7,10,-21,-8,0.800000000000001
"516","Red","Red","Neither","Red",17,2,10,11,0,17982,7.2,18544,204,51,372,160,15,2,8,8,0,17610,7,18384,223,50,0,2,0,2,3,-19,1,0.2
"517","Blue","Blue","Neither","Red",30,4,6,10,0,16162,7,18095,211,48,-1636,-872,18,3,8,14,0,17798,7.2,18967,226,60,0,12,1,-2,-4,-15,-12,-0.2
"518","Blue","Blue","Blue","Blue",15,3,12,11,0,18574,7.2,19415,227,56,5586,4058,17,3,1,1,0,12988,6.4,15357,187,32,0,-2,0,11,10,40,24,0.8
"519","Red","Red","Neither","Red",13,2,2,3,0,15123,6.8,17214,232,60,-2105,-1094,15,2,5,6,0,17228,6.8,18308,234,48,0,-2,0,-3,-3,-2,12,0
"520","Blue","Red","Blue","Red",14,2,6,4,0,16075,7,18425,211,60,-1374,-653,16,5,8,8,0,17449,7.2,19078,237,43,0,-2,-3,-2,-4,-26,17,-0.2
"521","Red","Neither","Red","Red",13,3,3,4,0,14443,6.6,16433,198,40,-2166,-2885,18,5,8,5,0,16609,7,19318,188,55,0,-5,-2,-5,-1,10,-15,-0.4
"522","Blue","Neither","Neither","Red",14,2,5,4,0,16656,7.2,18582,252,42,930,275,13,3,4,6,0,15726,7.2,18307,205,48,0,1,-1,1,-2,47,-6,0
"523","Red","Blue","Neither","Red",16,1,5,5,0,15938,6.8,17247,196,49,-950,-650,103,1,8,8,0,16888,6.8,17897,185,65,0,-87,0,-3,-3,11,-16,0
"524","Blue","Blue","Red","Blue",17,3,1,2,0,14116,6.8,16837,217,51,-2421,-1685,18,5,2,2,1,16537,6.8,18522,264,47,-1,-1,-2,-1,0,-47,4,0
"525","Blue","Red","Neither","Red",19,3,8,10,0,17054,7,17591,211,40,-891,-633,14,2,9,13,0,17945,7,18224,219,32,0,5,1,-1,-3,-8,8,0
"526","Blue","Red","Neither","Red",38,3,4,2,0,15306,7.2,17734,226,48,-211,232,18,2,5,7,0,15517,7,17502,202,56,0,20,1,-1,-5,24,-8,0.2
"527","Blue","Red","Red","Blue",14,1,4,5,0,16193,7,18763,235,64,-405,-1523,18,3,5,7,0,16598,7.4,20286,248,65,0,-4,-2,-1,-2,-13,-1,-0.4
"528","Blue","Red","Neither","Blue",15,1,10,8,0,18126,7.2,18581,222,40,2361,2502,10,1,7,4,0,15765,6.2,16079,176,40,0,5,0,3,4,46,0,1
"529","Blue","Blue","Neither","Red",15,2,8,11,0,17592,6.8,17635,214,52,-134,-565,18,3,9,10,0,17726,7,18200,221,45,0,-3,-1,-1,1,-7,7,-0.2
"530","Blue","Blue","Neither","Blue",18,1,7,16,0,16282,6.4,16018,173,57,2062,1120,16,1,4,9,0,14220,6.4,14898,174,44,0,2,0,3,7,-1,13,0
"531","Blue","Red","Blue","Blue",16,1,6,7,0,17167,6.8,18274,247,59,2089,1771,11,2,3,4,0,15078,6.4,16503,202,50,0,5,-1,3,3,45,9,0.399999999999999
"532","Red","Red","Red","Red",15,3,7,6,0,15679,6.4,16096,172,42,-5377,-3249,13,2,16,22,0,21056,7.2,19345,230,60,0,2,1,-9,-16,-58,-18,-0.8
"533","Blue","Blue","Red","Blue",14,2,7,5,0,16045,6.8,17256,216,48,-282,-79,12,1,7,9,0,16327,7,17335,182,53,0,2,1,0,-4,34,-5,-0.2
"534","Red","Neither","Neither","Red",15,3,6,8,0,16564,7,18202,213,49,-443,-447,14,2,7,4,0,17007,7,18649,216,46,0,1,1,-1,4,-3,3,0
"535","Red","Neither","Neither","Red",11,4,2,3,0,14376,6.8,17660,208,60,-3122,-1229,38,3,8,8,0,17498,7,18889,231,36,0,-27,1,-6,-5,-23,24,-0.2
"536","Red","Blue","Neither","Red",15,4,2,1,0,14128,6.6,16843,214,45,-2425,-1778,19,3,5,4,0,16553,7.2,18621,233,55,0,-4,1,-3,-3,-19,-10,-0.600000000000001
"537","Blue","Red","Neither","Red",12,4,3,2,0,14584,6.8,17432,201,45,-813,840,22,1,5,5,0,15397,6.6,16592,195,52,0,-10,3,-2,-3,6,-7,0.2
"538","Blue","Red","Red","Red",20,6,9,8,0,18457,7.2,19590,218,64,1378,1678,17,3,8,5,0,17079,6.8,17912,219,70,0,3,3,1,3,-1,-6,0.4
"539","Red","Red","Neither","Red",31,5,7,6,0,18282,7,19001,240,56,1542,1059,18,2,7,7,0,16740,7,17942,212,59,0,13,3,0,-1,28,-3,0
"540","Red","Red","Neither","Red",88,3,7,10,0,17130,7,18060,232,36,-1553,-424,17,3,11,16,0,18683,7,18484,247,43,0,71,0,-4,-6,-15,-7,0
"541","Blue","Blue","Neither","Blue",16,4,8,12,0,17759,7.4,19034,249,55,4250,2686,15,0,0,0,0,13509,6.4,16348,223,49,0,1,4,8,12,26,6,1
"542","Blue","Neither","Blue","Blue",15,2,8,7,0,17194,7.2,18529,197,48,2772,2140,56,3,3,3,0,14422,6.6,16389,188,44,0,-41,-1,5,4,9,4,0.600000000000001
"543","Blue","Blue","Neither","Blue",17,1,6,8,0,16527,7,18240,225,59,-484,-1416,13,1,6,5,0,17011,7.4,19656,221,67,0,4,0,0,3,4,-8,-0.4
"544","Blue","Blue","Blue","Blue",15,5,7,12,0,17915,7,18641,223,64,1110,-544,13,2,4,6,0,16805,7.2,19185,235,72,0,2,3,3,6,-12,-8,-0.2
"545","Red","Red","Blue","Red",15,5,5,6,1,17610,6.8,18110,232,57,1467,11,46,1,4,6,0,16143,7,18099,222,56,1,-31,4,1,0,10,1,-0.2
"546","Blue","Blue","Blue","Blue",16,2,12,20,0,19453,6.8,18043,165,64,1095,94,15,1,10,17,0,18358,6.8,17949,227,56,0,1,1,2,3,-62,8,0
"547","Blue","Blue","Neither","Blue",17,1,7,5,1,18772,7.2,18771,255,55,5169,2153,10,3,1,1,0,13603,6.6,16618,200,48,1,7,-2,6,4,55,7,0.600000000000001
"548","Red","Red","Red","Red",15,2,1,3,0,14626,6.6,17441,229,56,-1547,-916,15,2,3,4,0,16173,7.2,18357,246,60,0,0,0,-2,-1,-17,-4,-0.600000000000001
"549","Blue","Red","Neither","Blue",22,5,13,21,0,20387,7,18610,232,35,5680,2175,18,4,3,4,0,14707,6.4,16435,196,48,0,4,1,10,17,36,-13,0.6
"550","Red","Neither","Neither","Blue",15,3,6,6,0,17256,7,18564,236,47,823,-164,15,2,6,7,0,16433,7,18728,230,48,0,0,1,0,-1,6,-1,0
"551","Blue","Blue","Blue","Blue",62,2,6,8,0,16601,7,18535,231,44,1799,442,15,0,1,1,0,14802,6.8,18093,231,72,0,47,2,5,7,0,-28,0.2
"552","Red","Red","Blue","Red",21,4,1,1,0,14672,6.8,17598,247,50,-757,569,19,4,3,3,0,15429,6.6,17029,242,48,0,2,0,-2,-2,5,2,0.2
"553","Blue","Blue","Neither","Blue",91,2,8,9,0,17001,6.8,17576,187,47,91,-339,16,6,6,6,0,16910,7,17915,237,44,0,75,-4,2,3,-50,3,-0.2
"554","Red","Red","Blue","Red",39,5,8,6,1,18213,6.8,18240,217,55,-1538,-370,21,8,11,16,1,19751,7.2,18610,225,48,0,18,-3,-3,-10,-8,7,-0.4
"555","Blue","Blue","Blue","Red",12,2,10,9,0,19862,7.8,20693,252,64,2228,1524,15,0,8,8,0,17634,7.2,19169,228,57,0,-3,2,2,1,24,7,0.6
"556","Red","Red","Neither","Blue",16,3,9,10,0,18179,7.2,19225,242,60,4869,3243,15,2,1,0,0,13310,6.4,15982,210,44,0,1,1,8,10,32,16,0.8
"557","Blue","Neither","Neither","Red",19,4,4,7,0,15796,6.8,17499,234,46,640,-120,16,6,2,4,0,15156,7,17619,236,49,0,3,-2,2,3,-2,-3,-0.2
"558","Blue","Neither","Neither","Red",28,7,6,7,0,15377,6.6,16348,177,43,-1871,-1775,21,7,9,6,0,17248,7,18123,227,32,0,7,0,-3,1,-50,11,-0.4
"559","Red","Red","Neither","Red",16,1,5,4,0,14874,6.6,16128,182,32,-2189,-1838,49,7,7,7,0,17063,6.8,17966,207,61,0,-33,-6,-2,-3,-25,-29,-0.2
"560","Red","Neither","Neither","Blue",19,3,7,8,0,17780,6.6,17456,245,40,474,-775,14,2,9,10,0,17306,7,18231,207,51,0,5,1,-2,-2,38,-11,-0.4
"561","Red","Neither","Neither","Red",14,2,7,8,0,16804,6.6,16732,184,52,-1072,-646,12,3,12,16,0,17876,7,17378,194,24,0,2,-1,-5,-8,-10,28,-0.4
"562","Red","Red","Neither","Blue",16,3,7,9,0,17372,6.8,17530,202,56,-2817,-1700,21,1,13,17,0,20189,7.2,19230,218,58,0,-5,2,-6,-8,-16,-2,-0.4
"563","Blue","Blue","Neither","Red",17,4,4,7,0,15162,6.6,16973,195,49,-243,-465,21,2,3,4,0,15405,6.6,17438,235,53,0,-4,2,1,3,-40,-4,0
"564","Red","Blue","Neither","Red",18,5,3,7,0,14742,6.6,16390,202,57,-1517,-1565,16,4,3,5,0,16259,7,17955,255,49,0,2,1,0,2,-53,8,-0.4
"565","Red","Red","Neither","Red",13,1,0,0,0,13078,6.2,15827,184,61,-3205,-3400,30,5,6,4,0,16283,7.4,19227,210,54,0,-17,-4,-6,-4,-26,7,-1.2
"566","Red","Red","Neither","Red",14,3,2,4,0,13886,6.6,17234,203,45,-2820,-2751,17,3,5,1,0,16706,7.4,19985,255,72,0,-3,0,-3,3,-52,-27,-0.800000000000001
"567","Blue","Blue","Neither","Blue",19,4,7,13,0,16632,6.8,16709,212,32,1722,1010,20,5,3,4,0,14910,6.2,15699,224,44,0,-1,-1,4,9,-12,-12,0.6
"568","Blue","Blue","Blue","Blue",14,0,6,5,0,17215,7,19549,264,57,1978,1595,13,1,2,2,0,15237,7,17954,199,71,0,1,-1,4,3,65,-14,0
"569","Blue","Neither","Neither","Blue",15,5,11,8,0,17528,7,18271,191,48,171,618,37,3,9,10,0,17357,6.6,17653,209,32,0,-22,2,2,-2,-18,16,0.4
"570","Red","Blue","Red","Red",13,4,5,9,0,16555,7.2,19152,252,52,659,405,15,1,3,3,0,15896,7,18747,238,57,0,-2,3,2,6,14,-5,0.2
"571","Blue","Blue","Red","Red",16,8,6,7,0,15246,6.6,16135,174,43,-2974,-2746,26,3,11,9,0,18220,7.2,18881,198,59,0,-10,5,-5,-2,-24,-16,-0.600000000000001
"572","Red","Red","Neither","Red",94,3,3,3,0,14033,6.2,15049,184,44,-3078,-3306,22,2,9,10,0,17111,7.4,18355,204,52,0,72,1,-6,-7,-20,-8,-1.2
"573","Red","Red","Neither","Blue",17,3,7,6,0,16778,7,17473,205,59,1153,282,18,2,6,9,0,15625,6.6,17191,203,52,0,-1,1,1,-3,2,7,0.4
"574","Blue","Blue","Blue","Blue",15,2,11,8,0,18960,7.4,20136,225,63,3878,2862,15,3,5,3,0,15082,6.8,17274,204,43,0,0,-1,6,5,21,20,0.600000000000001
"575","Blue","Blue","Blue","Blue",15,1,5,5,0,17065,7,18930,220,54,2717,1557,12,4,1,1,0,14348,7,17373,227,62,0,3,-3,4,4,-7,-8,0
"576","Blue","Red","Neither","Blue",88,4,9,8,0,18283,7.4,19207,243,44,3038,3164,21,7,7,5,0,15245,6.4,16043,147,52,0,67,-3,2,3,96,-8,1
"577","Red","Red","Neither","Red",17,3,4,6,0,15190,6.6,16345,196,47,-1903,-584,42,4,7,14,0,17093,6.6,16929,206,64,0,-25,-1,-3,-8,-10,-17,0
"578","Blue","Red","Neither","Blue",15,0,9,8,0,18192,6.8,18534,229,44,3518,2843,12,0,5,7,0,14674,6.4,15691,188,32,0,3,0,4,1,41,12,0.399999999999999
"579","Blue","Neither","Neither","Red",15,3,7,12,0,17329,6.8,17342,212,60,216,259,49,2,7,12,0,17113,6.8,17083,181,52,0,-34,1,0,0,31,8,0
"580","Red","Red","Neither","Blue",34,2,5,3,0,16422,7,18934,247,52,-509,-196,15,1,8,8,0,16931,6.8,19130,218,48,0,19,1,-3,-5,29,4,0.2
"581","Red","Neither","Red","Red",12,1,9,14,0,17385,7,18061,208,36,978,372,18,3,6,7,0,16407,7,17689,226,54,0,-6,-2,3,7,-18,-18,0
"582","Blue","Blue","Neither","Blue",51,4,11,9,0,16663,7,18021,188,64,1884,1871,16,2,3,2,0,14779,6.4,16150,208,40,0,35,2,8,7,-20,24,0.6
"583","Blue","Red","Blue","Blue",18,2,10,13,0,17902,7.2,18882,186,50,2224,2062,15,2,4,7,0,15678,6.6,16820,208,44,0,3,0,6,6,-22,6,0.600000000000001
"584","Red","Red","Blue","Red",22,3,8,9,0,17398,7,18429,206,36,-1079,252,21,5,11,7,0,18477,7,18177,233,44,0,1,-2,-3,2,-27,-8,0
"585","Red","Red","Red","Red",15,1,5,6,0,15532,6.8,17712,201,40,-1768,-1778,14,4,7,8,0,17300,7.4,19490,253,59,0,1,-3,-2,-2,-52,-19,-0.600000000000001
"586","Red","Blue","Neither","Red",15,3,6,4,0,15412,6.8,17010,197,48,-886,-476,16,3,6,8,0,16298,6.8,17486,205,52,0,-1,0,0,-4,-8,-4,0
"587","Blue","Neither","Neither","Blue",68,2,9,16,0,17718,7,18091,209,48,3017,1450,17,2,3,2,0,14701,6.8,16641,197,52,0,51,0,6,14,12,-4,0.2
"588","Red","Blue","Neither","Blue",16,7,8,9,0,17055,7,17918,199,48,-431,120,20,2,8,13,0,17486,7,17798,221,52,0,-4,5,0,-4,-22,-4,0
"589","Red","Neither","Neither","Red",81,0,6,6,0,16020,6.8,17180,215,39,-2618,-2637,15,3,12,7,0,18638,7.6,19817,212,52,0,66,-3,-6,-1,3,-13,-0.8
"590","Red","Blue","Blue","Blue",17,6,6,6,0,16254,7,17969,203,48,-740,-665,16,4,6,9,0,16994,7,18634,238,60,0,1,2,0,-3,-35,-12,0
"591","Blue","Neither","Blue","Blue",15,0,12,13,0,19201,7.2,18883,214,67,3982,3457,12,2,5,7,0,15219,6.2,15426,182,47,0,3,-2,7,6,32,20,1
"592","Red","Red","Neither","Red",16,1,5,6,0,15994,6.8,17730,211,50,-2028,-1740,12,3,10,7,0,18022,7.2,19470,242,58,0,4,-2,-5,-1,-31,-8,-0.4
"593","Blue","Red","Blue","Red",15,1,10,8,2,20352,7.4,19537,232,57,5649,3668,14,2,4,6,0,14703,6.4,15869,200,38,2,1,-1,6,2,32,19,1
"594","Red","Red","Red","Red",9,1,0,0,0,12756,6.4,16250,190,54,-4949,-4010,15,2,9,7,0,17705,7.4,20260,253,52,0,-6,-1,-9,-7,-63,2,-1
"595","Blue","Blue","Blue","Blue",16,2,8,5,1,18661,7.4,19718,233,56,4867,4211,14,1,3,7,0,13794,6.6,15507,169,40,1,2,1,5,-2,64,16,0.800000000000001
"596","Red","Blue","Blue","Red",20,2,2,2,0,15488,6.8,18660,265,67,-978,-226,20,2,6,8,0,16466,7.2,18886,220,43,0,0,0,-4,-6,45,24,-0.4
"597","Red","Neither","Neither","Red",16,2,8,9,0,17547,7,18409,214,67,2425,1426,55,1,4,6,0,15122,6.6,16983,233,38,0,-39,1,4,3,-19,29,0.4
"598","Blue","Blue","Neither","Blue",17,2,12,11,0,19189,7.4,20302,227,49,3815,2726,16,1,6,5,0,15374,6.6,17576,203,50,0,1,1,6,6,24,-1,0.800000000000001
"599","Blue","Blue","Neither","Blue",44,3,7,4,0,16749,7,18142,192,60,976,2257,13,2,5,8,0,15773,6.6,15885,209,35,0,31,1,2,-4,-17,25,0.4
"600","Blue","Blue","Neither","Blue",14,5,5,6,0,16214,7.2,18139,257,54,862,-426,20,3,4,3,0,15352,7,18565,219,56,0,-6,2,1,3,38,-2,0.2
"601","Red","Red","Neither","Blue",13,0,4,6,0,15500,7,18238,216,44,-403,-26,57,5,3,3,0,15903,7,18264,242,54,0,-44,-5,1,3,-26,-10,0
"602","Red","Neither","Red","Red",85,3,2,3,0,14735,7,17898,219,51,-2204,-1476,22,4,6,5,0,16939,7.2,19374,243,52,0,63,-1,-4,-2,-24,-1,-0.2
"603","Blue","Blue","Neither","Blue",21,3,9,11,0,17489,6.6,16724,221,40,-219,-1275,40,5,9,13,0,17708,6.8,17999,226,44,0,-19,-2,0,-2,-5,-4,-0.2
"604","Blue","Red","Blue","Blue",13,2,16,16,0,20380,7.2,20228,230,36,5330,4040,18,2,5,3,0,15050,6.6,16188,173,44,0,-5,0,11,13,57,-8,0.600000000000001
"605","Blue","Blue","Blue","Blue",15,0,9,12,0,18048,7,19194,227,61,3414,1608,51,2,4,1,0,14634,6.8,17586,237,28,0,-36,-2,5,11,-10,33,0.2
"606","Red","Neither","Neither","Blue",18,2,5,4,0,15843,6.6,16776,220,42,792,-622,16,3,4,4,0,15051,6.8,17398,185,49,0,2,-1,1,0,35,-7,-0.2
"607","Blue","Red","Red","Blue",23,3,4,5,0,16810,7,18437,224,76,-146,-399,19,5,7,8,0,16956,7,18836,235,49,0,4,-2,-3,-3,-11,27,0
"608","Red","Neither","Blue","Blue",13,4,5,5,0,15204,7,17694,182,40,-1578,-1724,17,1,5,8,0,16782,7.2,19418,250,55,0,-4,3,0,-3,-68,-15,-0.2
"609","Blue","Red","Neither","Blue",18,1,5,5,0,16006,7,18385,225,40,-769,-701,13,5,6,5,0,16775,7,19086,235,52,0,5,-4,-1,0,-10,-12,0
"610","Blue","Neither","Neither","Red",15,1,6,6,0,16746,7,17690,204,55,1860,1798,15,1,3,5,0,14886,6.4,15892,225,38,0,0,0,3,1,-21,17,0.6
"611","Blue","Neither","Neither","Blue",20,0,10,8,0,17648,7.2,18419,181,56,3525,2979,14,3,3,4,0,14123,6.4,15440,183,44,0,6,-3,7,4,-2,12,0.8
"612","Blue","Blue","Red","Blue",13,3,12,18,0,18047,7,18071,202,44,679,-305,12,4,8,7,0,17368,7,18376,206,44,0,1,-1,4,11,-4,0,0
"613","Red","Red","Neither","Red",16,3,1,1,0,13976,6.6,17001,210,58,-2555,-1896,17,4,5,4,0,16531,7.2,18897,234,68,0,-1,-1,-4,-3,-24,-10,-0.600000000000001
"614","Red","Red","Red","Blue",72,1,11,5,0,17264,7.2,18859,196,38,765,425,15,9,6,4,0,16499,7.2,18434,212,56,0,57,-8,5,1,-16,-18,0
"615","Red","Red","Red","Blue",60,1,6,6,0,16767,7,18062,228,53,-1221,-2380,16,1,8,7,0,17988,7.4,20442,252,64,0,44,0,-2,-1,-24,-11,-0.4
"616","Blue","Red","Neither","Red",26,3,10,10,0,19488,7.4,20329,230,67,4492,3211,12,0,6,3,0,14996,6.8,17118,181,45,0,14,3,4,7,49,22,0.600000000000001
"617","Red","Neither","Neither","Red",16,0,3,4,0,15875,6.8,17351,241,42,186,-273,38,5,4,4,0,15689,7.2,17624,232,45,0,-22,-5,-1,0,9,-3,-0.4
"618","Blue","Blue","Neither","Blue",14,1,8,7,0,17717,7.4,19042,203,66,1227,996,14,0,7,8,0,16490,6.8,18046,225,49,0,0,1,1,-1,-22,17,0.600000000000001
"619","Blue","Red","Blue","Red",14,2,5,1,0,16864,7,19251,240,57,-70,-456,14,0,7,5,0,16934,7.6,19707,223,65,0,0,2,-2,-4,17,-8,-0.6
"620","Red","Neither","Neither","Red",37,4,3,3,0,14788,7,17425,227,46,-1605,-1335,18,2,4,4,0,16393,7.2,18760,252,54,0,19,2,-1,-1,-25,-8,-0.2
"621","Red","Red","Neither","Red",14,2,4,4,0,14743,6.4,15965,197,50,-3465,-3351,20,3,9,10,0,18208,7.4,19316,224,74,0,-6,-1,-5,-6,-27,-24,-1
"622","Red","Red","Blue","Blue",13,7,11,20,0,17949,6.6,16183,172,41,-431,-1022,45,1,10,10,0,18380,6.6,17205,207,48,0,-32,6,1,10,-35,-7,0
"623","Blue","Neither","Neither","Red",21,4,8,9,0,17737,7.2,18303,193,50,1083,451,16,4,7,2,0,16654,7.2,17852,207,44,0,5,0,1,7,-14,6,0
"624","Red","Neither","Neither","Red",13,5,5,5,0,15307,7,18407,218,39,-1259,-360,20,6,6,12,0,16566,7.2,18767,250,47,0,-7,-1,-1,-7,-32,-8,-0.2
"625","Red","Neither","Red","Red",13,1,4,4,0,13973,6.2,15260,166,45,-6801,-4611,77,4,12,14,1,20774,7.4,19871,234,44,-1,-64,-3,-8,-10,-68,1,-1.2
"626","Blue","Blue","Red","Blue",14,0,7,8,0,18089,7.4,18770,225,77,1158,191,14,1,10,8,0,16931,7.2,18579,202,38,0,0,-1,-3,0,23,39,0.2
"627","Blue","Blue","Blue","Blue",18,3,7,6,0,17224,7.2,18597,237,56,2053,1371,16,4,3,4,0,15171,6.6,17226,237,43,0,2,-1,4,2,0,13,0.600000000000001
"628","Blue","Red","Neither","Red",20,2,11,12,0,17649,7.2,18664,187,42,604,1983,16,1,7,8,0,17045,6.6,16681,187,62,0,4,1,4,4,0,-20,0.600000000000001
"629","Blue","Red","Blue","Red",15,1,3,5,1,16886,7,17965,244,53,75,616,18,0,7,14,0,16811,7,17349,195,60,1,-3,1,-4,-9,49,-7,0
"630","Red","Neither","Neither","Blue",16,3,2,2,0,14584,6.6,16647,235,47,-542,-927,14,1,4,5,0,15126,6.8,17574,211,52,0,2,2,-2,-3,24,-5,-0.2
"631","Blue","Red","Neither","Blue",21,3,9,13,0,17331,6.8,17982,201,59,1099,-98,20,3,7,7,0,16232,6.8,18080,195,52,0,1,0,2,6,6,7,0
"632","Blue","Blue","Neither","Blue",88,4,8,4,0,17763,7,18822,246,48,2183,263,14,1,4,6,0,15580,7,18559,212,68,0,74,3,4,-2,34,-20,0
"633","Blue","Blue","Blue","Blue",14,4,4,5,0,16814,7,18549,220,70,791,224,16,1,4,6,0,16023,7,18325,228,56,0,-2,3,0,-1,-8,14,0
"634","Red","Neither","Red","Red",13,0,3,2,0,14500,6.6,16097,209,50,-3614,-3434,16,1,8,10,0,18114,7.2,19531,222,60,0,-3,-1,-5,-8,-13,-10,-0.600000000000001
"635","Red","Blue","Blue","Blue",11,2,11,9,0,17435,7,19432,236,52,1220,589,14,2,2,2,0,16215,7,18843,241,68,0,-3,0,9,7,-5,-16,0
"636","Red","Neither","Neither","Blue",14,1,4,3,0,14682,6.6,17105,199,50,-1827,-2059,17,1,5,5,0,16509,7.4,19164,235,48,0,-3,0,-1,-2,-36,2,-0.800000000000001
"637","Red","Red","Neither","Red",17,2,8,8,0,16752,7,18737,229,32,583,751,14,2,5,5,0,16169,7,17986,201,55,0,3,0,3,3,28,-23,0
"638","Red","Red","Blue","Blue",13,2,3,5,0,15649,7.2,18818,227,67,-334,-1054,54,3,2,1,0,15983,7.4,19872,238,84,0,-41,-1,1,4,-11,-17,-0.2
"639","Red","Red","Neither","Red",18,8,6,9,0,16124,7,17595,232,37,-2494,-1188,20,5,11,18,0,18618,7,18783,230,50,0,-2,3,-5,-9,2,-13,0
"640","Blue","Neither","Neither","Blue",11,4,18,6,1,21132,7.2,19294,236,44,2658,2407,166,0,13,16,0,18474,6.6,16887,154,31,1,-155,4,5,-10,82,13,0.600000000000001
"641","Blue","Blue","Red","Red",20,1,9,10,0,17569,6.8,17411,228,37,-116,-303,18,4,9,11,0,17685,7,17714,207,45,0,2,-3,0,-1,21,-8,-0.2
"642","Blue","Blue","Blue","Blue",16,3,9,11,0,17097,6.8,16795,202,46,-197,-2391,75,4,8,8,0,17294,7.2,19186,219,48,0,-59,-1,1,3,-17,-2,-0.4
"643","Red","Neither","Neither","Red",17,2,7,8,0,16906,6.8,18034,218,52,760,521,15,3,5,4,0,16146,6.8,17513,244,48,0,2,-1,2,4,-26,4,0
"644","Blue","Red","Neither","Red",16,3,5,6,0,16632,7,18912,233,53,1224,1259,39,3,4,5,0,15408,6.8,17653,228,40,0,-23,0,1,1,5,13,0.2
"645","Red","Neither","Red","Red",16,1,2,2,0,13449,6.4,15122,180,44,-6076,-3107,13,2,11,12,1,19525,6.8,18229,193,55,-1,3,-1,-9,-10,-13,-11,-0.399999999999999
"646","Red","Blue","Neither","Red",14,0,8,9,0,16712,6.8,17809,190,35,-2339,-917,38,4,11,19,0,19051,7.2,18726,228,40,0,-24,-4,-3,-10,-38,-5,-0.4
"647","Blue","Red","Neither","Blue",13,2,3,4,0,16372,7.2,18954,279,58,2590,1325,19,4,1,0,0,13782,7,17629,226,53,0,-6,-2,2,4,53,5,0.2
"648","Red","Blue","Neither","Blue",18,1,9,6,0,17384,7.4,19286,235,56,2175,1409,18,8,5,3,0,15209,7.2,17877,222,44,0,0,-7,4,3,13,12,0.2
"649","Red","Blue","Neither","Blue",16,2,6,10,0,17075,7,18328,229,57,1188,-284,12,0,7,5,0,15887,7,18612,182,51,0,4,2,-1,5,47,6,0
"650","Red","Red","Neither","Red",15,7,11,7,0,18860,8,22224,233,60,1651,3902,18,3,7,6,0,17209,7,18322,215,47,0,-3,4,4,1,18,13,1
"651","Red","Red","Neither","Red",14,3,5,4,0,15381,7.2,19473,211,52,-187,2135,17,1,3,5,0,15568,6.8,17338,238,48,0,-3,2,2,-1,-27,4,0.4
"652","Red","Red","Neither","Red",14,3,2,2,0,13545,6.4,15716,180,51,-4868,-4160,16,1,9,12,0,18413,7.4,19876,242,47,0,-2,2,-7,-10,-62,4,-1
"653","Red","Neither","Red","Red",37,3,0,0,0,13256,6.4,16464,202,43,-4149,-3222,17,4,5,4,0,17405,7,19686,272,48,0,20,-1,-5,-4,-70,-5,-0.6
"654","Red","Neither","Neither","Red",13,1,3,1,0,14423,6.6,16966,219,48,-2602,-1426,15,4,6,6,0,17025,7.2,18392,249,54,0,-2,-3,-3,-5,-30,-6,-0.600000000000001
"655","Blue","Blue","Neither","Blue",18,2,7,5,0,17551,7,18910,244,49,-1018,1114,25,3,8,10,1,18569,7,17796,204,49,-1,-7,-1,-1,-5,40,0,0
"656","Blue","Red","Neither","Red",25,4,11,12,0,19537,7,18358,189,60,2718,1185,20,1,6,8,0,16819,7,17173,211,48,0,5,3,5,4,-22,12,0
"657","Blue","Blue","Neither","Blue",17,3,17,16,0,20218,7.2,18620,199,40,4899,2415,16,2,5,5,0,15319,6.4,16205,165,61,0,1,1,12,11,34,-21,0.8
"658","Blue","Red","Neither","Red",18,2,5,5,0,15191,6.6,16443,193,49,-1344,-2597,14,1,5,4,0,16535,7,19040,207,76,0,4,1,0,1,-14,-27,-0.4
"659","Blue","Blue","Neither","Blue",20,5,11,12,0,18802,7,18095,224,51,3781,1725,17,3,3,2,0,15021,6.6,16370,222,44,0,3,2,8,10,2,7,0.4
"660","Blue","Blue","Neither","Blue",10,0,7,3,0,17116,7.2,19290,237,65,3328,3696,11,2,3,3,0,13788,6.4,15594,173,43,0,-1,-2,4,0,64,22,0.8
"661","Blue","Blue","Neither","Blue",19,1,11,15,0,18230,6.8,17602,195,52,2114,75,14,2,6,7,0,16116,6.8,17527,198,52,0,5,-1,5,8,-3,0,0
"662","Red","Blue","Neither","Blue",16,11,6,3,0,15829,7,18055,228,48,-464,-47,43,9,7,8,0,16293,7,18102,208,42,0,-27,2,-1,-5,20,6,0
"663","Blue","Blue","Blue","Red",17,5,4,2,0,14729,6.8,18508,228,40,-17,588,17,5,2,1,0,14746,6.8,17920,192,69,0,0,0,2,1,36,-29,0
"664","Blue","Red","Neither","Red",14,1,8,9,0,17793,7,19086,208,77,1300,3056,23,3,7,12,0,16493,6.4,16030,221,42,0,-9,-2,1,-3,-13,35,0.6
"665","Blue","Blue","Blue","Blue",43,4,7,15,0,17525,7.2,19534,240,53,3884,2315,30,5,0,0,0,13641,6.8,17219,238,53,0,13,-1,7,15,2,0,0.4
"666","Red","Blue","Neither","Red",17,7,8,13,0,17579,7.2,18266,224,41,475,1006,22,2,9,10,0,17104,6.8,17260,205,36,0,-5,5,-1,3,19,5,0.4
"667","Blue","Blue","Blue","Blue",15,2,7,7,0,18227,7.2,19568,256,61,2689,2827,15,1,4,4,0,15538,6.6,16741,224,36,0,0,1,3,3,32,25,0.600000000000001
"668","Red","Neither","Blue","Red",13,7,4,1,0,14898,7,17842,192,48,-1367,-197,15,0,6,10,0,16265,6.8,18039,219,43,0,-2,7,-2,-9,-27,5,0.2
"669","Red","Blue","Neither","Blue",17,4,4,3,0,15769,6.8,17360,222,59,-2999,-1476,18,3,8,11,1,18768,7,18836,232,60,-1,-1,1,-4,-8,-10,-1,-0.2
"670","Red","Neither","Blue","Red",24,7,12,17,1,19272,6.8,16786,188,36,-967,-965,18,3,12,23,1,20239,7,17751,222,56,0,6,4,0,-6,-34,-20,-0.2
"671","Red","Blue","Red","Blue",16,2,7,8,0,17788,7.2,19078,255,58,1969,1497,16,2,4,4,0,15819,6.8,17581,234,49,0,0,0,3,4,21,9,0.4
"672","Red","Red","Neither","Red",12,2,3,4,0,14738,6.4,17148,197,63,-4199,-3186,16,3,11,7,0,18937,7.6,20334,241,56,0,-4,-1,-8,-3,-44,7,-1.2
"673","Blue","Red","Neither","Blue",18,3,5,2,0,16113,6.8,17058,231,39,-105,-896,16,3,6,6,0,16218,7,17954,217,50,0,2,0,-1,-4,14,-11,-0.2
"674","Red","Neither","Blue","Blue",14,1,9,11,1,18967,7.2,17807,231,42,3652,1542,40,1,5,7,0,15315,6.4,16265,194,44,1,-26,0,4,4,37,-2,0.8
"675","Red","Red","Neither","Red",26,1,2,4,0,15416,7,18096,253,64,-83,-64,14,3,3,3,0,15499,7.2,18160,230,68,0,12,-2,-1,1,23,-4,-0.2
"676","Red","Red","Neither","Blue",13,4,9,8,0,18096,7.2,18969,232,36,2526,1379,16,2,5,4,0,15570,6.8,17590,194,49,0,-3,2,4,4,38,-13,0.4
"677","Red","Blue","Red","Red",13,2,3,1,0,14411,6.8,16806,210,54,-1864,-1945,19,0,6,6,0,16275,7.2,18751,198,66,0,-6,2,-3,-5,12,-12,-0.4
"678","Blue","Red","Blue","Blue",18,2,4,2,0,15668,7,18873,250,48,787,481,18,2,3,1,0,14881,7,18392,221,60,0,0,0,1,1,29,-12,0
"679","Red","Red","Blue","Blue",17,3,7,8,0,16288,6.8,17321,193,68,-1222,-2334,14,2,7,9,0,17510,7.2,19655,221,56,0,3,1,0,-1,-28,12,-0.4
"680","Red","Red","Neither","Blue",15,2,11,13,0,18575,7.2,18974,198,49,-204,1350,39,2,11,10,1,18779,6.8,17624,211,36,-1,-24,0,0,3,-13,13,0.4
"681","Red","Blue","Red","Blue",16,2,6,4,0,17379,7.2,19080,251,64,1759,1710,61,1,5,5,0,15620,6.8,17370,220,44,0,-45,1,1,-1,31,20,0.4
"682","Red","Blue","Red","Red",12,3,3,3,0,15222,6.8,17667,220,55,-1650,-1358,70,1,8,9,0,16872,7.2,19025,217,52,0,-58,2,-5,-6,3,3,-0.4
"683","Blue","Blue","Neither","Blue",17,3,5,6,0,16191,7.2,18795,238,46,290,617,15,3,5,3,0,15901,7.2,18178,242,44,0,2,0,0,3,-4,2,0
"684","Red","Blue","Neither","Blue",9,0,2,3,0,14930,6.8,17328,231,61,-3418,-2689,14,2,5,3,1,18348,7.4,20017,263,65,-1,-5,-2,-3,0,-32,-4,-0.600000000000001
"685","Red","Neither","Neither","Blue",12,5,7,8,0,17062,7.2,19299,238,58,1922,1870,19,2,4,4,0,15140,6.8,17429,191,44,0,-7,3,3,4,47,14,0.4
"686","Red","Red","Neither","Red",16,0,4,5,0,14763,6.6,16159,205,44,-3584,-2457,11,5,8,13,0,18347,7,18616,254,54,0,5,-5,-4,-8,-49,-10,-0.4
"687","Red","Red","Neither","Blue",17,3,7,5,0,15351,6,13858,169,52,-2827,-2675,17,5,10,11,0,18178,6.4,16533,181,52,0,0,-2,-3,-6,-12,0,-0.4
"688","Red","Neither","Red","Red",20,4,11,8,0,17625,7,18727,212,43,817,2322,18,5,7,7,0,16808,6.6,16405,209,49,0,2,-1,4,1,3,-6,0.4
"689","Blue","Red","Neither","Red",24,3,3,5,0,15933,7.2,19079,259,52,75,536,15,1,3,4,0,15858,7.2,18543,262,56,0,9,2,0,1,-3,-4,0
"690","Red","Red","Neither","Red",12,3,11,8,0,18229,7.2,19238,198,48,-1502,-321,12,0,14,14,0,19731,7.4,19559,186,43,0,0,3,-3,-6,12,5,-0.2
"691","Blue","Red","Neither","Red",34,5,2,2,0,15356,7,17995,230,60,-1706,-1004,20,3,7,7,0,17062,7,18999,209,71,0,14,2,-5,-5,21,-11,0
"692","Blue","Red","Blue","Red",13,5,7,6,0,17005,6.8,18098,216,56,274,1018,20,2,9,10,0,16731,6.6,17080,200,44,0,-7,3,-2,-4,16,12,0.2
"693","Blue","Red","Neither","Red",20,4,7,8,0,16747,6.8,18344,198,40,1058,1735,19,8,5,9,0,15689,6.6,16609,198,46,0,1,-4,2,-1,0,-6,0.2
"694","Red","Neither","Neither","Red",14,0,6,9,0,16060,6.6,16426,187,50,-1776,-3265,14,1,7,7,0,17836,7.2,19691,248,60,0,0,-1,-1,2,-61,-10,-0.600000000000001
"695","Red","Red","Neither","Blue",15,3,5,8,0,14998,6.2,15234,197,40,-2698,-3640,16,2,9,11,0,17696,7.2,18874,232,44,0,-1,1,-4,-3,-35,-4,-1
"696","Red","Red","Neither","Blue",23,5,6,7,0,16182,6.8,17791,221,49,-95,-1113,18,4,7,11,0,16277,7,18904,216,60,0,5,1,-1,-4,5,-11,-0.2
"697","Red","Red","Blue","Blue",11,3,8,7,0,17065,7.6,19772,214,51,519,1006,14,1,8,6,0,16546,7,18766,204,51,0,-3,2,0,1,10,0,0.6
"698","Red","Blue","Neither","Blue",17,2,3,4,0,15544,6.8,18579,222,80,-873,300,15,3,4,2,0,16417,7,18279,240,56,0,2,-1,-1,2,-18,24,-0.2
"699","Blue","Blue","Neither","Red",16,6,4,8,0,16541,7,18666,225,60,-1514,-629,20,1,9,8,0,18055,7.4,19295,239,45,0,-4,5,-5,0,-14,15,-0.4
"700","Blue","Blue","Neither","Red",24,2,6,9,0,15112,6.6,16369,184,43,-973,-674,17,1,5,4,0,16085,6.8,17043,231,50,0,7,1,1,5,-47,-7,-0.2
"701","Red","Neither","Red","Red",15,4,8,7,0,17550,7,18186,229,48,-1499,-1282,14,4,11,14,0,19049,7,19468,247,32,0,1,0,-3,-7,-18,16,0
"702","Blue","Blue","Blue","Blue",20,5,8,9,0,18323,7.4,20458,262,52,4011,2732,16,7,2,0,0,14312,6.6,17726,208,58,0,4,-2,6,9,54,-6,0.800000000000001
"703","Blue","Blue","Blue","Blue",18,3,6,5,2,18553,7,18785,248,48,4957,3218,13,2,1,0,0,13596,6.4,15567,214,53,2,5,1,5,5,34,-5,0.6
"704","Red","Red","Neither","Red",13,2,4,5,0,15252,6.8,17517,225,46,-615,-347,14,5,4,3,0,15867,6.6,17864,229,54,0,-1,-3,0,2,-4,-8,0.2
"705","Blue","Red","Neither","Blue",18,7,7,3,0,16863,6.8,17725,206,42,783,-301,18,5,8,7,0,16080,7,18026,186,44,0,0,2,-1,-4,20,-2,-0.2
"706","Red","Blue","Neither","Red",15,4,1,2,0,13925,7,18363,216,60,-3617,-1967,78,1,4,5,0,17542,7.4,20330,260,80,0,-63,3,-3,-3,-44,-20,-0.4
"707","Blue","Red","Neither","Blue",15,3,7,8,0,16828,6.8,17273,217,35,912,-241,19,3,5,5,0,15916,6.6,17514,217,60,0,-4,0,2,3,0,-25,0.2
"708","Red","Neither","Blue","Blue",15,1,4,6,0,15391,6.6,16275,189,46,-2746,-2775,24,4,9,7,0,18137,7,19050,247,43,0,-9,-3,-5,-1,-58,3,-0.4
"709","Blue","Neither","Neither","Blue",21,3,5,4,0,16350,7,18701,245,53,1290,1337,37,6,2,2,0,15060,6.8,17364,236,54,0,-16,-3,3,2,9,-1,0.2
"710","Blue","Red","Neither","Red",14,5,6,7,0,17159,7.2,19172,223,56,-71,994,33,1,6,8,0,17230,6.8,18178,229,43,0,-19,4,0,-1,-6,13,0.4
"711","Red","Red","Blue","Red",14,4,4,3,0,15484,7.2,18316,226,50,-2528,-882,42,1,8,11,0,18012,7.2,19198,236,56,0,-28,3,-4,-8,-10,-6,0
"712","Blue","Neither","Neither","Blue",15,3,5,4,0,17024,7.2,19195,254,63,901,1182,12,2,6,7,0,16123,6.8,18013,214,48,0,3,1,-1,-3,40,15,0.4
"713","Blue","Red","Red","Blue",23,6,10,13,0,18680,7.2,19206,220,61,2013,1022,20,2,6,8,0,16667,6.8,18184,210,43,0,3,4,4,5,10,18,0.4
"714","Red","Blue","Blue","Red",16,2,4,2,0,14657,6.8,16983,188,59,-3113,-1771,20,1,11,20,0,17770,7.2,18754,201,45,0,-4,1,-7,-18,-13,14,-0.4
"715","Red","Blue","Neither","Blue",13,0,6,5,0,15550,6.8,17134,191,44,-1467,-1916,15,2,9,5,0,17017,7.2,19050,213,40,0,-2,-2,-3,0,-22,4,-0.4
"716","Red","Blue","Neither","Red",21,4,6,3,0,15861,6.6,17082,208,47,-3197,-1400,15,4,12,20,0,19058,7.4,18482,208,48,0,6,0,-6,-17,0,-1,-0.800000000000001
"717","Blue","Red","Neither","Red",19,5,2,2,0,15202,7.2,19256,225,60,-31,849,72,4,4,3,0,15233,7.2,18407,218,60,0,-53,1,-2,-1,7,0,0
"718","Red","Red","Blue","Red",19,2,4,5,0,15214,6.8,16970,211,40,-802,-842,15,5,7,6,0,16016,6.8,17812,209,52,0,4,-3,-3,-1,2,-12,0
"719","Red","Blue","Red","Blue",18,4,8,12,0,16171,6.6,16898,214,43,-1642,-2040,16,4,8,9,0,17813,7.2,18938,235,60,0,2,0,0,3,-21,-17,-0.600000000000001
"720","Red","Neither","Neither","Red",63,6,9,5,0,18184,7.4,20169,238,52,2989,4519,23,18,4,6,0,15195,6.4,15650,192,44,0,40,-12,5,-1,46,8,1
"721","Blue","Blue","Neither","Blue",21,3,5,8,0,16751,6.8,17829,247,39,2197,1707,11,1,3,1,0,14554,6.2,16122,193,60,0,10,2,2,7,54,-21,0.6
"722","Red","Blue","Red","Red",17,0,6,8,0,16973,7,18787,250,55,2983,1577,13,4,1,1,0,13990,6.8,17210,199,48,0,4,-4,5,7,51,7,0.2
"723","Blue","Blue","Blue","Red",16,3,7,7,0,17239,7.4,19174,222,48,1167,2368,12,2,7,7,0,16072,6.6,16806,182,58,0,4,1,0,0,40,-10,0.800000000000001
"724","Red","Red","Neither","Red",14,4,2,4,0,14660,6.6,17284,232,52,-3941,-2386,17,4,11,19,0,18601,7.4,19670,195,56,0,-3,0,-9,-15,37,-4,-0.800000000000001
"725","Red","Blue","Neither","Blue",20,3,9,11,0,17429,6.8,17309,211,48,720,-183,16,4,8,10,0,16709,6.8,17492,210,50,0,4,-1,1,1,1,-2,0
"726","Blue","Neither","Neither","Blue",14,4,8,8,0,18513,7.2,18739,250,40,4098,1004,12,0,3,4,0,14415,6.8,17735,194,60,0,2,4,5,4,56,-20,0.4
"727","Blue","Blue","Neither","Blue",15,3,5,6,0,16225,6.8,17742,231,56,2430,2023,16,1,2,2,0,13795,6.6,15719,179,52,0,-1,2,3,4,52,4,0.2
"728","Red","Blue","Neither","Blue",14,3,5,5,0,16267,7,17908,247,60,206,-364,18,0,5,5,0,16061,6.8,18272,228,54,0,-4,3,0,0,19,6,0.2
"729","Red","Neither","Neither","Blue",17,1,3,4,0,15478,6.8,17551,233,59,-1003,-1571,16,0,4,4,0,16481,7.2,19122,236,64,0,1,1,-1,0,-3,-5,-0.4
"730","Red","Blue","Blue","Red",87,3,7,10,0,16335,7.2,18087,212,56,600,-81,16,2,3,3,0,15735,7,18168,246,56,0,71,1,4,7,-34,0,0.2
"731","Blue","Neither","Red","Red",16,4,4,2,0,14826,6.8,16660,204,49,-1596,-1318,16,4,5,7,0,16422,7,17978,214,57,0,0,0,-1,-5,-10,-8,-0.2
"732","Blue","Red","Neither","Blue",19,2,9,19,0,19092,7.2,19183,226,44,2035,1188,18,2,7,8,0,17057,7,17995,214,56,0,1,0,2,11,12,-12,0.2
"733","Red","Red","Blue","Blue",19,3,10,9,0,17619,7.2,18563,186,49,1273,622,16,2,7,4,0,16346,7,17941,186,57,0,3,1,3,5,0,-8,0.2
"734","Blue","Red","Neither","Red",15,1,9,9,0,16872,7,17906,199,36,-1232,-272,17,1,8,6,0,18104,7,18178,225,48,0,-2,0,1,3,-26,-12,0
"735","Blue","Blue","Neither","Blue",25,3,8,9,0,17265,6.8,17683,233,43,1726,1423,16,3,5,11,0,15539,6.4,16260,192,48,0,9,0,3,-2,41,-5,0.399999999999999
"736","Blue","Neither","Neither","Blue",17,5,11,12,0,19308,7.2,18764,243,49,2036,2183,17,2,7,9,0,17272,6.6,16581,164,44,0,0,3,4,3,79,5,0.600000000000001
"737","Blue","Blue","Red","Blue",17,4,7,8,0,16535,7,17930,230,28,-1123,-1665,15,1,8,7,0,17658,7,19595,225,68,0,2,3,-1,1,5,-40,0
"738","Red","Red","Neither","Red",18,5,6,8,0,16606,7,18604,226,43,-1325,64,19,4,8,11,0,17931,7.2,18540,233,56,0,-1,1,-2,-3,-7,-13,-0.2
"739","Red","Blue","Neither","Blue",16,3,9,10,0,17168,6.8,17668,212,40,-25,1849,21,3,9,10,0,17193,6.6,15819,196,32,0,-5,0,0,0,16,8,0.2
"740","Red","Neither","Neither","Red",15,18,4,6,0,14839,6.6,17555,215,41,-1089,-782,41,0,4,1,0,15928,7,18337,225,63,0,-26,18,0,5,-10,-22,-0.4
"741","Blue","Red","Neither","Blue",16,1,7,8,0,17812,7,18372,244,56,1745,1180,14,3,6,10,0,16067,6.8,17192,216,60,0,2,-2,1,-2,28,-4,0.2
"742","Red","Red","Neither","Red",18,2,3,4,0,14827,7,17341,201,41,-1838,-1584,37,2,5,4,0,16665,7,18925,230,67,0,-19,0,-2,0,-29,-26,0
"743","Blue","Neither","Blue","Red",19,2,4,4,0,15578,6.8,17702,229,46,-1018,-1124,20,2,6,6,0,16596,7,18826,240,51,0,-1,0,-2,-2,-11,-5,-0.2
"744","Red","Blue","Red","Red",20,4,7,8,0,16628,6.8,17255,215,52,-105,1234,18,2,3,5,1,16733,6.2,16021,213,46,-1,2,2,4,3,2,6,0.6
"745","Red","Blue","Red","Blue",17,2,3,6,0,14609,6.8,16875,218,37,-2141,-2439,40,4,4,4,0,16750,7.2,19314,253,51,0,-23,-2,-1,2,-35,-14,-0.4
"746","Red","Red","Red","Red",40,3,1,1,0,13325,6.6,16064,171,52,-3573,-2497,18,3,7,12,0,16898,7.2,18561,230,51,0,22,0,-6,-11,-59,1,-0.600000000000001
"747","Blue","Red","Neither","Red",23,1,3,3,0,15277,6.8,17286,234,52,-2105,-88,18,4,7,15,0,17382,7,17374,191,54,0,5,-3,-4,-12,43,-2,-0.2
"748","Red","Neither","Neither","Blue",15,1,6,4,0,16287,6.6,17787,226,52,25,2,13,2,5,9,0,16262,6.8,17785,226,45,0,2,-1,1,-5,0,7,-0.2
"749","Red","Blue","Neither","Red",55,4,1,1,0,12747,6,14396,180,39,-6435,-5116,15,1,14,10,0,19182,7.4,19512,227,57,0,40,3,-13,-9,-47,-18,-1.4
"750","Red","Blue","Neither","Blue",13,0,9,7,0,17687,6.8,18503,206,56,-609,-504,16,1,9,13,0,18296,7,19007,225,60,0,-3,-1,0,-6,-19,-4,-0.2
"751","Blue","Neither","Blue","Blue",14,9,8,6,0,17187,7,18382,232,39,1546,61,23,4,4,3,0,15641,7.2,18321,240,55,0,-9,5,4,3,-8,-16,-0.2
"752","Red","Red","Neither","Red",12,2,3,4,0,14015,6.4,15677,178,36,-4929,-3345,15,3,12,16,0,18944,7.2,19022,228,48,0,-3,-1,-9,-12,-50,-12,-0.8
"753","Blue","Neither","Neither","Blue",20,1,6,5,0,16291,6.8,18130,228,44,164,-222,13,3,6,6,0,16127,7,18352,227,40,0,7,-2,0,-1,1,4,-0.2
"754","Blue","Red","Red","Red",14,2,4,9,0,16289,7.4,19421,229,72,1025,1276,14,4,2,1,0,15264,7,18145,271,48,0,0,-2,2,8,-42,24,0.4
"755","Blue","Neither","Neither","Blue",17,2,8,9,0,17234,7.2,18799,228,52,1474,1001,16,0,5,5,0,15760,6.8,17798,201,60,0,1,2,3,4,27,-8,0.4
"756","Red","Neither","Red","Blue",18,2,3,4,0,14663,6.6,15749,201,41,-2454,-3816,16,1,8,8,0,17117,7.4,19565,213,50,0,2,1,-5,-4,-12,-9,-0.800000000000001
"757","Blue","Neither","Blue","Blue",18,1,5,4,0,16278,7,18389,244,56,269,480,13,2,5,5,0,16009,7,17909,219,60,0,5,-1,0,-1,25,-4,0
"758","Blue","Red","Blue","Red",16,2,14,18,0,19025,6.8,16965,150,47,-524,-904,13,4,17,9,0,19549,7,17869,185,60,0,3,-2,-3,9,-35,-13,-0.2
"759","Blue","Red","Neither","Red",16,2,3,3,0,15366,7,17861,230,55,-1364,-87,15,2,5,7,0,16730,6.8,17948,243,40,0,1,0,-2,-4,-13,15,0.2
"760","Red","Red","Neither","Red",16,4,0,0,0,14526,6.8,17736,246,64,-2320,-1718,17,1,5,6,0,16846,7.4,19454,248,60,0,-1,3,-5,-6,-2,4,-0.600000000000001
"761","Blue","Blue","Neither","Blue",16,3,4,8,0,16547,7.2,19666,259,64,1268,1705,31,0,2,3,0,15279,7,17961,249,44,0,-15,3,2,5,10,20,0.2
"762","Blue","Blue","Neither","Blue",12,1,2,1,0,14936,7.2,17688,231,53,-1543,-509,14,2,5,8,0,16479,7,18197,250,40,0,-2,-1,-3,-7,-19,13,0.2
"763","Red","Blue","Neither","Red",16,2,5,3,0,15594,6.6,16987,213,55,-2997,-2029,18,6,11,14,0,18591,7.2,19016,222,46,0,-2,-4,-6,-11,-9,9,-0.600000000000001
"764","Red","Red","Neither","Blue",17,1,9,11,0,17416,7.2,18429,208,44,-367,-1771,13,4,6,6,0,17783,7.4,20200,243,68,0,4,-3,3,5,-35,-24,-0.2
"765","Red","Blue","Neither","Red",39,3,4,4,0,15722,6.8,17329,221,53,-3309,-2741,17,5,7,9,1,19031,7.4,20070,230,60,-1,22,-2,-3,-5,-9,-7,-0.600000000000001
"766","Red","Red","Blue","Blue",37,8,3,2,0,16091,7.6,20383,256,76,1188,2851,20,2,2,3,0,14903,7,17532,244,56,0,17,6,1,-1,12,20,0.6
"767","Red","Red","Neither","Blue",25,7,6,6,0,15048,7,17356,183,34,-1138,-867,17,7,3,3,0,16186,7,18223,253,54,0,8,0,3,3,-70,-20,0
"768","Blue","Neither","Neither","Blue",16,5,17,25,1,23335,7.6,20839,239,52,6790,5348,14,0,10,11,0,16545,6.4,15491,129,26,1,2,5,7,14,110,26,1.2
"769","Blue","Red","Blue","Blue",19,2,8,10,0,18272,7.2,19342,233,58,3723,3777,15,1,3,3,0,14549,6.4,15565,196,51,0,4,1,5,7,37,7,0.8
"770","Red","Blue","Neither","Red",23,4,5,6,0,16270,7.2,18195,223,54,748,-77,39,7,5,5,0,15522,6.8,18272,208,55,0,-16,-3,0,1,15,-1,0.4
"771","Blue","Red","Neither","Red",19,2,8,8,0,17298,6.4,16912,233,43,326,1472,13,5,7,11,0,16972,6.4,15440,210,32,0,6,-3,1,-3,23,11,0
"772","Blue","Blue","Blue","Blue",19,3,4,6,1,17230,6.6,17823,244,56,1449,-530,39,3,2,5,0,15781,7,18353,229,77,1,-20,0,2,1,15,-21,-0.4
"773","Red","Blue","Neither","Blue",16,3,10,9,0,17098,6.8,17045,201,35,-635,-1011,18,6,9,9,0,17733,7.2,18056,208,54,0,-2,-3,1,0,-7,-19,-0.4
"774","Red","Red","Blue","Blue",18,5,8,11,0,17380,7,18220,211,64,1060,488,23,4,6,9,0,16320,7,17732,215,56,0,-5,1,2,2,-4,8,0
"775","Red","Red","Blue","Red",12,0,6,4,1,16829,6.8,17978,198,48,-489,188,21,0,9,11,0,17318,6.8,17790,216,47,1,-9,0,-3,-7,-18,1,0
"776","Red","Red","Neither","Blue",15,3,3,6,0,14538,6.8,16871,218,39,-2335,-2787,19,3,5,6,0,16873,7.4,19658,236,80,0,-4,0,-2,0,-18,-41,-0.600000000000001
"777","Blue","Blue","Red","Blue",23,3,4,6,0,15159,6.6,17115,217,43,-2496,-2174,16,4,7,6,0,17655,7.2,19289,240,52,0,7,-1,-3,0,-23,-9,-0.600000000000001
"778","Red","Red","Neither","Red",27,2,5,3,0,14874,6.6,16504,177,44,-2695,-1042,18,5,8,14,0,17569,6.8,17546,249,44,0,9,-3,-3,-11,-72,0,-0.2
"779","Red","Blue","Blue","Blue",18,4,9,9,0,17721,7,18253,226,57,1160,939,17,6,6,7,0,16561,6.8,17314,213,62,0,1,-2,3,2,13,-5,0.2
"780","Blue","Blue","Neither","Blue",16,2,9,10,1,20273,7.2,19742,254,51,4982,1971,39,0,3,4,0,15291,6.8,17771,195,74,1,-23,2,6,6,59,-23,0.4
"781","Blue","Blue","Neither","Blue",13,1,13,13,1,20103,6.8,17668,220,32,4688,983,12,1,6,4,0,15415,6.8,16685,172,44,1,1,0,7,9,48,-12,0
"782","Blue","Neither","Neither","Blue",19,2,7,10,0,16491,6.8,17031,199,45,1774,1305,19,2,5,5,0,14717,6.4,15726,170,34,0,0,0,2,5,29,11,0.399999999999999
"783","Blue","Blue","Neither","Blue",15,4,8,8,0,17640,7.2,19566,233,56,2768,2761,18,2,3,2,0,14872,6.6,16805,220,52,0,-3,2,5,6,13,4,0.600000000000001
"784","Blue","Blue","Red","Blue",26,2,5,8,0,15518,6.6,16862,197,50,-686,-619,21,4,4,5,0,16204,6.8,17481,249,49,0,5,-2,1,3,-52,1,-0.2
"785","Red","Blue","Blue","Blue",13,1,7,5,0,17381,7,18495,220,52,1418,544,15,0,5,5,0,15963,6.8,17951,225,56,0,-2,1,2,0,-5,-4,0.2
"786","Red","Blue","Neither","Red",16,3,3,1,0,15127,7,17750,238,52,-5,-269,37,2,3,3,0,15132,7,18019,203,60,0,-21,1,0,-2,35,-8,0
"787","Red","Neither","Neither","Red",17,2,3,4,0,13794,6,14884,183,38,-4000,-2533,14,5,5,5,1,17794,6.8,17417,245,44,-1,3,-3,-2,-1,-62,-6,-0.8
"788","Blue","Red","Neither","Red",16,2,3,0,0,15139,6.8,17354,240,48,-243,799,17,1,4,10,0,15382,6.6,16555,206,52,0,-1,1,-1,-10,34,-4,0.2
"789","Red","Red","Neither","Blue",19,1,3,6,0,15929,7.2,18460,229,64,-709,-147,18,1,5,10,0,16638,7,18607,232,68,0,1,0,-2,-4,-3,-4,0.2
"790","Blue","Blue","Blue","Red",23,1,2,3,0,14974,7,18286,224,60,-726,-31,15,5,5,5,0,15700,7,18317,216,61,0,8,-4,-3,-2,8,-1,0
"791","Blue","Blue","Red","Red",16,1,11,18,0,19695,7.2,19512,258,48,3936,2111,12,2,4,4,0,15759,7,17401,205,68,0,4,-1,7,14,53,-20,0.2
"792","Blue","Blue","Neither","Blue",17,4,4,0,0,15154,6.6,17000,219,54,-277,208,42,3,4,7,0,15431,6.6,16792,224,43,0,-25,1,0,-7,-5,11,0
"793","Red","Blue","Neither","Red",52,4,4,7,0,14766,6.6,16507,190,53,-2769,-820,17,3,8,11,0,17535,6.8,17327,229,44,0,35,1,-4,-4,-39,9,-0.2
"794","Red","Blue","Neither","Red",15,5,9,11,0,17341,7,18528,209,48,1513,1585,21,4,4,8,0,15828,7,16943,222,40,0,-6,1,5,3,-13,8,0
"795","Blue","Blue","Blue","Blue",14,1,4,0,0,15464,7,17833,218,71,-736,-94,25,2,5,9,0,16200,7,17927,223,60,0,-11,-1,-1,-9,-5,11,0
"796","Blue","Red","Neither","Blue",19,5,8,9,0,18529,7.2,19610,251,63,1334,656,38,4,9,11,0,17195,7,18954,202,60,0,-19,1,-1,-2,49,3,0.2
"797","Blue","Red","Neither","Red",16,2,9,17,0,18149,7,18067,202,52,3036,1766,15,4,4,5,0,15113,6.6,16301,222,40,0,1,-2,5,12,-20,12,0.4
"798","Red","Red","Blue","Blue",19,13,3,6,0,15840,6.6,16848,212,40,1811,-631,43,4,2,1,0,14029,6.8,17479,221,48,0,-24,9,1,5,-9,-8,-0.2
"799","Blue","Neither","Neither","Blue",14,1,8,8,0,17915,7.2,19197,215,56,1451,1985,15,1,6,9,0,16464,7,17212,222,47,0,-1,0,2,-1,-7,9,0.2
"800","Red","Red","Blue","Blue",17,5,5,7,0,16242,7,18244,235,56,-598,-146,24,2,5,11,0,16840,7,18390,229,59,0,-7,3,0,-4,6,-3,0
"801","Blue","Blue","Neither","Blue",15,1,10,10,0,18498,7.2,20017,238,56,1446,1597,14,3,6,5,0,17052,7,18420,229,56,0,1,-2,4,5,9,0,0.2
"802","Red","Blue","Neither","Blue",18,3,10,15,1,19120,6.8,17735,219,55,1618,393,19,2,9,10,0,17502,6.8,17342,207,46,1,-1,1,1,5,12,9,0
"803","Blue","Blue","Neither","Red",13,6,10,13,0,17948,6.6,16194,193,35,93,-1276,17,3,11,13,0,17855,6.8,17470,219,40,0,-4,3,-1,0,-26,-5,-0.2
"804","Red","Neither","Neither","Red",30,0,6,8,0,16517,6.6,17531,219,56,1183,887,16,2,5,7,0,15334,6.6,16644,192,40,0,14,-2,1,1,27,16,0
"805","Red","Red","Neither","Red",20,3,3,0,0,13452,6.4,15569,170,37,-3453,-720,16,6,7,10,0,16905,6.6,16289,212,46,0,4,-3,-4,-10,-42,-9,-0.199999999999999
"806","Red","Red","Neither","Red",17,1,5,3,0,15687,6.6,17057,210,58,-1655,-1323,16,2,10,12,0,17342,7.2,18380,215,45,0,1,-1,-5,-9,-5,13,-0.600000000000001
"807","Red","Blue","Neither","Red",43,2,5,4,0,14763,6.8,16834,179,47,-4462,-2990,13,2,11,11,0,19225,7.2,19824,255,51,0,30,0,-6,-7,-76,-4,-0.4
"808","Red","Neither","Neither","Red",12,3,7,8,0,16417,6.6,16981,211,56,557,1061,15,2,6,9,0,15860,6.8,15920,194,48,0,-3,1,1,-1,17,8,-0.2
"809","Blue","Neither","Neither","Blue",15,2,9,10,0,18168,7.4,20892,254,45,2527,3473,14,0,4,6,0,15641,6.8,17419,220,52,0,1,2,5,4,34,-7,0.600000000000001
"810","Red","Red","Red","Red",18,1,7,9,0,15903,6.8,17263,189,40,-1831,-2604,14,2,8,11,0,17734,7.2,19867,226,72,0,4,-1,-1,-2,-37,-32,-0.4
"811","Blue","Red","Blue","Blue",17,6,2,1,0,14702,6.6,16741,244,43,649,69,22,3,1,1,0,14053,6.8,16672,214,42,0,-5,3,1,0,30,1,-0.2
"812","Red","Neither","Neither","Red",16,1,11,10,0,18874,7.2,19652,224,41,3091,2498,21,1,5,7,0,15783,6.6,17154,215,37,0,-5,0,6,3,9,4,0.600000000000001
"813","Red","Blue","Neither","Red",14,4,3,3,0,15225,7,17939,211,58,-2707,-1826,16,0,10,11,0,17932,7.4,19765,209,52,0,-2,4,-7,-8,2,6,-0.4
"814","Red","Red","Red","Red",16,5,4,7,0,15858,6.8,17491,246,44,-512,-844,20,3,5,6,0,16370,7,18335,241,52,0,-4,2,-1,1,5,-8,-0.2
"815","Red","Neither","Neither","Red",15,3,4,6,0,14693,6.6,15883,169,41,-3874,-2423,15,2,9,13,0,18567,7,18306,223,43,0,0,1,-5,-7,-54,-2,-0.4
"816","Blue","Blue","Neither","Blue",16,2,3,3,0,15574,6.8,17686,217,68,-100,219,17,3,2,2,0,15674,6.6,17467,240,48,0,-1,-1,1,1,-23,20,0.2
"817","Red","Red","Neither","Red",65,4,3,2,0,15692,6.6,17765,221,67,506,1580,18,3,5,8,0,15186,6.8,16185,182,40,0,47,1,-2,-6,39,27,-0.2
"818","Blue","Neither","Neither","Blue",11,3,9,13,0,18297,7.2,19315,251,52,4796,3112,12,1,1,0,0,13501,6.4,16203,203,53,0,-1,2,8,13,48,-1,0.8
"819","Blue","Blue","Blue","Red",21,3,15,10,0,19247,6.8,16835,205,44,-1709,-1585,80,6,16,16,0,20956,7,18420,182,44,0,-59,-3,-1,-6,23,0,-0.2
"820","Red","Neither","Neither","Red",12,2,1,1,0,15414,6.8,17341,236,54,-553,-114,17,0,7,8,0,15967,7,17455,194,48,0,-5,2,-6,-7,42,6,-0.2
"821","Blue","Blue","Red","Red",21,2,10,15,0,19601,7.4,20002,227,76,3190,2346,14,3,7,8,0,16411,6.8,17656,214,44,0,7,-1,3,7,13,32,0.600000000000001
"822","Red","Red","Blue","Red",15,1,3,0,0,15189,6.6,17014,225,56,-1720,-2056,12,4,6,3,0,16909,7.2,19070,248,61,0,3,-3,-3,-3,-23,-5,-0.600000000000001
"823","Red","Neither","Neither","Blue",15,2,5,3,0,16452,6.6,17540,232,51,-480,353,15,1,9,10,0,16932,6.8,17187,192,32,0,0,1,-4,-7,40,19,-0.2
"824","Red","Red","Neither","Red",13,4,2,3,0,14899,6.8,17481,238,40,-1081,-631,23,2,5,6,0,15980,6.8,18112,209,60,0,-10,2,-3,-3,29,-20,0
"825","Blue","Blue","Neither","Blue",14,4,9,9,0,18964,7.2,19620,255,44,5436,3459,26,0,1,1,0,13528,6.4,16161,183,50,0,-12,4,8,8,72,-6,0.8
"826","Blue","Blue","Neither","Blue",21,3,12,14,0,18923,7,18586,236,44,5323,2352,52,4,1,1,0,13600,6.4,16234,191,56,0,-31,-1,11,13,45,-12,0.6
"827","Red","Red","Red","Red",18,1,7,8,0,17472,6.8,18276,229,52,-214,-356,13,3,8,9,0,17686,7,18632,211,52,0,5,-2,-1,-1,18,0,-0.2
"828","Red","Blue","Neither","Red",17,1,3,2,0,14665,6.2,15990,188,42,-2705,-1757,16,3,9,9,0,17370,7.2,17747,226,32,0,1,-2,-6,-7,-38,10,-1
"829","Blue","Red","Blue","Blue",16,1,5,4,0,16415,6.8,17432,213,38,1419,82,22,5,3,2,0,14996,6.8,17350,223,52,0,-6,-4,2,2,-10,-14,0
"830","Red","Neither","Neither","Red",18,4,2,2,0,13960,6.4,15286,191,48,-5431,-4681,35,4,11,10,1,19391,7.4,19967,200,57,-1,-17,0,-9,-8,-9,-9,-1
"831","Red","Red","Neither","Red",15,1,2,3,0,14773,6.6,16673,202,53,-4125,-2712,17,6,11,11,0,18898,7.2,19385,237,50,0,-2,-5,-9,-8,-35,3,-0.600000000000001
"832","Blue","Blue","Blue","Blue",13,0,11,11,0,19181,7.4,19634,247,50,3153,3196,12,2,5,10,0,16028,6.6,16438,185,61,0,1,-2,6,1,62,-11,0.800000000000001
"833","Red","Blue","Neither","Blue",13,3,5,1,0,14528,6.4,16282,175,49,-3991,-3529,34,1,8,3,0,18519,7.4,19811,239,71,0,-21,2,-3,-2,-64,-22,-1
"834","Red","Neither","Red","Red",14,4,6,3,0,15827,6.6,17709,218,47,-1694,-603,13,2,7,6,0,17521,7,18312,239,50,0,1,2,-1,-3,-21,-3,-0.4
"835","Red","Neither","Blue","Red",18,2,6,4,0,16179,6.8,17928,215,52,989,631,24,4,4,3,0,15190,6.8,17297,212,44,0,-6,-2,2,1,3,8,0
"836","Blue","Blue","Neither","Red",15,5,3,5,0,15049,6.8,17760,247,45,-1564,-953,16,0,5,4,0,16613,7.2,18713,242,67,0,-1,5,-2,1,5,-22,-0.4
"837","Red","Red","Neither","Red",15,5,3,2,0,15453,7.2,18464,209,63,-664,615,18,3,8,8,0,16117,7,17849,180,48,0,-3,2,-5,-6,29,15,0.2
"838","Blue","Blue","Red","Red",39,3,1,0,0,14645,7.2,18690,256,52,-1377,-180,49,3,2,2,0,16022,7.2,18870,289,56,0,-10,0,-1,-2,-33,-4,0
"839","Red","Blue","Neither","Red",14,3,6,10,0,15766,6.8,16285,197,40,-1089,-2134,15,2,7,6,0,16855,7,18419,226,38,0,-1,1,-1,4,-29,2,-0.2
"840","Blue","Blue","Blue","Blue",16,2,7,10,1,18890,7.2,18772,227,67,4234,1695,58,0,2,3,0,14656,6.6,17077,214,48,1,-42,2,5,7,13,19,0.600000000000001
"841","Red","Red","Blue","Red",18,1,6,7,0,16450,7,18541,238,48,-702,-89,12,2,7,10,0,17152,7,18630,226,47,0,6,-1,-1,-3,12,1,0
"842","Red","Red","Blue","Blue",37,2,6,5,0,16490,6.8,17576,225,48,-508,-1394,15,2,5,3,0,16998,7.2,18970,257,72,0,22,0,1,2,-32,-24,-0.4
"843","Blue","Red","Neither","Blue",16,3,10,13,0,17408,7.2,18740,193,47,2366,1147,14,4,4,5,0,15042,6.8,17593,231,44,0,2,-1,6,8,-38,3,0.4
"844","Blue","Blue","Red","Red",18,1,6,12,0,16951,7,18426,229,49,248,-219,15,1,6,7,0,16703,6.8,18645,245,60,0,3,0,0,5,-16,-11,0.2
"845","Blue","Blue","Neither","Blue",14,4,9,11,0,17120,7,17636,163,56,1426,128,18,3,5,2,0,15694,6.8,17508,207,52,0,-4,1,4,9,-44,4,0.2
"846","Red","Red","Neither","Red",18,1,2,2,0,14310,7,17797,207,44,-740,76,15,4,2,2,0,15050,7,17721,242,47,0,3,-3,0,0,-35,-3,0
"847","Red","Blue","Blue","Red",18,2,2,2,0,14689,6.8,18046,241,44,-1724,-262,26,4,4,4,0,16413,7,18308,260,52,0,-8,-2,-2,-2,-19,-8,-0.2
"848","Blue","Blue","Neither","Blue",15,3,8,10,0,18341,7.4,19070,217,76,3311,2682,14,0,4,3,0,15030,6.6,16388,228,44,0,1,3,4,7,-11,32,0.800000000000001
"849","Red","Red","Neither","Blue",14,1,6,10,0,17772,7.2,19337,251,68,3401,2392,52,1,3,2,0,14371,6.6,16945,204,53,0,-38,0,3,8,47,15,0.600000000000001
"850","Red","Neither","Neither","Blue",40,2,4,4,0,16262,7,18551,224,70,-1293,-625,13,1,7,5,0,17555,7.2,19176,243,50,0,27,1,-3,-1,-19,20,-0.2
"851","Blue","Red","Neither","Red",27,0,5,7,0,16239,7.2,18466,189,60,906,1767,11,3,3,3,0,15333,6.6,16699,221,60,0,16,-3,2,4,-32,0,0.600000000000001
"852","Red","Red","Neither","Red",18,2,6,9,0,16944,7,17663,193,52,-2761,-2375,14,3,12,12,0,19705,7.4,20038,227,52,0,4,-1,-6,-3,-34,0,-0.4
"853","Blue","Blue","Blue","Blue",14,0,6,12,0,16939,7,17733,211,56,1419,731,18,3,4,6,0,15520,6.6,17002,227,54,0,-4,-3,2,6,-16,2,0.4
"854","Red","Red","Neither","Blue",17,4,2,3,0,14615,7,18302,221,47,-1530,-1114,16,4,4,5,0,16145,7.4,19416,243,71,0,1,0,-2,-2,-22,-24,-0.4
"855","Blue","Neither","Neither","Red",39,3,8,11,0,17706,6.8,18475,231,35,216,1250,17,4,8,7,0,17490,6.8,17225,204,53,0,22,-1,0,4,27,-18,0
"856","Red","Blue","Red","Blue",18,0,8,7,0,17727,7.2,18993,217,64,1521,1915,11,2,5,7,0,16206,6.8,17078,198,60,0,7,-2,3,0,19,4,0.4
"857","Red","Red","Red","Red",16,1,0,0,0,12988,6.2,14678,153,78,-5264,-4627,21,5,8,10,0,18252,7.2,19305,273,44,0,-5,-4,-8,-10,-120,34,-1
"858","Blue","Blue","Neither","Blue",16,1,8,8,0,17613,7.2,19092,234,48,3949,2440,40,3,1,2,0,13664,6.6,16652,216,44,0,-24,-2,7,6,18,4,0.600000000000001
"859","Blue","Blue","Neither","Blue",14,5,11,12,0,18632,7.2,19093,227,44,2907,1175,42,3,5,8,0,15725,7,17918,204,53,0,-28,2,6,4,23,-9,0.2
"860","Blue","Blue","Neither","Blue",17,1,5,2,0,15476,7,18246,233,47,-706,-873,24,4,6,7,0,16182,7.4,19119,244,36,0,-7,-3,-1,-5,-11,11,-0.4
"861","Red","Red","Neither","Blue",16,6,4,5,0,15717,6.8,17679,224,44,-527,-208,62,4,5,9,0,16244,6.8,17887,199,75,0,-46,2,-1,-4,25,-31,0
"862","Blue","Blue","Neither","Red",18,3,8,8,0,18253,6.8,17351,240,50,1683,-172,18,4,8,6,0,16570,6.8,17523,203,41,0,0,-1,0,2,37,9,0
"863","Red","Neither","Neither","Blue",48,3,3,2,0,14349,6.6,16271,205,36,-1005,-251,17,4,5,3,0,15354,6.4,16522,228,40,0,31,-1,-2,-1,-23,-4,0.199999999999999
"864","Red","Blue","Neither","Red",16,3,4,6,0,15407,6.6,17007,232,24,-1122,-302,15,1,6,8,0,16529,6.8,17309,214,52,0,1,2,-2,-2,18,-28,-0.2
"865","Red","Blue","Neither","Blue",26,3,4,4,0,15273,6.8,17539,211,60,-808,-311,20,1,5,6,0,16081,7.2,17850,238,45,0,6,2,-1,-2,-27,15,-0.4
"866","Red","Red","Neither","Blue",14,1,4,5,0,14868,6.6,16330,182,48,-2281,-1594,14,0,6,9,0,17149,6.8,17924,209,72,0,0,1,-2,-4,-27,-24,-0.2
"867","Blue","Red","Neither","Red",19,5,4,4,0,14892,6.8,17899,199,49,-1750,-628,19,4,4,4,0,16642,7.2,18527,250,61,0,0,1,0,0,-51,-12,-0.4
"868","Blue","Red","Neither","Blue",124,1,10,12,0,18509,7.6,20432,223,72,2974,1421,15,1,4,5,0,15535,7.4,19011,213,64,0,109,0,6,7,10,8,0.199999999999999
"869","Blue","Red","Neither","Red",17,5,6,9,0,17096,7.2,19253,241,63,419,462,14,4,4,5,0,16677,7.2,18791,247,60,0,3,1,2,4,-6,3,0
"870","Blue","Blue","Blue","Red",15,1,6,10,0,17377,7.2,19245,247,68,2101,1596,75,2,3,5,0,15276,6.8,17649,193,59,0,-60,-1,3,5,54,9,0.4
"871","Red","Blue","Neither","Red",17,3,7,5,0,16554,7,18512,235,33,-776,166,16,3,7,14,0,17330,6.8,18346,259,36,0,1,0,0,-9,-24,-3,0.2
"872","Blue","Red","Neither","Red",17,2,4,6,0,15256,6.8,16513,210,41,-957,-2267,21,3,5,5,0,16213,7.2,18780,235,64,0,-4,-1,-1,1,-25,-23,-0.4
"873","Blue","Blue","Blue","Blue",16,2,9,7,0,17710,7.2,19233,230,55,4311,3239,12,1,1,0,0,13399,6.6,15994,201,44,0,4,1,8,7,29,11,0.600000000000001
"874","Red","Blue","Neither","Red",17,0,4,3,0,15041,7,16622,214,43,-1207,-1748,13,3,5,3,0,16248,7,18370,228,60,0,4,-3,-1,0,-14,-17,0
"875","Blue","Blue","Blue","Blue",13,1,9,9,0,19027,7.2,19029,247,41,4616,2050,12,2,3,1,0,14411,6.6,16979,187,54,0,1,-1,6,8,60,-13,0.600000000000001
"876","Blue","Blue","Blue","Blue",15,3,10,16,0,18718,7.4,18807,214,71,2404,927,17,0,6,6,0,16314,7,17880,228,60,0,-2,3,4,10,-14,11,0.4
"877","Red","Blue","Red","Red",15,2,7,10,0,16938,7.2,19399,231,48,600,824,15,1,5,8,0,16338,7,18575,229,60,0,0,1,2,2,2,-12,0.2
"878","Blue","Red","Neither","Blue",17,1,7,3,0,16772,7,18456,255,47,1936,1799,13,3,3,4,0,14836,6.6,16657,205,55,0,4,-2,4,-1,50,-8,0.4
"879","Blue","Blue","Neither","Red",15,5,6,9,0,16035,6.6,16424,160,52,-4685,-3600,19,4,13,23,0,20720,7.6,20024,244,51,0,-4,1,-7,-14,-84,1,-1
"880","Red","Blue","Neither","Red",14,2,3,5,0,15518,6.6,16768,234,52,315,-61,19,1,3,4,0,15203,6.6,16829,216,51,0,-5,1,0,1,18,1,0
"881","Red","Red","Blue","Blue",59,7,7,12,0,17543,7,17748,195,51,994,-547,37,6,7,11,0,16549,7,18295,215,36,0,22,1,0,1,-20,15,0
"882","Blue","Red","Blue","Red",18,2,3,4,0,15829,7,17924,242,56,450,661,12,3,4,5,0,15379,6.6,17263,239,48,0,6,-1,-1,-1,3,8,0.4
"883","Blue","Neither","Blue","Red",12,1,5,6,0,17389,7,18695,231,63,110,-402,14,2,8,9,0,17279,7.2,19097,231,59,0,-2,-1,-3,-3,0,4,-0.2
"884","Blue","Red","Red","Red",17,4,7,7,0,16683,7.2,18315,231,48,-396,481,11,2,7,5,0,17079,6.8,17834,246,42,0,6,2,0,2,-15,6,0.4
"885","Red","Red","Neither","Red",10,0,6,8,0,16985,7,18802,240,43,-805,254,14,2,8,10,0,17790,7,18548,221,53,0,-4,-2,-2,-2,19,-10,0
"886","Red","Red","Red","Blue",14,3,2,2,0,14904,6.6,15958,222,50,-1302,-1959,19,5,8,6,0,16206,7,17917,194,50,0,-5,-2,-6,-4,28,0,-0.4
"887","Red","Blue","Neither","Blue",17,8,8,12,0,17551,6.6,17463,237,43,1763,-239,20,4,5,6,0,15788,7,17702,213,45,0,-3,4,3,6,24,-2,-0.4
"888","Red","Blue","Neither","Red",38,2,5,3,0,15278,6.4,16785,186,43,-1993,-2178,17,3,9,5,0,17271,7,18963,211,49,0,21,-1,-4,-2,-25,-6,-0.6
"889","Red","Blue","Blue","Red",26,1,6,5,0,15539,6.8,17101,191,56,8,572,17,2,6,8,0,15531,6.4,16529,208,48,0,9,-1,0,-3,-17,8,0.399999999999999
"890","Blue","Neither","Red","Blue",39,2,11,16,0,17860,6.8,17606,172,48,1240,-349,14,2,8,6,0,16620,6.8,17955,202,51,0,25,0,3,10,-30,-3,0
"891","Blue","Blue","Neither","Blue",16,1,3,2,0,15156,6.6,17247,207,61,-1063,-2035,14,1,5,4,0,16219,7.2,19282,229,44,0,2,0,-2,-2,-22,17,-0.600000000000001
"892","Blue","Blue","Red","Blue",23,7,9,11,0,18152,7,18823,223,47,22,1773,21,5,6,10,1,18130,6.6,17050,200,47,-1,2,2,3,1,23,0,0.4
"893","Blue","Red","Red","Blue",17,1,5,9,0,16587,7,18340,252,48,-16,497,18,6,4,5,0,16603,7,17843,242,53,0,-1,-5,1,4,10,-5,0
"894","Red","Blue","Neither","Red",20,3,4,5,0,15562,7.2,18694,235,62,-526,496,15,4,3,2,0,16088,7,18198,219,63,0,5,-1,1,3,16,-1,0.2
"895","Blue","Red","Neither","Red",27,5,4,4,0,14944,6.8,16969,200,40,-916,-659,48,2,6,8,0,15860,7,17628,193,63,0,-21,3,-2,-4,7,-23,-0.2
"896","Red","Blue","Neither","Red",15,2,5,8,0,15269,6.6,16739,194,37,-2793,-1055,15,1,10,13,0,18062,6.8,17794,204,45,0,0,1,-5,-5,-10,-8,-0.2
"897","Red","Red","Red","Red",149,2,7,7,0,17166,7.2,18945,224,52,-1561,925,42,3,9,10,1,18727,7,18020,177,47,-1,107,-1,-2,-3,47,5,0.2
"898","Blue","Red","Red","Red",15,4,5,6,0,14813,6.8,16945,182,43,-3707,-1742,19,3,11,10,0,18520,7.2,18687,225,60,0,-4,1,-6,-4,-43,-17,-0.4
"899","Red","Neither","Red","Blue",19,5,6,7,0,15787,6.8,16711,205,37,-2457,-1625,22,6,10,10,0,18244,7,18336,238,53,0,-3,-1,-4,-3,-33,-16,-0.2
"900","Red","Red","Neither","Red",67,3,6,4,0,14795,6.4,15646,172,50,-2348,-1246,15,3,8,10,0,17143,6.6,16892,193,37,0,52,0,-2,-6,-21,13,-0.199999999999999
"901","Blue","Blue","Neither","Blue",54,1,15,15,0,19848,7.2,19712,224,52,5275,3662,13,2,2,0,0,14573,6.6,16050,227,56,0,41,-1,13,15,-3,-4,0.600000000000001
"902","Red","Red","Neither","Blue",16,3,1,1,0,13886,6.6,15720,222,36,-3413,-3079,18,3,7,3,0,17299,7.2,18799,245,46,0,-2,0,-6,-2,-23,-10,-0.600000000000001
"903","Blue","Neither","Neither","Red",17,1,6,4,0,16149,6.8,17146,212,44,-1286,-848,17,2,10,14,0,17435,7,17994,190,35,0,0,-1,-4,-10,22,9,-0.2
"904","Blue","Red","Red","Red",37,2,7,4,0,15312,6.6,16667,174,36,-1785,-1581,11,2,7,4,0,17097,7,18248,216,68,0,26,0,0,0,-42,-32,-0.4
"905","Blue","Blue","Neither","Blue",42,2,7,10,0,17267,7.2,18482,224,44,3107,2096,16,5,2,0,0,14160,6.6,16386,218,40,0,26,-3,5,10,6,4,0.600000000000001
"906","Red","Blue","Neither","Red",13,0,5,3,0,15961,7,17670,224,44,-41,-1008,15,1,4,2,0,16002,7.2,18678,233,60,0,-2,-1,1,1,-9,-16,-0.2
"907","Blue","Neither","Neither","Blue",15,1,9,12,0,17704,7,18183,196,68,639,1171,15,1,7,10,0,17065,6.4,17012,208,39,0,0,0,2,2,-12,29,0.6
"908","Red","Red","Neither","Red",13,3,1,2,0,14808,7.2,18642,240,64,-2041,-1090,14,2,6,6,0,16849,7.4,19732,227,64,0,-1,1,-5,-4,13,0,-0.2
"909","Red","Blue","Neither","Blue",16,3,5,3,0,16374,7.2,18711,227,55,412,93,31,5,4,1,0,15962,7.2,18618,234,64,0,-15,-2,1,2,-7,-9,0
"910","Red","Neither","Red","Blue",13,5,6,11,0,16933,7.2,18512,242,52,2836,448,16,1,1,0,0,14097,6.8,18064,207,56,0,-3,4,5,11,35,-4,0.4
"911","Blue","Red","Red","Blue",14,1,11,12,0,18156,7.2,18548,208,52,957,469,34,4,8,5,0,17199,6.8,18079,218,52,0,-20,-3,3,7,-10,0,0.4
"912","Blue","Neither","Neither","Red",18,4,12,9,0,19397,7,19301,232,44,2287,2551,12,8,9,4,0,17110,6.6,16750,184,52,0,6,-4,3,5,48,-8,0.4
"913","Red","Neither","Neither","Blue",19,3,7,10,0,17033,6.8,16630,209,45,-462,-1186,18,5,9,9,0,17495,7,17816,213,43,0,1,-2,-2,1,-4,2,-0.2
"914","Blue","Blue","Neither","Red",25,0,11,7,0,19061,7.2,19093,236,50,1362,1592,86,0,10,11,0,17699,6.8,17501,191,46,0,-61,0,1,-4,45,4,0.4
"915","Blue","Neither","Blue","Red",21,2,7,3,0,16653,7.4,19603,229,72,140,1737,130,1,6,5,0,16513,7,17866,229,31,0,-109,1,1,-2,0,41,0.4
"916","Blue","Blue","Neither","Blue",11,2,5,5,0,16781,6.6,17452,237,50,633,-295,16,2,8,13,0,16148,6.8,17747,180,44,0,-5,0,-3,-8,57,6,-0.2
"917","Red","Red","Neither","Red",30,4,5,5,0,15978,6.8,18068,210,52,-323,214,31,4,6,6,0,16301,7,17854,203,48,0,-1,0,-1,-1,7,4,-0.2
"918","Blue","Red","Neither","Red",14,0,3,3,0,15859,7,19145,241,72,-1296,227,13,5,6,7,0,17155,7.2,18918,257,40,0,1,-5,-3,-4,-16,32,-0.2
"919","Blue","Red","Red","Red",15,1,6,6,0,16205,6.4,16887,196,56,-3622,-1908,15,1,14,16,0,19827,7,18795,224,40,0,0,0,-8,-10,-28,16,-0.6
"920","Blue","Red","Neither","Red",15,2,10,11,0,17528,6.8,17194,197,34,-541,546,15,4,10,11,0,18069,6.6,16648,223,36,0,0,-2,0,0,-26,-2,0.2
"921","Blue","Neither","Neither","Blue",53,2,8,9,0,17154,7,18697,202,55,1933,2792,17,3,6,6,0,15221,6.6,15905,174,44,0,36,-1,2,3,28,11,0.4
"922","Red","Red","Red","Red",18,3,4,6,0,16112,7.2,18339,247,46,-692,-758,38,2,7,7,0,16804,7.2,19097,223,50,0,-20,1,-3,-1,24,-4,0
"923","Red","Neither","Neither","Red",16,2,5,7,0,16210,7.2,17888,226,36,766,-662,36,2,3,2,0,15444,6.8,18550,202,72,0,-20,0,2,5,24,-36,0.4
"924","Blue","Red","Blue","Blue",43,2,6,10,0,18369,7.4,20686,276,68,2334,1835,13,17,4,2,0,16035,7.2,18851,249,68,0,30,-15,2,8,27,0,0.2
"925","Blue","Neither","Neither","Blue",16,6,5,4,0,16097,6.8,17793,243,52,-143,462,19,3,7,8,0,16240,6.6,17331,198,48,0,-3,3,-2,-4,45,4,0.2
"926","Red","Neither","Neither","Red",17,2,1,2,0,13196,6.4,15515,194,49,-5525,-5585,13,3,11,8,0,18721,7.8,21100,252,55,0,4,-1,-10,-6,-58,-6,-1.4
"927","Red","Red","Neither","Red",15,4,5,8,0,15552,6.6,17234,201,37,-1493,-1179,18,2,4,5,0,17045,7,18413,250,68,0,-3,2,1,3,-49,-31,-0.4
"928","Blue","Blue","Neither","Blue",15,4,11,21,0,17597,6.8,17045,190,50,2534,2539,12,1,6,5,0,15063,6.2,14506,188,32,0,3,3,5,16,2,18,0.6
"929","Red","Red","Red","Red",13,0,5,6,0,15709,6.8,17397,216,49,-5900,-4872,39,2,15,8,0,21609,7.8,22269,270,67,0,-26,-2,-10,-2,-54,-18,-1
"930","Red","Blue","Blue","Blue",13,6,5,8,0,17035,7,18139,230,63,851,327,21,3,6,6,0,16184,6.6,17812,219,52,0,-8,3,-1,2,11,11,0.4
"931","Blue","Blue","Blue","Red",19,2,3,2,0,15000,7,17972,229,52,198,726,17,4,3,3,0,14802,6.8,17246,220,40,0,2,-2,0,-1,9,12,0.2
"932","Blue","Red","Neither","Red",17,1,9,7,0,18426,7.6,20198,240,63,380,-674,39,4,9,6,0,18046,7.6,20872,211,64,0,-22,-3,0,1,29,-1,0
"933","Blue","Blue","Blue","Blue",16,1,8,7,0,17634,7,19000,242,46,2018,2261,31,1,4,2,0,15616,6.6,16739,233,50,0,-15,0,4,5,9,-4,0.4
"934","Blue","Red","Blue","Red",19,4,11,13,1,20251,7.4,20985,263,61,6942,6381,19,6,1,1,0,13309,6.2,14604,186,42,1,0,-2,10,12,77,19,1.2
"935","Red","Blue","Neither","Blue",16,2,7,13,0,16034,6.6,16642,199,40,-754,-729,14,1,7,12,0,16788,6.8,17371,224,50,0,2,1,0,1,-25,-10,-0.2
"936","Red","Red","Neither","Blue",149,2,2,4,0,14147,6.6,16605,226,52,-1400,-1716,38,2,5,9,0,15547,7,18321,197,60,0,111,0,-3,-5,29,-8,-0.4
"937","Red","Blue","Red","Red",20,7,9,11,0,18304,7.2,19032,237,42,1606,1036,86,4,8,9,0,16698,7,17996,198,41,0,-66,3,1,2,39,1,0.2
"938","Red","Blue","Neither","Red",17,2,5,6,0,15104,6.6,17002,186,51,-2130,-2032,17,1,5,3,0,17234,7.2,19034,259,60,0,0,1,0,3,-73,-9,-0.600000000000001
"939","Red","Blue","Neither","Blue",14,2,10,17,0,18847,7.2,19480,213,76,987,642,14,1,10,8,0,17860,7.2,18838,206,56,0,0,1,0,9,7,20,0
"940","Blue","Neither","Neither","Red",38,7,2,1,0,15782,6.8,18460,253,66,1344,1195,62,2,2,1,0,14438,6.8,17265,236,52,0,-24,5,0,0,17,14,0
"941","Blue","Blue","Neither","Red",27,9,6,6,0,16893,7,18950,238,64,568,1096,43,8,5,6,0,16325,7,17854,231,48,0,-16,1,1,0,7,16,0
"942","Red","Red","Blue","Red",10,4,10,12,0,18545,7.2,19051,200,64,2621,2001,12,3,5,5,0,15924,6.8,17050,206,35,0,-2,1,5,7,-6,29,0.4
"943","Red","Red","Neither","Red",20,2,6,5,0,16918,7,18911,233,51,-403,-575,19,1,8,5,0,17321,7.2,19486,225,61,0,1,1,-2,0,8,-10,-0.2
"944","Blue","Blue","Neither","Blue",21,1,13,14,0,18722,6.8,18343,187,46,3593,727,33,5,4,6,0,15129,6.8,17616,209,49,0,-12,-4,9,8,-22,-3,0
"945","Blue","Blue","Red","Blue",15,4,6,8,1,18247,7,18839,235,59,3400,2400,39,1,3,3,0,14847,6.6,16439,209,48,1,-24,3,3,5,26,11,0.4
"946","Red","Blue","Neither","Red",14,1,6,8,1,17471,6.8,17895,217,56,1019,37,16,2,5,4,0,16452,6.8,17858,206,55,1,-2,-1,1,4,11,1,0
"947","Blue","Red","Neither","Red",16,6,7,4,0,17641,7.2,19312,237,50,1496,1352,18,2,6,4,0,16145,7,17960,214,43,0,-2,4,1,0,23,7,0.2
"948","Red","Red","Neither","Red",15,3,4,6,0,14605,6.6,16395,181,40,-3921,-3284,18,2,9,12,0,18526,7,19679,242,50,0,-3,1,-5,-6,-61,-10,-0.4
"949","Blue","Red","Neither","Blue",14,2,6,4,0,16249,6.6,17860,224,41,675,377,14,2,3,4,0,15574,7,17483,220,56,0,0,0,3,0,4,-15,-0.4
"950","Red","Red","Red","Blue",17,4,6,8,0,17157,7,17928,226,41,-702,-2110,45,2,9,5,0,17859,7.6,20038,208,68,0,-28,2,-3,3,18,-27,-0.6
"951","Blue","Red","Neither","Blue",14,6,4,5,0,15165,6.8,17251,218,49,-1286,-1695,14,4,5,5,0,16451,7.2,18946,244,52,0,0,2,-1,0,-26,-3,-0.4
"952","Red","Red","Neither","Red",31,5,5,5,0,15427,6.8,17722,215,50,-174,-503,17,5,4,4,0,15601,7,18225,229,48,0,14,0,1,1,-14,2,-0.2
"953","Blue","Neither","Neither","Blue",15,1,10,10,0,17878,7,18248,214,52,2301,603,37,1,5,5,0,15577,6.8,17645,203,44,0,-22,0,5,5,11,8,0.2
"954","Red","Neither","Neither","Blue",12,3,10,4,0,18000,7.4,19946,236,48,2504,2361,16,1,6,7,0,15496,7,17585,191,43,0,-4,2,4,-3,45,5,0.4
"955","Blue","Red","Neither","Red",18,6,5,9,0,15851,7,19296,215,61,-1341,445,19,6,7,6,0,17192,7,18851,237,38,0,-1,0,-2,3,-22,23,0
"956","Red","Blue","Neither","Red",21,5,5,3,0,15832,6.6,17750,229,60,-2174,-325,22,6,9,11,0,18006,7,18075,221,39,0,-1,-1,-4,-8,8,21,-0.4
"957","Red","Blue","Neither","Blue",13,1,10,14,0,18931,7.2,18806,222,52,1804,820,18,0,10,10,0,17127,7,17986,211,36,0,-5,1,0,4,11,16,0.2
"958","Red","Red","Neither","Blue",14,3,7,6,0,16157,6.8,17238,201,44,68,-369,18,0,4,7,0,16089,7,17607,213,58,0,-4,3,3,-1,-12,-14,-0.2
"959","Blue","Neither","Neither","Blue",19,5,11,12,0,18354,6.8,17746,207,39,1775,-5,37,5,6,3,0,16579,6.8,17751,208,54,0,-18,0,5,9,-1,-15,0
"960","Red","Red","Neither","Red",80,4,7,10,0,17274,7.4,20199,246,56,424,1050,16,2,5,4,0,16850,7.2,19149,245,72,0,64,2,2,6,1,-16,0.2
"961","Red","Red","Blue","Red",16,3,4,5,0,15372,6.8,17002,213,57,-2585,204,18,2,11,12,0,17957,6.8,16798,209,40,0,-2,1,-7,-7,4,17,0
"962","Blue","Blue","Neither","Red",44,3,13,17,0,20175,7.4,20673,215,72,1610,2488,14,14,12,13,0,18565,6.8,18185,212,36,0,30,-11,1,4,3,36,0.600000000000001
"963","Red","Red","Blue","Red",19,0,5,5,0,15486,7,17388,205,52,904,195,18,2,3,3,0,14582,6.8,17193,216,44,0,1,-2,2,2,-11,8,0.2
"964","Blue","Red","Blue","Blue",87,4,4,4,0,16074,7,18077,237,55,-855,227,31,5,9,10,0,16929,7,17850,211,48,0,56,-1,-5,-6,26,7,0
"965","Blue","Red","Neither","Red",17,6,7,7,0,16849,7,18439,231,44,1991,1977,16,3,3,3,0,14858,6.4,16462,223,49,0,1,3,4,4,8,-5,0.6
"966","Red","Red","Red","Red",12,0,6,9,0,16291,6.8,17343,188,52,-2893,-2027,14,2,10,15,0,19184,7.2,19370,236,60,0,-2,-2,-4,-6,-48,-8,-0.4
"967","Red","Red","Neither","Red",20,1,5,4,0,16164,7,17971,233,44,-2274,-2172,17,3,8,10,0,18438,7.4,20143,240,60,0,3,-2,-3,-6,-7,-16,-0.4
"968","Blue","Blue","Red","Red",13,4,7,6,0,17002,7,17795,221,51,-154,-612,19,4,8,4,0,17156,7,18407,225,48,0,-6,0,-1,2,-4,3,0
"969","Red","Red","Neither","Red",19,2,5,4,0,15342,6.8,17286,194,50,-1630,-130,13,6,9,12,0,16972,7,17416,216,40,0,6,-4,-4,-8,-22,10,-0.2
"970","Red","Red","Red","Red",19,1,1,2,0,13119,6.2,15498,199,36,-6878,-4956,19,7,9,9,1,19997,7.4,20454,275,56,-1,0,-6,-8,-7,-76,-20,-1.2
"971","Blue","Blue","Neither","Blue",14,2,8,7,0,17472,7.2,18967,224,52,1177,763,14,2,7,7,0,16295,7.2,18204,183,68,0,0,0,1,0,41,-16,0
"972","Blue","Red","Neither","Red",18,6,3,1,0,15681,7,19274,231,52,919,1527,53,7,2,2,0,14762,7,17747,230,58,0,-35,-1,1,-1,1,-6,0
"973","Blue","Red","Neither","Blue",14,1,8,7,0,18634,7,19500,239,56,2077,1804,17,3,6,12,0,16557,6.8,17696,196,71,0,-3,-2,2,-5,43,-15,0.2
"974","Red","Red","Neither","Red",15,2,1,0,0,13881,6.8,16550,209,47,-2973,-1940,15,2,6,13,0,16854,7,18490,222,56,0,0,0,-5,-13,-13,-9,-0.2
"975","Red","Red","Blue","Blue",12,2,10,10,0,18145,6.6,17219,199,46,-3228,-2075,14,4,16,13,0,21373,7.2,19294,237,38,0,-2,-2,-6,-3,-38,8,-0.600000000000001
"976","Blue","Blue","Red","Blue",17,2,9,16,0,17308,6.8,16748,203,50,-999,-1466,18,2,10,13,0,18307,7.2,18214,212,48,0,-1,0,-1,3,-9,2,-0.4
"977","Red","Red","Red","Red",13,1,2,0,0,13049,6.2,14294,163,52,-6395,-4800,56,3,13,20,0,19444,7.2,19094,239,52,0,-43,-2,-11,-20,-76,0,-1
"978","Blue","Neither","Neither","Blue",18,0,14,15,0,20075,7,18552,220,53,5853,3870,15,0,4,6,0,14222,6.2,14682,179,36,0,3,0,10,9,41,17,0.8
"979","Red","Red","Neither","Red",15,4,3,2,0,14377,6.4,15120,158,44,-5141,-4745,20,3,11,12,1,19518,7.4,19865,241,59,-1,-5,1,-8,-10,-83,-15,-1
"980","Blue","Neither","Neither","Blue",22,4,9,9,0,17270,6.6,17435,213,43,2318,1656,17,6,3,3,0,14952,6.6,15779,220,44,0,5,-2,6,6,-7,-1,0
"981","Blue","Red","Neither","Blue",18,3,12,6,0,18967,7.6,19855,240,48,3595,2595,13,1,5,3,0,15372,6.8,17260,217,56,0,5,2,7,3,23,-8,0.8
"982","Red","Red","Red","Red",15,2,2,2,0,14044,6.6,16501,191,56,-6604,-2014,18,3,10,6,2,20648,7.2,18515,236,48,-2,-3,-1,-8,-4,-45,8,-0.600000000000001
"983","Red","Red","Neither","Red",23,3,4,5,0,16467,7.2,18715,261,56,-530,-123,19,3,6,8,0,16997,7,18838,227,64,0,4,0,-2,-3,34,-8,0.2
"984","Blue","Neither","Neither","Blue",11,0,8,5,0,17846,6.8,18045,198,51,-796,-594,15,2,13,12,0,18642,7.2,18639,194,50,0,-4,-2,-5,-7,4,1,-0.4
"985","Blue","Blue","Blue","Blue",14,3,12,17,1,19993,7,17656,203,34,3439,913,12,2,6,8,0,16554,6.8,16743,209,68,1,2,1,6,9,-6,-34,0.2
"986","Red","Blue","Red","Blue",17,1,4,4,0,16223,7.2,19667,232,66,1423,1022,14,5,1,1,0,14800,7,18645,242,68,0,3,-4,3,3,-10,-2,0.2
"987","Red","Blue","Neither","Blue",27,1,2,3,0,14071,6.4,16382,202,59,-3952,-2015,118,4,8,8,0,18023,7,18397,228,36,0,-91,-3,-6,-5,-26,23,-0.6
"988","Blue","Blue","Blue","Blue",15,2,3,3,0,15284,7.2,18267,245,51,-884,-471,17,1,3,2,0,16168,7.2,18738,227,71,0,-2,1,0,1,18,-20,0
"989","Red","Red","Blue","Blue",46,4,4,3,0,16346,7,19072,272,50,2655,1326,14,2,0,0,0,13691,6.8,17746,218,69,0,32,2,4,3,54,-19,0.2
"990","Red","Blue","Neither","Red",20,1,2,3,0,14358,6.6,16775,225,53,-2031,-1121,17,2,7,6,0,16389,7,17896,223,37,0,3,-1,-5,-3,2,16,-0.4
"991","Blue","Red","Blue","Blue",14,3,7,7,0,17206,7.4,20071,248,66,2893,3588,12,1,2,4,0,14313,6.6,16483,218,56,0,2,2,5,3,30,10,0.800000000000001
"992","Blue","Neither","Red","Blue",15,1,2,3,0,14767,7.2,18018,236,58,-976,-1408,29,0,4,4,0,15743,7.2,19426,215,59,0,-14,1,-2,-1,21,-1,0
"993","Blue","Neither","Neither","Blue",14,0,12,13,0,18291,7.2,18548,176,53,2182,1012,13,2,7,4,0,16109,6.8,17536,210,48,0,1,-2,5,9,-34,5,0.4
"994","Red","Red","Neither","Red",14,0,3,5,0,14979,6.8,17163,203,52,-1968,-2932,38,3,5,6,0,16947,7.2,20095,238,72,0,-24,-3,-2,-1,-35,-20,-0.4
"995","Blue","Red","Neither","Red",20,1,7,6,0,17214,7,18251,231,49,-1806,123,23,6,9,13,1,19020,7,18128,204,54,-1,-3,-5,-2,-7,27,-5,0
"996","Red","Red","Red","Red",22,7,7,11,0,16461,6.4,15402,177,52,-5941,-4097,17,2,16,18,2,22402,7.2,19499,241,48,-2,5,5,-9,-7,-64,4,-0.8
"997","Blue","Neither","Neither","Red",22,1,3,2,0,14027,6.6,16596,219,32,-2105,-1815,19,4,5,4,0,16132,7,18411,261,44,0,3,-3,-2,-2,-42,-12,-0.4
"998","Blue","Neither","Neither","Red",16,0,7,6,0,17432,7.4,19324,224,56,993,593,57,2,5,11,0,16439,7.4,18731,209,52,0,-41,-2,2,-5,15,4,0
"999","Blue","Neither","Neither","Blue",16,1,6,5,0,15969,6.8,17938,231,40,-809,10,10,2,8,8,0,16778,6.6,17928,216,35,0,6,-1,-2,-3,15,5,0.2
"1000","Red","Red","Neither","Blue",14,4,7,5,0,16308,6.8,17166,195,42,-1903,-1398,17,2,11,10,0,18211,7.2,18564,214,36,0,-3,2,-4,-5,-19,6,-0.4
"1001","Red","Red","Neither","Red",12,2,2,2,0,14119,6.6,16231,216,50,-2325,-2078,38,2,5,9,0,16444,6.8,18309,235,46,0,-26,0,-3,-7,-19,4,-0.2
"1002","Blue","Blue","Blue","Blue",15,2,6,4,0,16044,7.2,19133,214,48,-100,-1205,15,4,4,2,0,16144,7.6,20338,234,75,0,0,-2,2,2,-20,-27,-0.399999999999999
"1003","Red","Blue","Neither","Red",15,3,4,2,0,15011,6.6,16617,183,60,-4396,-2703,14,3,11,16,0,19407,7.2,19320,245,40,0,1,0,-7,-14,-62,20,-0.600000000000001
"1004","Red","Red","Red","Red",23,2,3,6,0,14517,6.4,15493,169,46,-3525,-3278,13,0,8,15,0,18042,7,18771,202,79,0,10,2,-5,-9,-33,-33,-0.6
"1005","Red","Neither","Neither","Red",48,4,1,2,0,13653,6.6,16539,220,52,-3728,-3076,14,1,6,4,0,17381,7.4,19615,220,64,0,34,3,-5,-2,0,-12,-0.800000000000001
"1006","Red","Neither","Neither","Blue",18,1,8,13,0,17833,7,18351,191,61,1256,301,15,1,8,7,0,16577,7,18050,193,43,0,3,0,0,6,-2,18,0
"1007","Blue","Blue","Red","Blue",16,1,9,14,0,17759,7,18824,228,48,3082,3200,15,1,4,4,0,14677,6.2,15624,168,44,0,1,0,5,10,60,4,0.8
"1008","Red","Neither","Neither","Red",14,4,6,6,0,16158,7,17652,240,32,197,1241,20,4,6,10,0,15961,6.6,16411,205,52,0,-6,0,0,-4,35,-20,0.4
"1009","Red","Red","Blue","Red",38,5,4,3,0,16147,7,18863,222,55,482,914,19,2,5,4,0,15665,7,17949,199,54,0,19,3,-1,-1,23,1,0
"1010","Red","Red","Neither","Red",16,3,6,7,0,17065,7,18634,220,50,1019,327,18,1,5,7,0,16046,7,18307,233,50,0,-2,2,1,0,-13,0,0
"1011","Blue","Blue","Blue","Blue",41,3,8,6,0,17287,7,18953,215,62,817,266,18,4,7,7,0,16470,7.2,18687,218,56,0,23,-1,1,-1,-3,6,-0.2
"1012","Blue","Blue","Blue","Blue",35,0,6,4,0,15997,7.2,19158,195,60,499,2441,21,1,4,4,0,15498,6.6,16717,210,41,0,14,-1,2,0,-15,19,0.600000000000001
"1013","Blue","Red","Neither","Blue",14,3,3,4,0,15387,7,18342,215,64,-923,-1234,15,4,3,5,0,16310,7.4,19576,232,72,0,-1,-1,0,-1,-17,-8,-0.4
"1014","Blue","Blue","Red","Red",18,2,5,6,0,16313,7,17908,211,60,-531,241,14,3,8,4,0,16844,6.8,17667,205,48,0,4,-1,-3,2,6,12,0.2
"1015","Red","Neither","Neither","Red",18,2,4,4,0,15987,7,18632,252,52,1033,372,15,3,3,3,0,14954,7,18260,231,52,0,3,-1,1,1,21,0,0
"1016","Blue","Neither","Red","Red",15,3,7,9,0,16304,6.4,16307,169,44,-2336,-1468,13,0,8,9,2,18640,7,17775,211,42,-2,2,3,-1,0,-42,2,-0.6
"1017","Blue","Red","Blue","Blue",11,3,10,11,0,18177,6.8,17640,203,40,-1253,-1627,18,1,12,15,0,19430,7.2,19267,235,42,0,-7,2,-2,-4,-32,-2,-0.4
"1018","Blue","Blue","Neither","Red",19,1,7,6,0,17493,7,18552,240,56,2851,1313,11,2,4,4,0,14642,6.8,17239,198,54,0,8,-1,3,2,42,2,0.2
"1019","Blue","Blue","Neither","Blue",13,0,12,16,0,19443,7.2,19743,254,48,5349,4131,17,2,3,3,0,14094,6.6,15612,190,48,0,-4,-2,9,13,64,0,0.600000000000001
"1020","Red","Red","Red","Red",12,1,4,5,0,14920,6.6,17571,186,45,-1670,-540,12,2,5,1,0,16590,7,18111,233,56,0,0,-1,-1,4,-47,-11,-0.4
"1021","Red","Neither","Neither","Red",104,2,9,8,0,17511,6.8,17230,216,39,225,787,15,0,8,14,0,17286,6.6,16443,206,49,0,89,2,1,-6,10,-10,0.2
"1022","Blue","Blue","Red","Blue",16,3,9,10,0,16819,6.8,17163,197,40,459,-1147,13,4,5,3,0,16360,6.8,18310,235,57,0,3,-1,4,7,-38,-17,0
"1023","Blue","Red","Neither","Blue",35,2,3,5,0,14703,6.8,16970,198,36,-2127,-1619,18,2,6,10,0,16830,7,18589,233,55,0,17,0,-3,-5,-35,-19,-0.2
"1024","Blue","Red","Neither","Blue",15,0,7,5,0,16801,7.4,18747,203,64,575,706,15,3,5,7,0,16226,7,18041,214,48,0,0,-3,2,-2,-11,16,0.4
"1025","Red","Neither","Neither","Blue",19,5,4,7,0,16254,7.2,18913,248,60,-329,-230,14,6,5,5,0,16583,7.2,19143,272,47,0,5,-1,-1,2,-24,13,0
"1026","Blue","Blue","Neither","Red",75,3,4,4,0,15478,6.8,18212,204,60,-2375,-293,16,1,6,4,1,17853,7,18505,236,48,-1,59,2,-2,0,-32,12,-0.2
"1027","Blue","Neither","Red","Red",21,1,5,4,0,15363,6.4,16498,206,45,-2623,-2312,14,4,10,16,0,17986,7,18810,226,33,0,7,-3,-5,-12,-20,12,-0.6
"1028","Blue","Neither","Red","Blue",16,3,9,12,0,17121,6.6,16462,212,36,217,434,16,1,8,9,0,16904,6.4,16028,173,35,0,0,2,1,3,39,1,0.199999999999999
"1029","Red","Red","Neither","Red",16,3,5,5,0,15069,6.2,14655,172,36,-4160,-6073,48,4,13,10,0,19229,7.4,20728,231,69,0,-32,-1,-8,-5,-59,-33,-1.2
"1030","Red","Blue","Neither","Red",18,1,5,1,1,15891,6.4,15926,179,36,-498,-1785,13,3,5,4,0,16389,6.8,17711,196,55,1,5,-2,0,-3,-17,-19,-0.399999999999999
"1031","Red","Red","Neither","Red",16,2,1,1,0,13316,6.6,16245,188,49,-4500,-2980,13,2,9,11,0,17816,7.2,19225,215,44,0,3,0,-8,-10,-27,5,-0.600000000000001
"1032","Red","Neither","Neither","Blue",18,2,6,11,0,15956,6.8,17199,215,44,-43,-1154,13,3,4,4,0,15999,7.2,18353,226,69,0,5,-1,2,7,-11,-25,-0.4
"1033","Blue","Blue","Blue","Blue",29,2,3,2,0,15661,7,18396,225,64,-643,-1199,15,3,3,5,0,16304,7.2,19595,256,71,0,14,-1,0,-3,-31,-7,-0.2
"1034","Blue","Neither","Neither","Blue",13,1,6,5,0,16789,7,17947,198,57,1206,968,32,1,5,5,0,15583,6.6,16979,192,36,0,-19,0,1,0,6,21,0.4
"1035","Red","Blue","Blue","Blue",12,2,5,5,0,16347,6.6,17442,212,51,-3529,-1509,12,5,12,15,1,19876,7.4,18951,214,52,-1,0,-3,-7,-10,-2,-1,-0.800000000000001
"1036","Red","Red","Neither","Red",14,2,3,3,0,14901,6.8,16728,201,48,-1123,-976,18,1,6,6,0,16024,6.8,17704,232,36,0,-4,1,-3,-3,-31,12,0
"1037","Red","Blue","Neither","Blue",13,13,8,12,0,17018,7,17105,190,56,1096,120,41,2,7,4,0,15922,6.8,16985,196,47,0,-28,11,1,8,-6,9,0.2
"1038","Red","Neither","Neither","Red",15,23,8,12,0,16342,6.6,16909,165,42,-5219,-3480,41,2,13,15,1,21561,7.4,20389,263,40,-1,-26,21,-5,-3,-98,2,-0.800000000000001
"1039","Red","Blue","Neither","Red",17,2,5,3,0,14801,6.2,16202,209,42,-3527,-1901,19,3,11,12,0,18328,7,18103,230,43,0,-2,-1,-6,-9,-21,-1,-0.8
"1040","Red","Neither","Neither","Blue",13,2,9,17,0,17333,6.8,17113,209,43,1936,1447,18,1,6,5,0,15397,6.4,15666,197,40,0,-5,1,3,12,12,3,0.399999999999999
"1041","Red","Red","Neither","Red",18,2,4,6,0,15052,7,16945,194,50,-1729,-1258,17,6,7,8,0,16781,7,18203,226,48,0,1,-4,-3,-2,-32,2,0
"1042","Blue","Neither","Neither","Blue",15,4,4,5,0,15585,6.8,17392,227,46,-797,-843,17,1,6,7,0,16382,7,18235,241,40,0,-2,3,-2,-2,-14,6,-0.2
"1043","Red","Red","Neither","Red",41,8,3,4,0,15273,7,17980,214,58,-764,-1142,20,3,5,1,0,16037,7,19122,248,56,0,21,5,-2,3,-34,2,0
"1044","Red","Red","Neither","Blue",20,1,5,7,0,15666,6.6,15541,188,48,-2484,-3235,16,3,9,5,0,18150,7.2,18776,235,56,0,4,-2,-4,2,-47,-8,-0.600000000000001
"1045","Red","Red","Blue","Red",15,1,2,0,0,14591,6.8,17470,219,60,-2269,-1078,34,4,8,7,0,16860,7.2,18548,223,42,0,-19,-3,-6,-7,-4,18,-0.4
"1046","Red","Neither","Neither","Red",12,2,3,5,0,14690,6.2,15769,191,44,-1753,-3324,26,2,7,4,0,16443,7,19093,210,63,0,-14,0,-4,1,-19,-19,-0.8
"1047","Red","Red","Red","Red",47,2,7,8,0,17151,6.8,17777,193,49,-1122,-926,12,3,7,6,1,18273,7.2,18703,234,55,-1,35,-1,0,2,-41,-6,-0.4
"1048","Red","Red","Red","Blue",123,2,6,6,0,16378,6.8,17819,211,43,428,-558,58,0,6,6,0,15950,7,18377,216,49,0,65,2,0,0,-5,-6,-0.2
"1049","Red","Neither","Neither","Red",21,0,5,7,0,15661,6.4,15375,208,39,-945,-2334,13,4,7,5,0,16606,7,17709,234,36,0,8,-4,-2,2,-26,3,-0.6
"1050","Red","Red","Neither","Blue",16,3,7,4,0,16589,7,18105,231,49,-17,-355,18,2,4,4,0,16606,7.2,18460,220,66,0,-2,1,3,0,11,-17,-0.2
"1051","Red","Blue","Blue","Blue",14,0,3,3,0,15900,6.8,17700,234,40,-1286,-995,14,1,6,6,0,17186,7,18695,214,54,0,0,-1,-3,-3,20,-14,-0.2
"1052","Blue","Red","Neither","Blue",14,5,5,8,0,14927,6.6,15638,196,25,-2614,-1880,17,3,9,16,0,17541,6.8,17518,214,47,0,-3,2,-4,-8,-18,-22,-0.2
"1053","Blue","Red","Blue","Blue",15,2,2,0,1,16875,6.8,18159,247,56,2231,223,18,0,3,3,0,14644,6.8,17936,190,76,1,-3,2,-1,-3,57,-20,0
"1054","Red","Neither","Blue","Blue",18,2,8,8,0,17847,7,18916,207,60,3060,1838,15,2,2,3,0,14787,6.6,17078,221,60,0,3,0,6,5,-14,0,0.4
"1055","Blue","Neither","Neither","Blue",87,2,6,9,0,16369,7,18278,201,40,311,-50,13,3,6,5,0,16058,7.2,18328,216,52,0,74,-1,0,4,-15,-12,-0.2
"1056","Blue","Blue","Blue","Blue",15,2,4,7,0,17320,7.4,18965,264,75,2850,1646,47,0,1,0,0,14470,6.8,17319,248,45,0,-32,2,3,7,16,30,0.600000000000001
"1057","Blue","Blue","Neither","Blue",14,2,9,6,0,18532,7.4,20134,231,55,3195,1370,124,2,4,1,0,15337,7.2,18764,223,64,0,-110,0,5,5,8,-9,0.2
"1058","Red","Neither","Red","Blue",21,5,8,10,0,17136,7,18233,202,54,1363,-147,18,5,6,2,0,15773,7,18380,218,56,0,3,0,2,8,-16,-2,0
"1059","Red","Red","Neither","Red",20,1,8,7,0,17137,7.2,18448,192,44,1025,-199,13,4,6,4,0,16112,6.8,18647,187,56,0,7,-3,2,3,5,-12,0.4
"1060","Red","Red","Blue","Blue",17,4,8,11,1,19114,7,18680,245,44,2544,-21,22,2,7,10,0,16570,7,18701,209,60,1,-5,2,1,1,36,-16,0
"1061","Red","Red","Red","Red",33,0,2,2,0,13555,6,13939,150,48,-6373,-5156,20,1,10,9,1,19928,7.2,19095,242,56,-1,13,-1,-8,-7,-92,-8,-1.2
"1062","Blue","Red","Neither","Blue",16,7,4,5,0,14707,6.6,16234,213,36,-2268,-2502,22,4,5,5,0,16975,7.2,18736,254,62,0,-6,3,-1,0,-41,-26,-0.600000000000001
"1063","Red","Red","Neither","Blue",16,2,3,2,0,16025,7,17956,214,56,-44,-357,105,4,7,5,0,16069,7,18313,220,44,0,-89,-2,-4,-3,-6,12,0
"1064","Red","Neither","Neither","Blue",16,2,8,11,0,16776,6.4,15799,196,39,357,-26,16,3,7,7,0,16419,6.2,15825,186,36,0,0,-1,1,4,10,3,0.2
"1065","Blue","Red","Neither","Red",16,3,3,1,0,15379,7,17670,232,48,236,-37,16,6,3,5,0,15143,6.8,17707,217,52,0,0,-3,0,-4,15,-4,0.2
"1066","Blue","Blue","Neither","Blue",23,3,5,6,0,17196,7.2,19002,239,64,2973,1440,17,7,1,2,0,14223,6.8,17562,239,48,0,6,-4,4,4,0,16,0.4
"1067","Blue","Blue","Neither","Blue",18,7,7,4,0,17200,7.2,19346,234,60,2977,3051,16,3,1,1,0,14223,6.6,16295,211,72,0,2,4,6,3,23,-12,0.600000000000001
"1068","Red","Red","Blue","Red",14,4,9,11,0,17472,7.2,17708,180,50,-423,-1210,15,4,8,11,0,17895,7.2,18918,221,54,0,-1,0,1,0,-41,-4,0
"1069","Red","Neither","Neither","Blue",19,4,4,5,0,15435,6.8,17093,231,38,-1077,-2560,16,5,5,1,0,16512,7.4,19653,249,75,0,3,-1,-1,4,-18,-37,-0.600000000000001
"1070","Blue","Blue","Red","Blue",20,2,6,5,0,16588,7.2,19189,229,62,1782,1959,17,2,4,1,0,14806,6.8,17230,189,44,0,3,0,2,4,40,18,0.4
"1071","Blue","Neither","Neither","Blue",16,1,6,7,0,16784,7,17848,228,40,941,129,16,1,6,4,0,15843,6.8,17719,176,55,0,0,0,0,3,52,-15,0.2
"1072","Blue","Blue","Neither","Red",43,1,9,11,0,16982,7,18420,191,44,-1346,-1607,15,0,8,7,0,18328,7.4,20027,212,76,0,28,1,1,4,-21,-32,-0.4
"1073","Blue","Red","Neither","Blue",17,5,9,11,0,17635,6.6,16554,175,42,-1430,-2349,12,4,13,13,0,19065,7.2,18903,219,53,0,5,1,-4,-2,-44,-11,-0.600000000000001
"1074","Red","Red","Neither","Red",10,0,5,2,0,15913,6.8,18220,225,46,-1091,-892,16,1,8,6,0,17004,7.2,19112,208,66,0,-6,-1,-3,-4,17,-20,-0.4
"1075","Red","Blue","Neither","Red",18,1,4,6,0,14487,6.4,16054,170,52,-2088,-2747,14,1,7,6,0,16575,7.4,18801,217,40,0,4,0,-3,0,-47,12,-1
"1076","Red","Neither","Neither","Blue",17,2,2,1,0,15643,6.8,18376,233,72,-1045,169,18,1,3,3,1,16688,7.2,18207,229,52,-1,-1,1,-1,-2,4,20,-0.4
"1077","Blue","Neither","Neither","Red",19,2,5,5,0,16853,7.2,18782,233,48,213,-583,33,2,5,2,0,16640,7,19365,249,57,0,-14,0,0,3,-16,-9,0.2
"1078","Blue","Neither","Blue","Blue",15,1,12,14,0,18242,7,17997,195,58,4484,2878,18,3,2,1,0,13758,6.2,15119,199,32,0,-3,-2,10,13,-4,26,0.8
"1079","Blue","Neither","Red","Blue",24,5,7,8,0,16866,6.8,17575,194,54,-1543,-523,16,1,7,7,1,18409,7,18098,207,48,-1,8,4,0,1,-13,6,-0.2
"1080","Red","Red","Neither","Red",13,2,2,2,0,14673,7.2,18411,232,44,-2599,-818,10,0,5,7,0,17272,7,19229,271,60,0,3,2,-3,-5,-39,-16,0.2
"1081","Blue","Red","Neither","Blue",73,1,4,4,0,15463,6.8,17936,215,45,-338,-9,14,4,5,6,0,15801,7.2,17945,217,58,0,59,-3,-1,-2,-2,-13,-0.4
"1082","Blue","Blue","Red","Red",57,3,6,6,0,15824,6.6,16324,210,41,-2047,-2330,19,3,9,8,0,17871,6.8,18654,205,64,0,38,0,-3,-2,5,-23,-0.2
"1083","Blue","Neither","Neither","Red",37,3,8,13,0,17129,6.8,17579,227,32,1192,449,15,3,5,7,0,15937,6.8,17130,225,48,0,22,0,3,6,2,-16,0
"1084","Blue","Red","Neither","Red",19,5,6,4,0,16335,6.8,17761,236,33,1167,489,87,2,3,1,0,15168,6.8,17272,206,52,0,-68,3,3,3,30,-19,0
"1085","Red","Red","Neither","Red",10,2,6,8,0,17099,7,18702,208,74,1579,1223,12,1,4,3,0,15520,6.8,17479,228,43,0,-2,1,2,5,-20,31,0.2
"1086","Blue","Blue","Neither","Blue",88,2,10,6,0,19077,7.6,20483,234,52,5271,3997,15,1,2,2,0,13806,6.6,16486,191,48,0,73,1,8,4,43,4,1
"1087","Blue","Red","Neither","Red",12,0,1,0,0,14983,6.8,17958,271,60,-1607,-1043,12,1,7,10,0,16590,7,19001,212,54,0,0,-1,-6,-10,59,6,-0.2
"1088","Blue","Neither","Neither","Red",19,0,9,9,0,17368,6.8,18134,219,40,280,-1018,15,3,6,8,0,17088,7.2,19152,227,59,0,4,-3,3,1,-8,-19,-0.4
"1089","Red","Red","Red","Red",12,17,3,4,0,15286,6.8,17397,225,47,-2811,-2702,43,2,8,11,0,18097,7.6,20099,247,68,0,-31,15,-5,-7,-22,-21,-0.8
"1090","Red","Neither","Neither","Red",12,2,5,5,0,16317,7,17669,209,56,-1025,-1767,14,2,8,4,0,17342,7.2,19436,245,56,0,-2,0,-3,1,-36,0,-0.2
"1091","Blue","Blue","Blue","Red",14,3,5,9,0,16364,7.4,19838,245,60,409,1681,13,4,4,3,0,15955,6.8,18157,229,60,0,1,-1,1,6,16,0,0.600000000000001
"1092","Red","Blue","Neither","Blue",41,2,3,6,0,14623,6.6,15613,173,47,-417,-1234,55,5,3,4,0,15040,6.8,16847,207,46,0,-14,-3,0,2,-34,1,-0.2
"1093","Blue","Red","Neither","Blue",84,3,10,12,1,19938,7,18437,222,44,4534,1707,14,1,5,4,0,15404,6.6,16730,214,52,1,70,2,5,8,8,-8,0.4
"1094","Red","Red","Red","Red",15,2,5,5,0,16221,7,17699,216,64,-1437,-1656,39,2,8,4,0,17658,7.2,19355,227,68,0,-24,0,-3,1,-11,-4,-0.2
"1095","Blue","Blue","Neither","Blue",13,2,7,5,0,16544,6.8,17779,194,56,-3011,-1199,16,0,12,20,0,19555,7,18978,222,36,0,-3,2,-5,-15,-28,20,-0.2
"1096","Blue","Red","Neither","Red",17,1,8,7,0,17908,7.2,19202,229,54,653,430,12,2,7,9,0,17255,7.2,18772,247,46,0,5,-1,1,-2,-18,8,0
"1097","Red","Red","Neither","Red",17,1,2,1,0,15831,7.4,19463,271,64,1134,1160,12,3,2,0,0,14697,7,18303,238,61,0,5,-2,0,1,33,3,0.4
"1098","Blue","Neither","Neither","Blue",16,2,9,9,0,17668,7.2,18804,230,55,1024,750,11,4,7,5,0,16644,7.2,18054,226,48,0,5,-2,2,4,4,7,0
"1099","Red","Neither","Neither","Red",18,0,5,6,0,15470,6.8,17038,217,40,-1708,-677,51,2,7,12,0,17178,7.2,17715,207,44,0,-33,-2,-2,-6,10,-4,-0.4
"1100","Blue","Neither","Neither","Red",16,2,6,5,0,16448,6.8,17691,207,59,442,541,18,1,6,3,0,16006,6.8,17150,221,52,0,-2,1,0,2,-14,7,0
"1101","Blue","Neither","Neither","Red",25,3,5,2,0,14877,7,17258,205,44,-1550,-1018,15,0,7,8,0,16427,7,18276,211,55,0,10,3,-2,-6,-6,-11,0
"1102","Blue","Neither","Neither","Blue",45,0,13,18,0,18917,7.6,19563,226,48,4611,3311,84,0,1,1,0,14306,6.6,16252,213,48,0,-39,0,12,17,13,0,1
"1103","Red","Red","Red","Blue",10,6,6,8,0,16356,6.4,16343,202,47,-2865,-3840,18,3,9,10,0,19221,7.4,20183,223,59,0,-8,3,-3,-2,-21,-12,-1
"1104","Red","Red","Neither","Red",17,2,3,5,0,14676,6.6,16668,170,59,-1563,-1232,18,1,7,3,0,16239,6.8,17900,201,52,0,-1,1,-4,2,-31,7,-0.2
"1105","Red","Red","Neither","Blue",14,1,2,3,0,13126,6,14222,175,46,-4394,-3817,12,4,12,11,0,17520,7,18039,195,44,0,2,-3,-10,-8,-20,2,-1
"1106","Blue","Red","Neither","Red",16,4,10,14,0,17769,7.2,18832,207,44,1417,1116,14,4,6,3,0,16352,7,17716,215,58,0,2,0,4,11,-8,-14,0.2
"1107","Red","Red","Neither","Red",37,2,6,4,0,16051,6.8,17315,199,58,-485,-353,18,1,8,8,0,16536,6.8,17668,199,44,0,19,1,-2,-4,0,14,0
"1108","Red","Red","Blue","Blue",86,3,6,6,0,17395,7.2,18998,252,56,2234,1606,22,2,3,5,0,15161,7,17392,226,56,0,64,1,3,1,26,0,0.2
"1109","Blue","Blue","Neither","Blue",15,7,8,12,0,16819,6.8,17190,199,58,1896,1069,24,2,4,5,0,14923,6.6,16121,216,41,0,-9,5,4,7,-17,17,0.2
"1110","Red","Blue","Blue","Red",18,2,5,8,0,16315,6.8,17744,236,56,199,403,17,2,6,9,0,16116,6.6,17341,227,34,0,1,0,-1,-1,9,22,0.2
"1111","Blue","Blue","Red","Blue",17,5,7,8,0,16846,6.8,17698,246,39,-1705,-1679,12,3,6,5,2,18551,7.2,19377,240,59,-2,5,2,1,3,6,-20,-0.4
"1112","Red","Neither","Blue","Blue",16,2,2,1,1,15951,7,18136,236,42,-675,-1212,17,3,5,6,0,16626,7.2,19348,234,60,1,-1,-1,-3,-5,2,-18,-0.2
"1113","Blue","Blue","Neither","Red",14,3,7,8,0,16858,7,18658,228,40,1160,1541,22,4,3,6,0,15698,6.6,17117,244,58,0,-8,-1,4,2,-16,-18,0.4
"1114","Blue","Red","Neither","Blue",18,5,10,10,0,17335,6.6,16110,176,48,1287,-749,16,3,9,11,0,16048,6.6,16859,198,40,0,2,2,1,-1,-22,8,0
"1115","Red","Neither","Neither","Blue",14,4,7,7,0,16781,6.8,17415,194,52,-2063,-1448,27,1,7,7,1,18844,7,18863,232,52,-1,-13,3,0,0,-38,0,-0.2
"1116","Blue","Neither","Neither","Red",28,18,8,11,0,17225,6.8,18183,222,57,2559,2593,42,2,4,4,0,14666,6.2,15590,209,36,0,-14,16,4,7,13,21,0.6
"1117","Blue","Red","Neither","Red",18,1,6,4,0,16948,7,18271,252,60,2346,1424,14,4,4,1,0,14602,6.4,16847,211,51,0,4,-3,2,3,41,9,0.6
"1118","Red","Blue","Red","Red",18,5,7,7,0,16056,6.6,16268,188,40,-1151,-1924,15,1,7,14,0,17207,7,18192,235,49,0,3,4,0,-7,-47,-9,-0.4
"1119","Blue","Neither","Neither","Red",37,3,5,5,0,15440,6.4,15725,180,43,-1729,118,17,2,9,8,0,17169,6.4,15607,185,44,0,20,1,-4,-3,-5,-1,0
"1120","Red","Blue","Neither","Blue",19,6,8,12,0,16058,6.4,15685,178,40,-1441,-2022,18,4,6,10,0,17499,6.8,17707,240,60,0,1,2,2,2,-62,-20,-0.399999999999999
"1121","Blue","Blue","Neither","Blue",17,2,5,3,0,16315,7,18479,256,44,763,1243,14,3,4,3,0,15552,6.8,17236,218,52,0,3,-1,1,0,38,-8,0.2
"1122","Blue","Blue","Neither","Blue",56,3,9,16,0,17326,6.8,18168,188,58,1209,574,18,3,4,5,0,16117,6.8,17594,231,33,0,38,0,5,11,-43,25,0
"1123","Red","Red","Neither","Red",82,2,5,5,0,16851,7,18647,225,65,1706,1154,43,4,3,5,0,15145,7,17493,219,54,0,39,-2,2,0,6,11,0
"1124","Blue","Neither","Neither","Blue",13,1,6,4,0,16853,6.8,18346,234,44,2097,1569,106,2,2,1,0,14756,6.6,16777,228,50,0,-93,-1,4,3,6,-6,0.2
"1125","Blue","Blue","Neither","Blue",15,2,9,8,0,17556,7.4,19338,211,52,2201,1421,34,1,3,3,0,15355,7,17917,227,49,0,-19,1,6,5,-16,3,0.4
"1126","Red","Red","Red","Blue",14,3,11,9,0,17840,7,18114,175,51,-2425,-1827,28,2,12,12,1,20265,7.4,19941,197,58,-1,-14,1,-1,-3,-22,-7,-0.4
"1127","Red","Neither","Neither","Blue",18,4,10,9,0,18725,7.4,19513,243,59,2376,1325,16,3,6,5,0,16349,7.2,18188,215,52,0,2,1,4,4,28,7,0.2
"1128","Blue","Red","Neither","Blue",17,1,5,5,0,16781,6.8,18303,222,48,679,1400,17,0,6,6,0,16102,6.6,16903,192,57,0,0,1,-1,-1,30,-9,0.2
"1129","Red","Blue","Neither","Red",16,0,5,8,0,15376,6.6,16791,206,41,-4864,-3336,66,4,12,11,0,20240,7.6,20127,247,48,0,-50,-4,-7,-3,-41,-7,-1
"1130","Red","Neither","Neither","Red",17,4,2,1,0,14193,7,17801,218,43,-3116,-1349,14,4,6,7,0,17309,7.4,19150,247,71,0,3,0,-4,-6,-29,-28,-0.4
"1131","Blue","Red","Red","Red",16,1,7,5,0,16862,6.8,18123,206,44,-542,-254,15,3,9,8,0,17404,7.2,18377,222,41,0,1,-2,-2,-3,-16,3,-0.4
"1132","Blue","Blue","Blue","Blue",21,6,4,5,0,17003,6.8,18427,239,64,1634,546,22,7,3,4,0,15369,7,17881,261,29,0,-1,-1,1,1,-22,35,-0.2
"1133","Red","Red","Neither","Red",15,1,4,5,0,15506,6.8,17710,231,50,-672,-1420,12,1,6,4,0,16178,7.2,19130,214,49,0,3,0,-2,1,17,1,-0.4
"1134","Red","Red","Red","Red",19,3,10,15,0,18724,6.8,18411,221,33,622,319,40,2,10,16,0,18102,7,18092,220,47,0,-21,1,0,-1,1,-14,-0.2
"1135","Blue","Red","Blue","Blue",24,1,4,3,0,16422,6.8,18048,242,54,1571,560,16,2,3,3,0,14851,7,17488,211,56,0,8,-1,1,0,31,-2,-0.2
"1136","Blue","Neither","Blue","Blue",16,2,13,10,0,18337,7.2,18978,194,43,3211,3640,16,0,5,6,0,15126,6.4,15338,182,32,0,0,2,8,4,12,11,0.8
"1137","Blue","Blue","Neither","Blue",36,2,6,6,0,15385,6.6,16039,210,48,-3134,-2772,17,2,10,8,0,18519,7,18811,232,47,0,19,0,-4,-2,-22,1,-0.4
"1138","Red","Red","Neither","Red",18,2,6,6,0,15566,6.8,17340,211,52,-1951,-872,12,4,5,6,0,17517,7.2,18212,233,68,0,6,-2,1,0,-22,-16,-0.4
"1139","Blue","Neither","Red","Blue",17,5,8,10,0,18326,7.2,19015,239,51,3517,2356,19,6,4,4,0,14809,6.6,16659,203,24,0,-2,-1,4,6,36,27,0.600000000000001
"1140","Red","Red","Neither","Red",15,0,6,9,0,16299,6.8,17800,226,42,80,-599,13,2,6,4,0,16219,7.2,18399,210,48,0,2,-2,0,5,16,-6,-0.4
"1141","Red","Red","Neither","Red",13,1,1,1,0,13991,6.8,17215,221,59,-1380,-581,12,1,3,2,0,15371,7,17796,224,52,0,1,0,-2,-1,-3,7,-0.2
"1142","Blue","Red","Neither","Red",15,2,3,4,0,14205,6.6,16546,203,40,-1115,178,18,2,4,4,0,15320,6.6,16368,192,52,0,-3,0,-1,0,11,-12,0
"1143","Red","Red","Neither","Blue",15,6,6,11,0,17955,7.2,18774,270,43,3187,880,17,1,2,1,0,14768,6.8,17894,230,64,0,-2,5,4,10,40,-21,0.4
"1144","Blue","Neither","Neither","Blue",52,2,13,16,1,20862,7,18335,232,39,6423,3767,15,1,5,8,0,14439,6.2,14568,148,45,1,37,1,8,8,84,-6,0.8
"1145","Red","Neither","Neither","Red",14,3,0,0,0,14197,6.8,17915,255,54,-2313,-1210,60,3,6,6,0,16510,7.2,19125,231,64,0,-46,0,-6,-6,24,-10,-0.4
"1146","Red","Red","Blue","Blue",25,4,5,4,0,16788,7.2,19474,264,59,1346,919,39,3,3,6,0,15442,7.2,18555,242,56,0,-14,1,2,-2,22,3,0
"1147","Blue","Blue","Neither","Red",35,0,3,4,0,14798,6.8,16659,179,54,-2402,-1757,14,0,6,7,0,17200,6.8,18416,227,52,0,21,0,-3,-3,-48,2,0
"1148","Red","Red","Neither","Red",15,1,3,4,0,15598,6.8,17735,220,69,-1293,-260,25,1,7,6,0,16891,7,17995,237,42,0,-10,0,-4,-2,-17,27,-0.2
"1149","Blue","Red","Neither","Red",17,1,5,2,0,16655,7.2,19541,238,59,2089,1675,12,3,2,3,0,14566,6.8,17866,224,57,0,5,-2,3,-1,14,2,0.4
"1150","Red","Blue","Neither","Red",15,6,8,9,0,16804,7.2,18899,206,60,2290,1865,10,2,4,2,0,14514,6.6,17034,180,40,0,5,4,4,7,26,20,0.600000000000001
"1151","Blue","Blue","Blue","Blue",15,3,6,4,0,15977,6.8,17653,198,60,-1397,-1549,18,5,7,6,0,17374,7.2,19202,230,62,0,-3,-2,-1,-2,-32,-2,-0.4
"1152","Red","Blue","Red","Red",16,2,4,2,0,15654,7.2,18324,233,46,-360,-61,10,1,3,2,0,16014,7,18385,254,64,0,6,1,1,0,-21,-18,0.2
"1153","Blue","Blue","Neither","Blue",20,3,10,12,0,19035,7.4,19265,239,60,5465,3492,33,1,2,2,0,13570,6.4,15773,190,32,0,-13,2,8,10,49,28,1
"1154","Red","Red","Blue","Red",14,3,4,5,0,16247,7.4,19687,226,72,1032,1098,16,0,2,2,0,15215,7,18589,243,68,0,-2,3,2,3,-17,4,0.4
"1155","Red","Neither","Neither","Blue",14,3,8,11,0,18074,7.4,19746,235,54,1887,1295,15,2,5,4,0,16187,7,18451,220,64,0,-1,1,3,7,15,-10,0.4
"1156","Blue","Neither","Blue","Blue",14,2,8,9,0,17274,7,18134,233,39,3640,2348,12,5,2,0,0,13634,6.4,15786,202,44,0,2,-3,6,9,31,-5,0.6
"1157","Blue","Red","Neither","Red",16,3,10,12,0,17839,7,18614,201,48,1452,689,39,1,7,5,0,16387,7.2,17925,198,56,0,-23,2,3,7,3,-8,-0.2
"1158","Blue","Red","Neither","Blue",14,2,6,11,0,16700,7,17393,218,40,1806,4,14,1,6,3,0,14894,6.6,17389,203,39,0,0,1,0,8,15,1,0.4
"1159","Blue","Red","Neither","Red",15,2,6,10,0,15852,6.8,17369,192,43,66,-57,17,5,5,5,0,15786,6.8,17426,232,48,0,-2,-3,1,5,-40,-5,0
"1160","Blue","Red","Neither","Blue",17,2,4,4,0,15296,6.6,17179,221,40,-112,-812,14,3,4,4,0,15408,6.8,17991,222,50,0,3,-1,0,0,-1,-10,-0.2
"1161","Blue","Blue","Neither","Blue",18,2,1,2,0,14426,6.8,17085,219,52,-323,-615,18,0,1,2,0,14749,6.6,17700,243,44,0,0,2,0,0,-24,8,0.2
"1162","Blue","Red","Neither","Blue",20,2,4,2,0,15856,7,19023,248,66,-82,745,17,4,4,4,0,15938,7,18278,254,51,0,3,-2,0,-2,-6,15,0
"1163","Blue","Red","Neither","Blue",16,3,11,17,0,17895,6.8,16640,191,38,2088,-118,16,3,6,5,0,15807,6.6,16758,202,41,0,0,0,5,12,-11,-3,0.2
"1164","Red","Neither","Neither","Blue",16,0,6,9,0,15728,6.6,17183,208,44,-2701,-2275,16,2,9,8,0,18429,7.2,19458,208,56,0,0,-2,-3,1,0,-12,-0.600000000000001
"1165","Blue","Neither","Red","Blue",17,4,5,5,1,17333,6.8,16881,232,39,781,-1744,18,1,5,4,0,16552,7.2,18625,234,52,1,-1,3,0,1,-2,-13,-0.4
"1166","Red","Red","Neither","Blue",38,0,8,9,0,16404,6.8,17425,197,54,283,608,106,2,7,8,0,16121,6.6,16817,216,36,0,-68,-2,1,1,-19,18,0.2
"1167","Blue","Blue","Red","Red",15,0,6,6,0,15738,7,17430,206,52,-360,-708,18,2,6,1,0,16098,7,18138,230,60,0,-3,-2,0,5,-24,-8,0
"1168","Red","Red","Red","Red",15,1,0,0,0,13580,6.4,16571,207,48,-4279,-4529,37,2,4,2,0,17859,7.6,21100,266,82,0,-22,-1,-4,-2,-59,-34,-1.2
"1169","Red","Blue","Neither","Red",14,8,6,4,0,16773,6.8,17641,237,48,120,-1254,20,2,7,5,0,16653,7.2,18895,224,48,0,-6,6,-1,-1,13,0,-0.4
"1170","Red","Red","Neither","Red",15,2,4,5,0,14993,6.6,16251,215,33,-1845,-1879,14,6,8,10,0,16838,7,18130,229,52,0,1,-4,-4,-5,-14,-19,-0.4
"1171","Red","Red","Neither","Blue",18,5,2,1,0,15219,6.8,17357,241,48,-563,-1422,19,5,3,3,0,15782,7,18779,225,68,0,-1,0,-1,-2,16,-20,-0.2
"1172","Red","Neither","Neither","Red",17,1,6,4,0,16046,6.6,16986,203,48,-1112,-942,15,3,8,7,0,17158,7,17928,220,56,0,2,-2,-2,-3,-17,-8,-0.4
"1173","Red","Blue","Red","Red",16,0,6,5,0,15683,7,17335,186,54,-1906,-1476,12,3,8,9,0,17589,7,18811,240,45,0,4,-3,-2,-4,-54,9,0
"1174","Red","Blue","Neither","Red",11,1,5,5,0,16408,6.8,17435,199,69,-2517,-1199,35,0,9,12,0,18925,7.2,18634,248,44,0,-24,1,-4,-7,-49,25,-0.4
"1175","Red","Red","Blue","Red",16,3,3,2,0,15104,6.8,17634,228,38,-2831,-1651,16,1,7,8,0,17935,7.4,19285,242,66,0,0,2,-4,-6,-14,-28,-0.600000000000001
"1176","Red","Neither","Blue","Blue",16,4,6,7,0,16113,6.8,16994,180,41,-1063,-632,18,4,5,5,1,17176,6.8,17626,240,41,-1,-2,0,1,2,-60,0,0
"1177","Blue","Red","Red","Red",15,2,11,15,0,18894,6.8,17942,219,35,1573,-624,13,2,7,7,0,17321,7,18566,220,76,0,2,0,4,8,-1,-41,-0.2
"1178","Red","Neither","Neither","Red",24,2,7,5,0,16652,6.8,18147,212,59,-427,-13,13,3,9,9,0,17079,7,18160,226,32,0,11,-1,-2,-4,-14,27,-0.2
"1179","Red","Neither","Neither","Red",18,3,4,4,0,15409,6.8,17089,218,40,-2161,-297,14,1,10,18,0,17570,6.6,17386,187,48,0,4,2,-6,-14,31,-8,0.2
"1180","Blue","Red","Neither","Red",14,3,8,8,0,16733,7.4,19524,193,57,479,929,17,4,4,3,0,16254,7,18595,233,67,0,-3,-1,4,5,-40,-10,0.4
"1181","Blue","Neither","Neither","Blue",23,2,12,13,0,17307,6.4,16818,189,26,3237,2107,14,0,5,4,0,14070,6.2,14711,158,33,0,9,2,7,9,31,-7,0.2
"1182","Blue","Blue","Neither","Red",18,5,5,8,0,15283,7,17676,223,48,230,-105,16,4,4,5,0,15053,6.8,17781,212,52,0,2,1,1,3,11,-4,0.2
"1183","Red","Red","Neither","Red",14,0,3,1,0,14428,6.6,16819,215,52,-1217,-539,62,3,7,11,0,15645,6.8,17358,216,32,0,-48,-3,-4,-10,-1,20,-0.2
"1184","Blue","Blue","Neither","Blue",13,2,7,12,0,16679,7,17760,193,47,273,87,12,3,6,9,0,16406,6.8,17673,215,48,0,1,-1,1,3,-22,-1,0.2
"1185","Red","Red","Neither","Red",46,1,4,3,0,15400,6.6,16607,188,45,-2552,-2052,51,2,10,13,0,17952,6.8,18659,212,50,0,-5,-1,-6,-10,-24,-5,-0.2
"1186","Red","Neither","Neither","Red",17,7,7,6,0,16230,6.8,17336,216,40,-4,-139,14,3,7,5,0,16234,7,17475,177,63,0,3,4,0,1,39,-23,-0.2
"1187","Red","Blue","Neither","Red",15,2,4,3,0,16028,7.4,19000,249,56,-2863,-875,13,3,7,6,0,18891,7.4,19875,242,52,0,2,-1,-3,-3,7,4,0
"1188","Blue","Neither","Neither","Blue",13,6,4,2,0,15731,7.2,18954,250,47,-85,-632,41,2,4,3,0,15816,7.2,19586,229,75,0,-28,4,0,-1,21,-28,0
"1189","Red","Red","Red","Red",12,3,4,1,0,14816,6.6,16519,218,46,-4490,-3582,15,0,10,6,1,19306,7.4,20101,247,56,-1,-3,3,-6,-5,-29,-10,-0.800000000000001
"1190","Blue","Red","Blue","Red",36,3,4,2,0,15862,7.2,19244,229,60,-988,470,17,2,6,6,0,16850,7,18774,232,56,0,19,1,-2,-4,-3,4,0.2
"1191","Blue","Blue","Blue","Red",15,1,1,1,0,14140,6.6,17249,241,48,-1481,-1506,57,1,4,5,0,15621,7,18755,228,52,0,-42,0,-3,-4,13,-4,-0.4
"1192","Blue","Blue","Blue","Red",83,6,6,7,0,16699,7,18503,242,55,1109,718,19,5,4,6,0,15590,6.8,17785,237,41,0,64,1,2,1,5,14,0.2
"1193","Red","Red","Neither","Red",17,0,2,1,0,13405,6.4,15189,182,43,-5392,-2904,19,2,9,19,0,18797,6.8,18093,231,54,0,-2,-2,-7,-18,-49,-11,-0.399999999999999
"1194","Blue","Red","Neither","Red",24,5,8,5,0,17538,7,18073,224,41,238,840,16,4,10,10,0,17300,6.8,17233,191,46,0,8,1,-2,-5,33,-5,0.2
"1195","Red","Neither","Neither","Blue",14,1,15,5,0,19038,7.2,19801,261,32,4941,4702,17,2,3,5,0,14097,6.2,15099,190,48,0,-3,-1,12,0,71,-16,1
"1196","Red","Red","Red","Red",33,3,9,10,0,18082,7.2,18637,209,54,24,235,52,4,12,11,0,18058,7,18402,200,44,0,-19,-1,-3,-1,9,10,0.2
"1197","Red","Blue","Neither","Red",17,1,1,0,0,14004,6.4,16302,217,39,-1113,-1381,10,2,5,5,0,15117,7,17683,212,32,0,7,-1,-4,-5,5,7,-0.6
"1198","Blue","Red","Neither","Red",35,1,4,5,0,16349,7.2,18699,253,62,754,13,13,3,4,3,0,15595,7.2,18686,243,55,0,22,-2,0,2,10,7,0
"1199","Red","Red","Red","Red",14,3,2,1,0,15373,7.2,18734,252,68,-1942,140,81,1,7,10,0,17315,7.2,18594,226,52,0,-67,2,-5,-9,26,16,0
"1200","Blue","Blue","Blue","Blue",16,2,7,7,0,16559,7.2,18848,235,43,-167,39,13,3,7,5,0,16726,7,18809,237,48,0,3,-1,0,2,-2,-5,0.2
"1201","Blue","Blue","Neither","Blue",15,3,5,6,0,16513,6.8,18070,203,48,3537,2976,18,1,2,2,0,12976,6.4,15094,186,36,0,-3,2,3,4,17,12,0.399999999999999
"1202","Blue","Neither","Blue","Blue",36,1,10,10,0,19886,7.4,20060,240,67,5349,3639,15,1,3,5,0,14537,6.6,16421,189,44,0,21,0,7,5,51,23,0.800000000000001
"1203","Blue","Blue","Blue","Blue",16,2,6,4,0,17167,7,19248,247,67,2793,2280,19,3,2,0,0,14374,6.6,16968,225,52,0,-3,-1,4,4,22,15,0.4
"1204","Blue","Blue","Neither","Blue",52,6,5,9,0,16809,7.2,18916,241,55,2192,464,16,4,1,1,0,14617,6.8,18452,246,59,0,36,2,4,8,-5,-4,0.4
"1205","Red","Red","Neither","Red",16,2,10,12,0,18178,6.8,17540,200,35,-286,-494,17,4,13,12,0,18464,6.8,18034,171,40,0,-1,-2,-3,0,29,-5,0
"1206","Red","Red","Neither","Red",14,3,3,4,0,14742,6.6,15941,215,52,-3540,-3279,21,0,10,13,0,18282,7.2,19220,227,44,0,-7,3,-7,-9,-12,8,-0.600000000000001
"1207","Blue","Neither","Neither","Red",13,3,4,4,0,15126,6.8,17342,207,38,-568,-345,11,4,5,2,0,15694,6.8,17687,231,53,0,2,-1,-1,2,-24,-15,0
"1208","Red","Red","Neither","Red",13,1,5,7,0,15449,6.6,16663,195,56,-2975,-2542,17,3,9,15,0,18424,7.2,19205,258,48,0,-4,-2,-4,-8,-63,8,-0.600000000000001
"1209","Red","Neither","Neither","Blue",18,1,4,7,0,15233,6.6,16168,208,39,-3184,-2345,13,3,12,14,0,18417,7,18513,218,44,0,5,-2,-8,-7,-10,-5,-0.4
"1210","Red","Red","Neither","Red",15,3,2,3,0,14602,6.8,17042,208,54,-2185,-2480,13,2,6,4,0,16787,7.2,19522,232,76,0,2,1,-4,-1,-24,-22,-0.4
"1211","Blue","Neither","Neither","Red",23,6,3,5,0,15390,7,18666,245,51,-387,879,17,5,4,8,0,15777,7,17787,239,55,0,6,1,-1,-3,6,-4,0
"1212","Blue","Red","Neither","Blue",21,4,5,9,0,16766,7,18538,231,47,1543,828,19,5,5,2,0,15223,6.8,17710,208,52,0,2,-1,0,7,23,-5,0.2
"1213","Blue","Neither","Red","Red",19,2,6,6,0,16093,6.4,16579,181,34,-1908,-1654,11,4,10,9,0,18001,7,18233,220,60,0,8,-2,-4,-3,-39,-26,-0.6
"1214","Blue","Blue","Neither","Blue",18,3,3,3,0,15575,6.6,16473,220,48,737,-691,18,4,4,4,0,14838,6.6,17164,201,43,0,0,-1,-1,-1,19,5,0
"1215","Blue","Red","Neither","Blue",15,2,7,12,0,16953,6.8,17147,199,65,1073,-541,14,3,5,7,0,15880,7,17688,210,64,0,1,-1,2,5,-11,1,-0.2
"1216","Red","Blue","Red","Red",19,2,6,7,0,15529,7,17721,204,39,-413,-1004,13,3,5,2,0,15942,7,18725,237,48,0,6,-1,1,5,-33,-9,0
"1217","Blue","Red","Blue","Blue",21,6,6,7,0,16836,7.2,19773,242,60,2569,2378,41,4,2,1,0,14267,6.8,17395,228,45,0,-20,2,4,6,14,15,0.4
"1218","Red","Red","Neither","Blue",17,0,3,2,0,13820,5.8,13497,158,45,-3996,-2986,90,1,9,14,0,17816,6.6,16483,190,48,0,-73,-1,-6,-12,-32,-3,-0.8
"1219","Blue","Blue","Neither","Blue",16,6,12,25,0,19321,7,18437,226,42,2574,359,15,2,6,9,0,16747,7,18078,228,56,0,1,4,6,16,-2,-14,0
"1220","Red","Red","Neither","Blue",19,4,3,6,0,15834,6.8,18088,228,56,-191,-182,145,5,5,6,0,16025,7.2,18270,208,52,0,-126,-1,-2,0,20,4,-0.4
"1221","Blue","Blue","Neither","Red",18,0,7,10,0,16585,6.8,16982,191,42,-536,-864,17,1,7,9,0,17121,6.8,17846,234,52,0,1,-1,0,1,-43,-10,0
"1222","Red","Blue","Neither","Red",15,5,5,6,0,15483,6.8,16690,174,54,-1429,-683,25,3,8,10,0,16912,6.8,17373,225,40,0,-10,2,-3,-4,-51,14,0
"1223","Blue","Red","Blue","Blue",17,1,6,5,0,17834,7.2,19145,276,44,3797,2242,10,1,2,3,0,14037,6.8,16903,202,48,0,7,0,4,2,74,-4,0.4
"1224","Blue","Blue","Neither","Blue",18,19,5,7,0,16858,7.2,18543,251,39,2407,939,43,1,2,3,0,14451,6.6,17604,221,44,0,-25,18,3,4,30,-5,0.600000000000001
"1225","Blue","Red","Neither","Red",17,2,17,19,0,20619,7.4,18696,205,43,2828,1962,17,2,9,7,0,17791,6.8,16734,198,38,0,0,0,8,12,7,5,0.600000000000001
"1226","Blue","Blue","Neither","Red",19,3,9,9,0,18449,7.2,19139,257,45,2334,1246,62,3,5,6,0,16115,6.8,17893,231,48,0,-43,0,4,3,26,-3,0.4
"1227","Blue","Neither","Neither","Red",20,2,7,9,0,17354,7.4,20449,224,63,2301,3412,10,2,3,4,0,15053,6.6,17037,240,44,0,10,0,4,5,-16,19,0.800000000000001
"1228","Red","Red","Neither","Blue",13,3,7,8,0,16097,6.6,16760,214,42,853,363,17,0,6,4,0,15244,6.4,16397,182,46,0,-4,3,1,4,32,-4,0.199999999999999
"1229","Blue","Neither","Red","Red",16,2,6,7,0,16138,6.8,17204,211,31,-243,418,11,3,6,13,0,16381,6.6,16786,188,52,0,5,-1,0,-6,23,-21,0.2
"1230","Blue","Blue","Neither","Blue",11,3,8,11,0,17794,7,17983,220,56,4793,3669,12,0,2,2,0,13001,5.8,14314,217,12,0,-1,3,6,9,3,44,1.2
"1231","Blue","Blue","Neither","Blue",38,0,11,15,0,19218,7,19389,197,56,3248,2147,16,2,6,4,0,15970,6.8,17242,205,48,0,22,-2,5,11,-8,8,0.2
"1232","Blue","Blue","Neither","Red",52,4,10,15,0,18501,7.6,19714,230,64,2907,2700,12,0,4,6,0,15594,7,17014,215,55,0,40,4,6,9,15,9,0.6
"1233","Red","Neither","Neither","Red",12,1,4,0,0,15922,7.2,19022,248,64,-1454,-616,36,3,6,8,0,17376,7.2,19638,207,68,0,-24,-2,-2,-8,41,-4,0
"1234","Blue","Red","Neither","Blue",12,2,6,7,0,16119,6.6,16372,203,51,292,-206,25,1,7,6,0,15827,6.6,16578,206,36,0,-13,1,-1,1,-3,15,0
"1235","Red","Blue","Neither","Blue",17,2,3,4,0,14625,6.6,16487,200,48,-2978,-2960,19,3,11,12,0,17603,7.4,19447,190,44,0,-2,-1,-8,-8,10,4,-0.800000000000001
"1236","Red","Blue","Red","Red",20,7,7,6,0,16685,6.8,17591,193,40,-335,-681,29,4,8,7,0,17020,6.8,18272,228,47,0,-9,3,-1,-1,-35,-7,0
"1237","Red","Red","Blue","Red",14,6,2,1,0,13895,6.6,16914,210,44,-2894,-1742,17,2,8,9,0,16789,7,18656,208,55,0,-3,4,-6,-8,2,-11,-0.4
"1238","Blue","Red","Neither","Red",28,6,14,22,0,19890,6.8,17275,174,46,4401,2185,16,2,6,6,0,15489,6.2,15090,204,36,0,12,4,8,16,-30,10,0.6
"1239","Red","Neither","Red","Blue",15,3,6,5,0,15164,6.4,16581,190,41,-4055,-2248,32,1,10,10,0,19219,7.2,18829,236,58,0,-17,2,-4,-5,-46,-17,-0.8
"1240","Red","Neither","Neither","Blue",13,2,10,7,0,17498,7.4,19402,224,45,2084,2869,10,2,4,4,0,15414,6.4,16533,228,36,0,3,0,6,3,-4,9,1
"1241","Blue","Red","Red","Blue",35,3,13,16,0,19452,7.6,20776,212,59,2593,3690,14,3,5,7,0,16859,6.8,17086,213,64,0,21,0,8,9,-1,-5,0.8
"1242","Red","Blue","Neither","Red",13,0,9,7,0,17322,7,18525,255,44,1372,2320,13,1,5,6,0,15950,6.6,16205,213,52,0,0,-1,4,1,42,-8,0.4
"1243","Blue","Blue","Neither","Blue",18,2,8,6,0,17243,6.8,18171,231,52,2803,1638,15,6,3,5,0,14440,6.6,16533,186,57,0,3,-4,5,1,45,-5,0.2
"1244","Red","Neither","Blue","Red",17,0,8,8,0,18020,7.2,19285,214,63,-533,944,86,1,10,14,0,18553,7,18341,198,52,0,-69,-1,-2,-6,16,11,0.2
"1245","Red","Blue","Blue","Red",55,2,6,8,0,16289,6.8,17723,208,56,-963,-64,14,6,7,11,0,17252,7,17787,230,56,0,41,-4,-1,-3,-22,0,-0.2
"1246","Blue","Blue","Blue","Blue",34,1,9,10,0,18303,7.2,19140,263,58,2642,366,16,0,4,2,0,15661,7,18774,231,49,0,18,1,5,8,32,9,0.2
"1247","Red","Neither","Neither","Blue",15,3,4,6,0,15728,6.8,16927,212,56,-1615,-1585,33,4,10,12,0,17343,7,18512,205,44,0,-18,-1,-6,-6,7,12,-0.2
"1248","Blue","Red","Red","Blue",13,3,6,5,0,16097,7,18426,226,51,1212,1738,13,3,3,1,0,14885,6.6,16688,216,50,0,0,0,3,4,10,1,0.4
"1249","Red","Blue","Blue","Red",18,1,2,4,0,14414,6.4,16249,215,64,-2363,-2144,13,2,5,10,0,16777,7.2,18393,233,64,0,5,-1,-3,-6,-18,0,-0.8
"1250","Blue","Blue","Red","Blue",14,4,9,5,0,15852,6.8,17330,194,35,-1918,-1739,16,3,8,10,0,17770,7.2,19069,213,66,0,-2,1,1,-5,-19,-31,-0.4
"1251","Blue","Neither","Red","Blue",17,4,4,4,0,15202,6.8,17438,215,53,145,-729,49,2,3,2,0,15057,6.8,18167,247,60,0,-32,2,1,2,-32,-7,0
"1252","Blue","Red","Neither","Blue",16,4,2,1,0,15572,7.2,19166,242,83,902,860,17,0,3,4,0,14670,6.8,18306,231,47,0,-1,4,-1,-3,11,36,0.4
"1253","Red","Red","Neither","Blue",11,3,8,6,0,16488,7,17386,208,41,-870,-1120,15,0,8,7,0,17358,7.2,18506,241,48,0,-4,3,0,-1,-33,-7,-0.2
"1254","Red","Blue","Neither","Red",13,0,5,11,0,14353,6.2,15067,168,48,-4550,-3483,11,1,12,19,0,18903,7.2,18550,216,39,0,2,-1,-7,-8,-48,9,-1
"1255","Blue","Red","Blue","Red",13,5,13,11,0,19133,7.4,20110,223,40,4238,3475,14,0,3,2,0,14895,6.6,16635,168,80,0,-1,5,10,9,55,-40,0.800000000000001
"1256","Red","Neither","Neither","Red",42,4,3,4,0,15314,7,18205,233,52,-1659,-1566,18,5,5,5,0,16973,7.4,19771,253,60,0,24,-1,-2,-1,-20,-8,-0.4
"1257","Red","Neither","Neither","Red",37,5,10,18,0,17690,7.2,18278,192,45,1377,2429,16,1,6,5,0,16313,6.6,15849,194,42,0,21,4,4,13,-2,3,0.600000000000001
"1258","Blue","Blue","Blue","Blue",156,0,10,15,1,20183,7.6,20663,216,73,3663,2748,14,1,6,6,0,16520,6.8,17915,192,47,1,142,-1,4,9,24,26,0.8
"1259","Blue","Neither","Blue","Blue",18,2,9,9,0,18408,7.2,19614,225,56,2969,2575,14,4,5,3,0,15439,6.6,17039,210,60,0,4,-2,4,6,15,-4,0.600000000000001
"1260","Red","Neither","Neither","Red",12,2,6,6,0,15595,6.4,15756,159,48,-3682,-4566,17,1,12,13,0,19277,7.6,20322,240,54,0,-5,1,-6,-7,-81,-6,-1.2
"1261","Blue","Neither","Neither","Blue",15,1,8,9,0,17119,7,18174,209,36,-1362,-863,13,3,9,9,0,18481,7.4,19037,235,55,0,2,-2,-1,0,-26,-19,-0.4
"1262","Red","Neither","Red","Blue",30,0,9,9,0,17658,7,17546,214,47,108,-88,16,2,9,8,0,17550,7,17634,235,36,0,14,-2,0,1,-21,11,0
"1263","Blue","Neither","Neither","Blue",15,1,14,14,0,19600,7.4,20132,218,56,5344,3506,12,1,4,1,0,14256,6.8,16626,194,47,0,3,0,10,13,24,9,0.600000000000001
"1264","Red","Red","Neither","Red",14,1,7,8,0,16336,6.8,16919,190,40,-3908,-2704,17,2,14,17,0,20244,7.2,19623,208,66,0,-3,-1,-7,-9,-18,-26,-0.4
"1265","Blue","Blue","Neither","Blue",18,3,7,5,0,16860,6.8,18168,226,49,2984,1565,22,3,2,1,0,13876,6.6,16603,216,40,0,-4,0,5,4,10,9,0.2
"1266","Blue","Blue","Blue","Blue",16,3,3,2,0,14501,6.6,16819,201,46,-250,489,15,4,4,6,0,14751,6.4,16330,212,39,0,1,-1,-1,-4,-11,7,0.199999999999999
"1267","Red","Red","Red","Red",13,2,7,8,0,17148,7,17427,226,52,1084,658,15,3,7,8,0,16064,6.4,16769,207,40,0,-2,-1,0,0,19,12,0.6
"1268","Blue","Red","Neither","Blue",17,1,10,10,0,18559,7,18239,223,61,2606,964,16,0,6,6,0,15953,6.8,17275,203,60,0,1,1,4,4,20,1,0.2
"1269","Red","Red","Blue","Red",14,0,3,4,1,16250,6.6,16288,215,48,154,-979,13,1,5,11,0,16096,6.8,17267,230,51,1,1,-1,-2,-7,-15,-3,-0.2
"1270","Blue","Blue","Neither","Blue",16,4,4,3,0,15791,7,17326,224,56,960,-812,16,4,3,5,0,14831,7,18138,223,49,0,0,0,1,-2,1,7,0
"1271","Red","Neither","Red","Red",14,1,5,5,0,15634,6.6,16435,222,40,-3194,-2675,50,2,12,13,0,18828,7.2,19110,205,52,0,-36,-1,-7,-8,17,-12,-0.600000000000001
"1272","Blue","Neither","Neither","Blue",14,4,3,3,0,15148,6.6,16687,215,48,-44,-1601,19,5,2,1,0,15192,7,18288,246,51,0,-5,-1,1,2,-31,-3,-0.4
"1273","Blue","Blue","Blue","Blue",13,2,10,14,0,17893,7,17157,206,56,1181,-934,13,2,8,6,0,16712,7,18091,182,47,0,0,0,2,8,24,9,0
"1274","Blue","Blue","Red","Blue",13,1,7,12,0,16200,6.6,17810,202,42,-927,-736,13,3,8,11,0,17127,7.2,18546,207,57,0,0,-2,-1,1,-5,-15,-0.600000000000001
"1275","Red","Red","Neither","Red",11,0,2,0,0,13371,6.4,15621,224,0,-3170,-2591,12,1,7,6,0,16541,6.8,18212,226,40,0,-1,-1,-5,-6,-2,-40,-0.399999999999999
"1276","Red","Red","Neither","Red",14,0,6,5,0,15903,7,18823,205,53,-623,1024,14,1,7,5,0,16526,7,17799,205,48,0,0,-1,-1,0,0,5,0
"1277","Blue","Neither","Neither","Red",81,1,5,6,0,15719,6.8,17801,202,39,-1121,4,16,4,6,5,0,16840,7,17797,236,48,0,65,-3,-1,1,-34,-9,-0.2
"1278","Red","Red","Neither","Red",13,1,2,2,0,13267,6.2,14831,185,40,-5292,-4922,14,3,9,12,0,18559,7.2,19753,237,64,0,-1,-2,-7,-10,-52,-24,-1
"1279","Blue","Blue","Blue","Blue",15,2,4,4,0,16305,7.2,19758,253,64,1793,929,15,2,1,1,0,14512,7.2,18829,204,76,0,0,0,3,3,49,-12,0
"1280","Blue","Neither","Neither","Blue",12,3,8,8,0,18269,7.6,20290,258,49,3389,3465,15,3,2,1,0,14880,6.4,16825,239,50,0,-3,0,6,7,19,-1,1.2
"1281","Red","Neither","Neither","Red",15,2,4,3,0,14956,6.4,16656,216,49,-3532,-2062,17,2,11,11,0,18488,7.2,18718,217,56,0,-2,0,-7,-8,-1,-7,-0.8
"1282","Blue","Red","Blue","Red",13,3,3,3,1,16180,6.8,17570,229,45,-981,264,12,1,7,11,0,17161,6.8,17306,230,48,1,1,2,-4,-8,-1,-3,0
"1283","Red","Neither","Neither","Blue",16,3,8,12,0,16808,6.8,16741,200,44,616,-87,16,4,6,8,0,16192,6.6,16828,198,48,0,0,-1,2,4,2,-4,0.2
"1284","Red","Red","Blue","Blue",21,0,10,7,0,17971,7.2,19214,231,44,3146,1518,12,3,5,2,0,14825,7,17696,181,47,0,9,-3,5,5,50,-3,0.2
"1285","Blue","Blue","Blue","Blue",15,1,6,6,0,16998,7.2,18708,236,56,2619,1209,14,0,2,2,0,14379,7,17499,217,52,0,1,1,4,4,19,4,0.2
"1286","Red","Blue","Blue","Red",14,1,5,6,0,15015,6.6,16032,167,54,-5065,-3552,16,1,14,9,0,20080,7.4,19584,224,52,0,-2,0,-9,-3,-57,2,-0.800000000000001
"1287","Blue","Neither","Neither","Blue",15,1,4,1,0,14881,7,18074,209,45,-856,-563,164,3,4,1,0,15737,7,18637,236,55,0,-149,-2,0,0,-27,-10,0
"1288","Blue","Blue","Neither","Blue",17,2,4,10,0,15730,7,18484,241,52,739,-270,16,2,3,5,0,14991,7,18754,239,59,0,1,0,1,5,2,-7,0
"1289","Blue","Blue","Neither","Blue",15,1,16,14,0,19098,7,18636,203,37,2447,247,11,0,5,3,0,16651,7,18389,207,63,0,4,1,11,11,-4,-26,0
"1290","Blue","Neither","Neither","Red",16,1,5,6,0,16169,7.2,18880,235,60,561,740,14,0,3,3,0,15608,7,18140,235,59,0,2,1,2,3,0,1,0.2
"1291","Red","Blue","Neither","Red",17,2,9,6,0,16954,6.8,16923,197,49,-1073,210,19,3,10,16,0,18027,6.6,16713,176,51,0,-2,-1,-1,-10,21,-2,0.2
"1292","Red","Neither","Neither","Red",18,1,5,5,0,15984,7.2,17527,203,54,193,89,15,3,4,4,0,15791,6.8,17438,222,50,0,3,-2,1,1,-19,4,0.4
"1293","Blue","Red","Neither","Blue",52,3,8,8,0,18078,7,18614,261,48,1204,306,37,2,7,7,0,16874,6.8,18308,204,52,0,15,1,1,1,57,-4,0.2
"1294","Blue","Blue","Neither","Blue",13,2,9,9,0,16329,6.4,16575,206,36,948,16,18,0,5,4,0,15381,6.8,16559,173,52,0,-5,2,4,5,33,-16,-0.399999999999999
"1295","Red","Neither","Neither","Blue",17,4,9,5,0,17193,7,18326,224,40,-1027,-1434,16,2,10,6,0,18220,7.6,19760,236,56,0,1,2,-1,-1,-12,-16,-0.6
"1296","Blue","Blue","Neither","Blue",20,3,11,13,0,18401,7,18465,201,51,1843,1402,16,3,6,8,0,16558,6.8,17063,212,36,0,4,0,5,5,-11,15,0.2
"1297","Red","Red","Neither","Blue",17,3,2,0,0,14704,7,17930,227,60,-3517,-1818,11,1,10,7,0,18221,7.6,19748,235,56,0,6,2,-8,-7,-8,4,-0.6
"1298","Red","Red","Neither","Red",14,1,5,3,0,16367,7.2,18191,254,48,-1204,-717,42,3,8,8,0,17571,7,18908,218,56,0,-28,-2,-3,-5,36,-8,0.2
"1299","Red","Neither","Neither","Red",10,3,0,0,0,12905,6.2,15457,195,44,-3927,-3257,17,3,5,5,0,16832,7,18714,211,78,0,-7,0,-5,-5,-16,-34,-0.8
"1300","Red","Red","Neither","Red",37,3,3,0,0,13967,7,16908,197,48,-2681,-834,13,4,7,6,0,16648,6.6,17742,193,61,0,24,-1,-4,-6,4,-13,0.4
"1301","Red","Blue","Neither","Red",15,3,8,9,0,16511,7,18106,199,48,300,1722,17,0,6,7,0,16211,6.6,16384,225,44,0,-2,3,2,2,-26,4,0.4
"1302","Red","Neither","Neither","Red",15,3,8,8,0,17496,7.4,19884,232,35,4,1213,15,2,7,8,0,17492,7.2,18671,259,56,0,0,1,1,0,-27,-21,0.2
"1303","Blue","Blue","Neither","Blue",23,5,7,6,0,17743,7.4,19173,255,52,1572,829,16,3,6,4,0,16171,7,18344,218,47,0,7,2,1,2,37,5,0.4
"1304","Blue","Blue","Red","Red",13,2,8,8,0,16888,7,18788,202,56,856,1638,44,1,6,5,0,16032,6.6,17150,198,52,0,-31,1,2,3,4,4,0.4
"1305","Red","Red","Blue","Red",16,4,2,0,0,13742,6.8,17269,208,52,-2296,-1213,15,2,2,1,0,16038,6.8,18482,250,52,0,1,2,0,-1,-42,0,0
"1306","Red","Red","Neither","Red",15,6,9,10,0,17793,7,18271,187,58,-1961,-392,21,1,15,19,0,19754,7,18663,173,36,0,-6,5,-6,-9,14,22,0
"1307","Red","Neither","Red","Blue",42,5,5,6,0,16178,6.8,17363,221,48,-1320,-687,55,1,8,10,0,17498,7.2,18050,185,52,0,-13,4,-3,-4,36,-4,-0.4
"1308","Blue","Blue","Neither","Red",15,3,8,8,0,17706,6.8,18217,217,60,-492,-173,16,0,8,11,0,18198,7.2,18390,230,52,0,-1,3,0,-3,-13,8,-0.4
"1309","Blue","Blue","Blue","Blue",17,0,6,5,0,16149,6.8,16641,199,52,34,-957,34,3,9,9,0,16115,6.8,17598,184,28,0,-17,-3,-3,-4,15,24,0
"1310","Red","Red","Neither","Blue",13,0,3,2,0,14760,6.4,16005,183,53,-1964,-3710,21,0,8,6,0,16724,7.4,19715,200,74,0,-8,0,-5,-4,-17,-21,-1
"1311","Red","Red","Red","Red",15,1,3,3,0,15820,6.8,17793,220,55,-306,-282,17,4,5,8,0,16126,7,18075,222,52,0,-2,-3,-2,-5,-2,3,-0.2
"1312","Red","Red","Blue","Red",12,2,5,3,0,15173,7,17165,183,59,-2354,-1337,16,3,9,7,0,17527,7,18502,210,46,0,-4,-1,-4,-4,-27,13,0
"1313","Red","Neither","Neither","Red",18,0,4,5,0,14769,6.8,17725,215,36,-1071,-843,10,2,3,2,0,15840,7,18568,242,51,0,8,-2,1,3,-27,-15,-0.2
"1314","Red","Red","Neither","Red",17,4,4,6,0,14353,6.8,17197,178,48,-1009,-280,17,4,3,1,0,15362,6.8,17477,222,62,0,0,0,1,5,-44,-14,0
"1315","Blue","Neither","Neither","Blue",12,4,8,11,0,16763,7,17757,216,34,147,-712,14,2,4,8,0,16616,7,18469,240,64,0,-2,2,4,3,-24,-30,0
"1316","Blue","Neither","Neither","Blue",16,1,5,5,0,16747,7.2,19858,250,64,2126,1070,10,2,2,1,0,14621,7,18788,227,60,0,6,-1,3,4,23,4,0.2
"1317","Red","Red","Neither","Blue",16,4,8,7,0,17044,6.8,17686,217,46,845,-234,14,1,5,5,0,16199,6.8,17920,207,60,0,2,3,3,2,10,-14,0
"1318","Red","Neither","Neither","Red",14,2,6,8,0,15532,6.8,17908,190,48,-1779,-354,16,1,7,4,0,17311,7,18262,242,48,0,-2,1,-1,4,-52,0,-0.2
"1319","Red","Blue","Blue","Red",15,3,7,6,0,17347,6.6,18118,222,63,-1305,-1101,19,1,12,15,0,18652,7.4,19219,218,44,0,-4,2,-5,-9,4,19,-0.800000000000001
"1320","Blue","Neither","Blue","Blue",17,3,9,8,1,18758,7.2,18617,228,44,2137,490,15,3,6,6,0,16621,6.8,18127,234,52,1,2,0,3,2,-6,-8,0.4
"1321","Blue","Red","Blue","Red",15,3,13,13,0,20711,7.6,20463,220,68,3673,1956,15,2,8,4,0,17038,7,18507,209,44,0,0,1,5,9,11,24,0.6
"1322","Blue","Neither","Neither","Red",22,2,8,9,0,16539,7,17585,205,46,1947,1396,38,2,4,3,0,14592,6.6,16189,196,43,0,-16,0,4,6,9,3,0.4
"1323","Blue","Neither","Blue","Blue",20,2,11,13,0,19096,7.2,19250,206,55,895,910,18,2,9,9,0,18201,7,18340,235,49,0,2,0,2,4,-29,6,0.2
"1324","Blue","Blue","Blue","Blue",24,1,11,14,0,17938,6.6,16164,199,48,3413,396,11,2,4,3,0,14525,6.6,15768,195,34,0,13,-1,7,11,4,14,0
"1325","Blue","Red","Red","Blue",39,1,8,8,0,17072,6.8,17724,180,63,-2298,-730,13,2,11,5,1,19370,7,18454,242,48,-1,26,-1,-3,3,-62,15,-0.2
"1326","Blue","Blue","Neither","Blue",17,4,12,18,0,19640,7,18636,216,52,5151,3496,10,1,4,5,0,14489,6,15140,175,36,0,7,3,8,13,41,16,1
"1327","Blue","Blue","Red","Blue",15,1,7,6,0,16891,7,18224,214,65,-51,373,38,2,5,8,0,16942,6.8,17851,218,48,0,-23,-1,2,-2,-4,17,0.2
"1328","Blue","Blue","Neither","Blue",16,3,9,6,0,17485,7,18330,234,58,3075,1798,17,2,3,2,0,14410,6.6,16532,214,27,0,-1,1,6,4,20,31,0.4
"1329","Red","Neither","Neither","Red",22,4,7,5,0,16696,7.2,18900,225,68,1945,2614,17,4,2,3,0,14751,6.4,16286,196,52,0,5,0,5,2,29,16,0.8
"1330","Blue","Blue","Neither","Blue",11,3,8,4,0,17499,7.2,19191,231,44,2644,2337,20,0,3,2,0,14855,6.6,16854,208,39,0,-9,3,5,2,23,5,0.600000000000001
"1331","Blue","Neither","Red","Blue",15,3,10,9,0,18288,7.2,19569,245,41,2569,1891,127,4,6,4,0,15719,6.8,17678,220,41,0,-112,-1,4,5,25,0,0.4
"1332","Red","Neither","Red","Blue",15,3,5,7,0,15684,6.8,17384,170,56,-1434,-1409,17,4,6,3,0,17118,7.2,18793,223,52,0,-2,-1,-1,4,-53,4,-0.4
"1333","Red","Neither","Blue","Blue",13,2,1,0,0,14737,7,18532,229,59,92,728,11,2,1,0,0,14645,6.8,17804,199,59,0,2,0,0,0,30,0,0.2
"1334","Red","Blue","Neither","Blue",18,3,11,13,0,18715,7,18626,223,52,1326,351,13,3,9,9,0,17389,7.2,18275,208,50,0,5,0,2,4,15,2,-0.2
"1335","Blue","Blue","Neither","Red",15,3,7,9,1,18551,7.2,18363,225,61,1850,834,18,1,6,7,0,16701,7,17529,210,57,1,-3,2,1,2,15,4,0.2
"1336","Blue","Blue","Neither","Blue",18,3,12,16,0,19351,7.4,20590,220,40,3969,3522,14,2,4,4,0,15382,6.6,17068,221,48,0,4,1,8,12,-1,-8,0.800000000000001
"1337","Red","Red","Neither","Red",18,2,8,12,0,17318,6.6,16336,175,56,-266,-1524,46,1,8,9,0,17584,6.8,17860,217,51,0,-28,1,0,3,-42,5,-0.2
"1338","Blue","Blue","Neither","Blue",14,2,10,11,0,18969,7.6,20353,205,63,4139,3424,18,0,4,2,0,14830,6.8,16929,172,61,0,-4,2,6,9,33,2,0.8
"1339","Blue","Blue","Neither","Blue",13,2,8,14,0,17113,7,18837,203,52,3278,2617,13,2,1,0,0,13835,6.6,16220,194,56,0,0,0,7,14,9,-4,0.4
"1340","Red","Red","Neither","Red",15,3,8,11,0,17201,7.2,18755,207,30,-1817,-354,55,3,12,13,0,19018,7.4,19109,201,46,0,-40,0,-4,-2,6,-16,-0.2
"1341","Blue","Red","Neither","Blue",17,2,8,4,0,16749,6.8,17788,217,43,1152,400,14,2,5,7,0,15597,6.6,17388,185,68,0,3,0,3,-3,32,-25,0.2
"1342","Blue","Red","Neither","Red",21,3,4,4,0,16523,7.2,18881,222,60,2592,1348,16,5,2,2,0,13931,6.6,17533,202,52,0,5,-2,2,2,20,8,0.600000000000001
"1343","Red","Neither","Neither","Blue",17,2,11,9,0,18285,7.2,19465,221,37,4581,3919,20,3,2,1,0,13704,6.6,15546,175,50,0,-3,-1,9,8,46,-13,0.600000000000001
"1344","Blue","Neither","Blue","Red",16,6,10,7,0,17346,7,18518,214,51,149,1781,45,2,9,10,0,17197,6.8,16737,205,44,0,-29,4,1,-3,9,7,0.2
"1345","Red","Neither","Neither","Blue",14,6,7,11,0,17443,7.4,19184,238,45,2786,881,15,4,3,2,0,14657,6.8,18303,212,57,0,-1,2,4,9,26,-12,0.600000000000001
"1346","Blue","Red","Neither","Red",12,4,7,12,0,16526,6.6,17213,211,54,562,249,21,3,4,9,0,15964,6.8,16964,233,48,0,-9,1,3,3,-22,6,-0.2
"1347","Blue","Neither","Red","Blue",17,5,7,8,0,17363,6.8,17169,188,44,903,1019,25,3,8,7,0,16460,6.4,16150,205,35,0,-8,2,-1,1,-17,9,0.399999999999999
"1348","Blue","Blue","Neither","Red",14,2,10,9,0,18779,7.2,19556,252,47,3679,2110,60,0,4,3,0,15100,6.6,17446,203,56,0,-46,2,6,6,49,-9,0.600000000000001
"1349","Red","Red","Neither","Blue",12,1,13,14,1,20317,7,18795,199,42,3899,2300,14,2,6,9,0,16418,6.4,16495,197,56,1,-2,-1,7,5,2,-14,0.6
"1350","Blue","Blue","Neither","Blue",18,1,2,2,0,15649,7,18530,269,56,1281,1111,13,2,1,0,0,14368,7,17419,225,62,0,5,-1,1,2,44,-6,0
"1351","Red","Neither","Neither","Blue",31,2,5,6,0,16256,7.2,17524,217,51,329,-994,15,5,5,5,0,15927,7.2,18518,224,53,0,16,-3,0,1,-7,-2,0
"1352","Blue","Red","Neither","Blue",12,5,5,7,0,16688,7,18697,247,49,1008,-248,44,3,6,5,0,15680,7.4,18945,199,51,0,-32,2,-1,2,48,-2,-0.4
"1353","Red","Neither","Blue","Red",41,3,10,8,0,17724,7.4,19917,210,43,3192,3351,15,4,4,2,0,14532,6.6,16566,205,39,0,26,-1,6,6,5,4,0.800000000000001
"1354","Red","Red","Blue","Red",17,2,3,2,0,15320,6.8,16625,176,56,-4348,-4019,33,5,15,15,0,19668,7.6,20644,208,48,0,-16,-3,-12,-13,-32,8,-0.8
"1355","Blue","Blue","Neither","Red",12,3,6,8,0,15900,6.8,17169,203,52,-689,-1431,18,2,7,8,0,16589,7.2,18600,218,56,0,-6,1,-1,0,-15,-4,-0.4
"1356","Blue","Blue","Neither","Blue",17,1,12,19,0,18377,6.8,17762,193,50,2963,141,15,2,4,1,0,15414,7,17621,221,47,0,2,-1,8,18,-28,3,-0.2
"1357","Red","Blue","Neither","Red",18,2,4,5,0,15785,6.8,17629,210,51,-522,-1014,17,2,6,4,0,16307,7,18643,221,52,0,1,0,-2,1,-11,-1,-0.2
"1358","Red","Neither","Neither","Red",14,3,10,13,0,17625,7.4,19146,205,39,514,2073,14,5,7,10,0,17111,6.6,17073,223,36,0,0,-2,3,3,-18,3,0.800000000000001
"1359","Red","Neither","Neither","Red",18,2,15,15,0,19931,7,18115,213,40,4375,3249,17,1,6,6,0,15556,6.2,14866,169,40,0,1,1,9,9,44,0,0.8
"1360","Red","Blue","Neither","Blue",15,2,14,15,0,19331,7,19211,213,46,4289,3990,14,1,4,7,0,15042,6.4,15221,171,36,0,1,1,10,8,42,10,0.6
"1361","Blue","Blue","Neither","Red",17,4,6,4,0,17048,7.2,18842,201,64,-32,848,14,2,9,9,0,17080,7,17994,197,48,0,3,2,-3,-5,4,16,0.2
"1362","Red","Neither","Red","Red",28,4,9,10,0,17910,6.8,16867,207,45,88,-589,42,4,10,11,0,17822,6.8,17456,197,44,0,-14,0,-1,-1,10,1,0
"1363","Blue","Blue","Neither","Blue",14,2,7,4,0,16614,7,18570,221,50,3295,3468,14,2,1,0,0,13319,6.4,15102,205,50,0,0,0,6,4,16,0,0.6
"1364","Red","Neither","Neither","Red",19,6,5,6,0,15943,6.6,17366,229,47,-467,-1361,15,2,5,5,0,16410,7,18727,235,56,0,4,4,0,1,-6,-9,-0.4
"1365","Blue","Red","Neither","Red",14,0,4,1,0,14924,6.8,17139,207,56,-2611,-1375,54,0,7,5,1,17535,7,18514,218,65,-1,-40,0,-3,-4,-11,-9,-0.2
"1366","Blue","Blue","Neither","Red",14,2,5,3,0,15069,6.6,16824,198,46,-1974,-589,25,1,8,12,0,17043,6.8,17413,216,40,0,-11,1,-3,-9,-18,6,-0.2
"1367","Blue","Neither","Neither","Red",16,3,8,13,0,16366,6.8,17010,196,34,-963,-457,16,2,7,8,0,17329,7,17467,220,52,0,0,1,1,5,-24,-18,-0.2
"1368","Red","Red","Red","Red",14,3,2,2,0,14158,6.6,16377,194,41,-5740,-3709,19,1,12,8,0,19898,7.4,20086,240,57,0,-5,2,-10,-6,-46,-16,-0.800000000000001
"1369","Red","Red","Neither","Red",86,2,2,1,0,14291,7,18239,207,65,-2609,-1786,15,4,4,3,0,16900,7.6,20025,259,76,0,71,-2,-2,-2,-52,-11,-0.6
"1370","Red","Red","Neither","Red",14,2,5,7,0,15078,6.6,16578,202,28,-1018,-828,15,0,6,6,0,16096,6.8,17406,222,38,0,-1,2,-1,1,-20,-10,-0.2
"1371","Blue","Neither","Neither","Blue",18,2,9,13,0,17234,6.6,17496,195,44,2477,1105,16,0,4,3,0,14757,6.6,16391,194,39,0,2,2,5,10,1,5,0
"1372","Blue","Blue","Neither","Blue",30,3,9,8,0,17826,7.2,18216,220,54,3074,1273,16,1,5,2,0,14752,6.4,16943,205,37,0,14,2,4,6,15,17,0.8
"1373","Red","Blue","Neither","Red",18,2,10,9,0,18445,7,18076,199,50,552,-193,13,3,11,10,0,17893,7,18269,207,36,0,5,-1,-1,-1,-8,14,0
"1374","Red","Blue","Red","Red",14,3,6,7,0,15814,6.8,17161,205,49,-1530,-922,20,2,6,6,0,17344,7,18083,252,48,0,-6,1,0,1,-47,1,-0.2
"1375","Red","Red","Neither","Red",18,4,8,4,0,16735,7,17923,202,28,-2187,-2383,49,5,13,15,0,18922,7.2,20306,208,46,0,-31,-1,-5,-11,-6,-18,-0.2
"1376","Red","Neither","Neither","Red",11,1,8,8,0,15818,6.4,16673,172,28,-4100,-3722,20,2,13,11,0,19918,7.4,20395,220,59,0,-9,-1,-5,-3,-48,-31,-1
"1377","Red","Red","Red","Red",17,17,6,6,0,16999,7.2,18578,232,59,389,-279,46,3,5,6,0,16610,7.2,18857,216,64,0,-29,14,1,0,16,-5,0
"1378","Red","Neither","Neither","Red",16,3,5,5,0,15867,6.8,17737,227,47,-1806,-1253,19,1,10,9,0,17673,7.2,18990,200,44,0,-3,2,-5,-4,27,3,-0.4
"1379","Blue","Neither","Neither","Blue",13,4,11,11,0,18042,6.6,17600,221,46,704,-422,18,4,10,10,0,17338,7,18022,198,42,0,-5,0,1,1,23,4,-0.4
"1380","Blue","Blue","Blue","Blue",17,1,8,9,0,18293,7.4,19340,228,76,2406,2284,14,3,4,7,0,15887,6.8,17056,224,52,0,3,-2,4,2,4,24,0.600000000000001
"1381","Blue","Red","Neither","Blue",13,0,5,6,0,15895,7,18344,239,38,42,367,18,5,4,7,0,15853,6.8,17977,258,48,0,-5,-5,1,-1,-19,-10,0.2
"1382","Red","Red","Neither","Red",17,4,1,1,0,14305,6.8,17810,251,44,-2889,-2106,19,6,4,5,0,17194,7.2,19916,282,56,0,-2,-2,-3,-4,-31,-12,-0.4
"1383","Blue","Blue","Neither","Blue",20,1,8,16,0,18186,7.4,19555,232,67,3131,2377,14,2,2,5,0,15055,6.6,17178,231,50,0,6,-1,6,11,1,17,0.800000000000001
"1384","Red","Red","Neither","Red",44,4,6,7,0,16295,6.8,17588,222,47,-1271,-364,11,4,8,10,0,17566,6.8,17952,219,47,0,33,0,-2,-3,3,0,0
"1385","Blue","Blue","Neither","Blue",22,3,17,23,0,20151,7.4,19504,226,38,6783,4718,23,1,1,2,0,13368,6.2,14786,177,53,0,-1,2,16,21,49,-15,1.2
"1386","Red","Neither","Neither","Red",37,2,3,5,0,14735,6.4,16488,219,38,-2932,-2063,13,2,9,5,0,17667,7.2,18551,223,44,0,24,0,-6,0,-4,-6,-0.8
"1387","Red","Blue","Neither","Red",16,0,1,1,0,12798,5.8,13908,179,36,-7868,-5339,13,2,16,16,1,20666,7.2,19247,223,44,-1,3,-2,-15,-15,-44,-8,-1.4
"1388","Blue","Blue","Red","Blue",16,3,4,6,0,16452,7,18564,234,54,271,22,14,1,6,1,0,16181,7,18542,224,64,0,2,2,-2,5,10,-10,0
"1389","Red","Red","Neither","Red",12,1,6,6,0,16120,7,18149,215,51,-732,750,17,0,7,7,0,16852,7,17399,205,56,0,-5,1,-1,-1,10,-5,0
"1390","Blue","Neither","Neither","Blue",15,3,9,9,0,18287,7.4,19617,226,44,1863,2270,16,3,6,6,0,16424,6.8,17347,232,49,0,-1,0,3,3,-6,-5,0.600000000000001
"1391","Red","Red","Neither","Red",35,4,4,6,0,15902,6.8,17995,241,48,-1190,-66,27,6,7,14,0,17092,6.8,18061,241,57,0,8,-2,-3,-8,0,-9,0
"1392","Blue","Red","Red","Red",13,0,8,8,0,16982,7.2,19524,218,41,-212,1212,12,2,5,10,0,17194,7.2,18312,242,59,0,1,-2,3,-2,-24,-18,0
"1393","Red","Red","Neither","Red",13,2,7,6,0,17064,7,18061,236,48,134,-396,15,2,7,8,0,16930,7,18457,210,59,0,-2,0,0,-2,26,-11,0
"1394","Red","Red","Red","Red",16,4,5,6,0,15424,6.6,16080,208,45,-3692,-3112,14,4,11,16,0,19116,7.2,19192,195,55,0,2,0,-6,-10,13,-10,-0.600000000000001
"1395","Blue","Red","Neither","Blue",19,2,9,13,0,18369,7.2,19417,210,56,3269,2404,17,2,4,1,0,15100,6.8,17013,213,52,0,2,0,5,12,-3,4,0.4
"1396","Blue","Neither","Neither","Blue",16,3,7,7,0,17568,6.8,18166,236,64,1308,544,26,2,6,6,0,16260,7,17622,207,40,0,-10,1,1,1,29,24,-0.2
"1397","Blue","Neither","Red","Red",23,3,9,7,0,18090,6.8,17730,229,36,1106,470,18,2,10,12,0,16984,7,17260,204,38,0,5,1,-1,-5,25,-2,-0.2
"1398","Red","Blue","Neither","Red",14,2,4,7,0,15786,6.8,17823,207,54,-92,-1170,15,2,5,3,0,15878,7.4,18993,215,50,0,-1,0,-1,4,-8,4,-0.600000000000001
"1399","Red","Red","Neither","Blue",48,5,4,6,0,16596,7,18596,252,64,539,818,19,8,3,2,0,16057,6.6,17778,236,51,0,29,-3,1,4,16,13,0.4
"1400","Red","Neither","Blue","Blue",14,1,8,5,0,16093,7,16927,154,53,-3195,-953,12,2,12,13,0,19288,6.8,17880,213,46,0,2,-1,-4,-8,-59,7,0.2
"1401","Blue","Blue","Blue","Blue",17,2,7,8,1,18858,7.2,19023,237,66,4338,4607,17,3,4,11,0,14520,6.2,14416,166,42,1,0,-1,3,-3,71,24,1
"1402","Red","Blue","Neither","Blue",17,3,5,9,0,15288,6.6,16534,206,57,-861,131,25,3,7,13,0,16149,6.6,16403,200,34,0,-8,0,-2,-4,6,23,0
"1403","Blue","Blue","Neither","Red",16,1,7,7,0,16346,6.8,17401,227,52,-90,102,14,2,5,5,0,16436,7,17299,234,40,0,2,-1,2,2,-7,12,-0.2
"1404","Red","Red","Red","Red",14,1,1,0,0,13447,6.4,16199,201,51,-5698,-3675,17,4,11,12,0,19145,7.2,19874,240,44,0,-3,-3,-10,-12,-39,7,-0.8
"1405","Red","Blue","Red","Blue",18,4,8,8,0,16453,6.8,17231,206,40,-569,-213,21,2,8,10,0,17022,7,17444,199,43,0,-3,2,0,-2,7,-3,-0.2
"1406","Blue","Red","Neither","Red",12,3,12,16,0,18669,7.2,19226,213,39,1788,761,40,3,6,7,0,16881,7,18465,208,55,0,-28,0,6,9,5,-16,0.2
"1407","Blue","Red","Neither","Blue",36,1,5,8,0,16192,6.8,18197,209,60,1056,-182,11,1,5,4,0,15136,7,18379,185,46,0,25,0,0,4,24,14,-0.2
"1408","Red","Blue","Neither","Red",14,3,2,1,0,13701,6.6,15431,183,59,-4095,-3017,20,3,7,6,0,17796,7.2,18448,255,36,0,-6,0,-5,-5,-72,23,-0.600000000000001
"1409","Red","Neither","Neither","Blue",17,3,6,7,0,16762,7,18180,242,44,482,166,18,2,5,8,0,16280,6.8,18014,231,48,0,-1,1,1,-1,11,-4,0.2
"1410","Red","Neither","Red","Blue",15,2,8,5,0,16795,6.8,18159,235,48,-507,-790,17,2,8,9,0,17302,7.2,18949,203,56,0,-2,0,0,-4,32,-8,-0.4
"1411","Red","Neither","Neither","Red",11,2,4,1,0,14464,6.2,15227,164,58,-4820,-2651,15,0,12,9,1,19284,7,17878,206,44,-1,-4,2,-8,-8,-42,14,-0.8
"1412","Red","Red","Neither","Red",13,4,5,5,0,16925,6.6,18087,233,64,-962,107,17,3,10,16,0,17887,7,17980,213,44,0,-4,1,-5,-11,20,20,-0.4
"1413","Red","Red","Red","Blue",16,5,3,1,0,14302,6.6,15878,211,51,-3025,-2906,36,1,9,9,0,17327,7.2,18784,212,64,0,-20,4,-6,-8,-1,-13,-0.600000000000001
"1414","Red","Red","Blue","Red",16,2,2,2,0,14786,6.6,16676,233,50,-1340,-529,16,4,8,6,0,16126,6.8,17205,205,37,0,0,-2,-6,-4,28,13,-0.2
"1415","Red","Red","Neither","Red",28,2,3,2,0,15134,7,18028,214,54,-168,267,17,2,3,4,0,15302,7,17761,214,61,0,11,0,0,-2,0,-7,0
"1416","Blue","Red","Blue","Red",13,3,8,8,1,18954,6.8,17795,228,46,-664,-549,14,3,13,13,1,19618,7,18344,182,57,0,-1,0,-5,-5,46,-11,-0.2
"1417","Red","Blue","Neither","Blue",14,3,6,7,0,16043,7,17409,220,51,-3089,-2946,20,4,12,12,0,19132,7.6,20355,235,50,0,-6,-1,-6,-5,-15,1,-0.6
"1418","Blue","Red","Neither","Red",14,1,5,4,0,15195,7.2,17896,196,43,-1573,-1171,12,1,6,7,0,16768,7,19067,202,71,0,2,0,-1,-3,-6,-28,0.2
"1419","Blue","Blue","Neither","Red",17,2,9,10,0,17205,7,18124,218,40,721,2077,16,1,7,11,0,16484,6.4,16047,212,39,0,1,1,2,-1,6,1,0.6
"1420","Red","Neither","Red","Blue",21,5,5,5,0,16022,7,17853,219,60,511,-678,78,1,4,9,0,15511,7,18531,242,42,0,-57,4,1,-4,-23,18,0
"1421","Blue","Neither","Neither","Red",17,2,6,6,0,15615,7,17928,201,49,-1193,-819,17,3,7,10,0,16808,7,18747,229,36,0,0,-1,-1,-4,-28,13,0
"1422","Red","Neither","Red","Red",15,1,2,3,0,14433,6.6,16813,202,64,-3215,-1656,21,3,8,7,0,17648,7.2,18469,243,43,0,-6,-2,-6,-4,-41,21,-0.600000000000001
"1423","Blue","Blue","Blue","Blue",18,3,13,13,1,19807,6.8,17943,220,36,5227,2051,47,7,3,1,0,14580,6.6,15892,210,47,1,-29,-4,10,12,10,-11,0.2
"1424","Blue","Blue","Neither","Blue",18,5,4,5,0,15704,6.8,18292,236,58,1012,519,18,6,2,0,0,14692,7,17773,234,63,0,0,-1,2,5,2,-5,-0.2
"1425","Blue","Neither","Blue","Blue",16,2,4,5,1,17073,6.8,17021,221,50,2002,388,14,4,4,7,0,15071,6.4,16633,203,51,1,2,-2,0,-2,18,-1,0.399999999999999
"1426","Blue","Neither","Neither","Blue",15,3,9,11,0,18584,7,18383,203,70,3093,1285,17,2,3,5,0,15491,6.8,17098,212,41,0,-2,1,6,6,-9,29,0.2
"1427","Red","Blue","Neither","Red",19,5,7,11,0,16187,6.4,16701,216,30,-2377,-2355,20,0,11,14,0,18564,7,19056,206,67,0,-1,5,-4,-3,10,-37,-0.6
"1428","Red","Blue","Neither","Red",22,3,9,14,0,16749,6.4,16227,166,48,-2419,-3313,19,1,10,13,0,19168,7.4,19540,240,39,0,3,2,-1,1,-74,9,-1
"1429","Red","Blue","Neither","Red",10,1,6,5,0,16490,7,19578,214,68,-392,462,16,1,6,8,0,16882,7.2,19116,232,56,0,-6,0,0,-3,-18,12,-0.2
"1430","Blue","Blue","Blue","Blue",22,4,6,5,0,16697,7.2,19170,236,59,852,1553,17,3,4,7,0,15845,7,17617,214,51,0,5,1,2,-2,22,8,0.2
"1431","Blue","Blue","Blue","Red",48,0,10,10,0,17973,7.2,20040,196,64,2507,3196,17,1,4,5,0,15466,6.6,16844,209,48,0,31,-1,6,5,-13,16,0.600000000000001
"1432","Blue","Neither","Neither","Red",20,5,5,6,0,16029,6.8,17493,234,47,1756,1920,16,2,2,3,0,14273,6.2,15573,199,49,0,4,3,3,3,35,-2,0.6
"1433","Blue","Blue","Blue","Red",17,0,4,4,0,15752,7.2,19171,231,64,1064,2471,54,2,2,4,0,14688,6.6,16700,235,44,0,-37,-2,2,0,-4,20,0.600000000000001
"1434","Blue","Blue","Neither","Blue",14,2,5,3,0,15930,7.2,18669,234,44,1713,2145,17,1,3,3,0,14217,6.4,16524,188,44,0,-3,1,2,0,46,0,0.8
"1435","Red","Red","Red","Red",12,4,6,10,0,15241,6.6,16491,190,36,-1137,-1402,17,1,6,6,0,16378,6.8,17893,224,45,0,-5,3,0,4,-34,-9,-0.2
"1436","Blue","Blue","Neither","Red",17,1,8,7,0,17127,6.8,18148,201,48,2294,1383,15,2,4,2,0,14833,6.4,16765,183,67,0,2,-1,4,5,18,-19,0.399999999999999
"1437","Red","Red","Neither","Red",15,3,1,2,0,13519,6.4,15833,188,53,-4115,-2985,18,2,7,9,0,17634,7,18818,251,47,0,-3,1,-6,-7,-63,6,-0.6
"1438","Blue","Neither","Neither","Red",18,4,11,13,0,18748,7,19116,243,40,2520,2092,53,4,6,5,0,16228,6.8,17024,224,40,0,-35,0,5,8,19,0,0.2
"1439","Blue","Blue","Neither","Red",13,3,4,3,0,16055,6.8,17933,227,55,93,1195,15,1,7,9,0,15962,6.8,16738,214,36,0,-2,2,-3,-6,13,19,0
"1440","Blue","Blue","Neither","Blue",18,2,7,5,0,16496,7,18201,202,55,1744,1187,15,5,5,5,0,14752,6.6,17014,209,36,0,3,-3,2,0,-7,19,0.4
"1441","Blue","Blue","Neither","Red",17,1,6,10,0,17217,7,18979,222,60,-315,-7,22,2,9,11,0,17532,7,18986,218,52,0,-5,-1,-3,-1,4,8,0
"1442","Red","Red","Red","Red",14,1,4,4,0,15482,7.2,18715,237,47,-1335,-172,39,2,5,5,0,16817,7.2,18887,228,55,0,-25,-1,-1,-1,9,-8,0
"1443","Red","Red","Neither","Blue",14,4,3,1,0,14486,7,18218,200,63,-648,728,19,3,3,3,0,15134,7,17490,208,56,0,-5,1,0,-2,-8,7,0
"1444","Red","Neither","Neither","Blue",50,1,6,4,0,15809,6.8,17592,198,30,-3854,-1813,14,1,12,15,0,19663,7.2,19405,238,39,0,36,0,-6,-11,-40,-9,-0.4
"1445","Blue","Blue","Neither","Blue",165,3,11,8,1,19556,7,18352,229,41,2585,1759,14,1,8,9,0,16971,6.6,16593,169,63,1,151,2,3,-1,60,-22,0.4
"1446","Blue","Blue","Neither","Blue",11,3,9,11,0,17003,6.8,17799,188,58,2247,1668,14,0,4,3,0,14756,6.4,16131,189,48,0,-3,3,5,8,-1,10,0.399999999999999
"1447","Red","Neither","Neither","Red",19,0,5,2,0,16451,7,18416,220,59,-977,143,15,1,10,8,0,17428,6.8,18273,189,53,0,4,-1,-5,-6,31,6,0.2
"1448","Blue","Neither","Neither","Blue",19,2,6,5,0,17837,7.2,19440,238,76,2970,2037,50,4,3,4,0,14867,7,17403,217,52,0,-31,-2,3,1,21,24,0.2
"1449","Blue","Blue","Red","Blue",14,3,11,14,0,18056,6.8,17829,195,54,250,287,268,2,6,7,1,17806,7,17542,210,59,-1,-254,1,5,7,-15,-5,-0.2
"1450","Red","Neither","Neither","Blue",19,4,8,2,0,16249,6.8,17245,189,41,-1276,-648,16,0,8,11,0,17525,7,17893,193,42,0,3,4,0,-9,-4,-1,-0.2
"1451","Blue","Red","Neither","Blue",15,3,7,9,0,16946,6.8,18077,212,45,1482,1055,17,3,7,7,0,15464,7,17022,161,48,0,-2,0,0,2,51,-3,-0.2
"1452","Red","Red","Neither","Red",23,3,4,5,0,15707,6.8,17968,243,55,428,687,17,5,2,4,0,15279,6.8,17281,247,42,0,6,-2,2,1,-4,13,0
"1453","Red","Neither","Neither","Blue",13,7,7,7,0,16443,7,18461,193,52,-1706,-1027,16,1,6,6,0,18149,7.2,19488,247,68,0,-3,6,1,1,-54,-16,-0.2
"1454","Blue","Blue","Blue","Red",11,1,8,10,0,17823,7.4,19752,215,64,1014,950,9,1,5,5,0,16809,7,18802,219,75,0,2,0,3,5,-4,-11,0.4
"1455","Blue","Red","Neither","Red",15,6,2,2,0,16241,7.2,18365,236,57,250,942,38,0,6,8,0,15991,6.8,17423,196,56,0,-23,6,-4,-6,40,1,0.4
"1456","Blue","Red","Blue","Red",13,4,7,6,0,16464,6.6,17075,209,52,166,395,16,1,8,12,0,16298,6.6,16680,167,40,0,-3,3,-1,-6,42,12,0
"1457","Red","Neither","Neither","Red",11,2,6,7,0,16924,6.8,17938,233,47,-465,-436,81,1,8,10,0,17389,7.2,18374,214,42,0,-70,1,-2,-3,19,5,-0.4
"1458","Blue","Blue","Neither","Red",19,5,10,10,0,17251,6.8,17415,217,46,-733,-541,17,3,8,13,0,17984,6.8,17956,234,39,0,2,2,2,-3,-17,7,0
"1459","Red","Red","Neither","Red",38,2,6,8,0,16917,7.2,18964,212,62,-1013,-36,12,1,8,6,0,17930,7,19000,260,56,0,26,1,-2,2,-48,6,0.2
"1460","Blue","Blue","Blue","Red",10,2,7,6,2,19453,7,18832,239,64,3773,1957,13,0,7,6,0,15680,6.6,16875,170,52,2,-3,2,0,0,69,12,0.4
"1461","Red","Red","Neither","Red",17,2,5,4,0,16891,7.4,19197,207,79,1060,1554,69,3,4,4,0,15831,6.8,17643,211,60,0,-52,-1,1,0,-4,19,0.600000000000001
"1462","Blue","Blue","Neither","Blue",16,2,7,4,0,17107,7.2,19237,218,68,2169,2453,30,1,4,4,0,14938,6.6,16784,212,40,0,-14,1,3,0,6,28,0.600000000000001
"1463","Blue","Blue","Neither","Red",15,7,4,3,0,15444,7,17833,236,53,1019,708,17,1,2,0,0,14425,6.6,17125,229,44,0,-2,6,2,3,7,9,0.4
"1464","Blue","Blue","Blue","Blue",17,3,9,10,0,18283,7.2,18731,226,59,2684,1191,41,3,5,4,0,15599,7,17540,211,37,0,-24,0,4,6,15,22,0.2
"1465","Blue","Red","Red","Blue",17,4,4,3,0,16267,6.8,18319,246,52,1362,699,16,1,2,4,0,14905,7,17620,228,64,0,1,3,2,-1,18,-12,-0.2
"1466","Blue","Neither","Blue","Blue",60,4,6,7,0,17247,7,18845,233,65,915,1710,16,3,7,9,0,16332,7,17135,214,36,0,44,1,-1,-2,19,29,0
"1467","Red","Red","Blue","Red",54,4,11,22,0,18640,7,18015,226,48,1931,1200,13,2,6,10,0,16709,6.6,16815,232,62,0,41,2,5,12,-6,-14,0.4
"1468","Blue","Red","Neither","Blue",14,2,9,8,0,17086,7.2,19170,221,49,3655,2743,37,2,0,0,0,13431,6.4,16427,198,60,0,-23,0,9,8,23,-11,0.8
"1469","Red","Red","Neither","Blue",24,4,6,8,0,16505,6.8,17567,205,52,805,149,13,8,4,4,0,15700,7,17418,256,44,0,11,-4,2,4,-51,8,-0.2
"1470","Blue","Red","Neither","Red",15,2,12,20,0,17961,6.8,17984,172,32,478,-124,61,1,10,17,0,17483,6.8,18108,159,75,0,-46,1,2,3,13,-43,0
"1471","Blue","Blue","Red","Blue",44,5,14,14,0,19418,6.8,18520,204,49,1698,2237,21,5,12,11,0,17720,6.6,16283,167,51,0,23,0,2,3,37,-2,0.2
"1472","Blue","Red","Neither","Blue",18,2,4,3,0,15846,7,18388,214,58,-330,-466,15,3,5,5,0,16176,7.2,18854,236,52,0,3,-1,-1,-2,-22,6,-0.2
"1473","Blue","Red","Blue","Blue",22,2,6,7,0,16937,7,18194,221,43,592,242,14,3,5,4,0,16345,7.2,17952,215,67,0,8,-1,1,3,6,-24,-0.2
"1474","Red","Red","Neither","Blue",17,3,1,1,0,14064,6.6,16539,220,37,-1765,-2344,17,4,4,2,0,15829,6.8,18883,244,62,0,0,-1,-3,-1,-24,-25,-0.2
"1475","Red","Red","Neither","Blue",13,1,1,1,0,15094,6.8,18255,246,51,-92,-244,12,0,2,3,0,15186,6.8,18499,226,64,0,1,1,-1,-2,20,-13,0
"1476","Red","Blue","Neither","Blue",69,2,5,5,0,15633,6.8,17179,193,54,-2947,-2189,17,1,11,13,0,18580,7.2,19368,224,43,0,52,1,-6,-8,-31,11,-0.4
"1477","Blue","Blue","Neither","Blue",18,3,6,6,0,16868,6.8,18060,245,52,1982,990,16,2,2,6,0,14886,6.8,17070,227,60,0,2,1,4,0,18,-8,0
"1478","Blue","Neither","Blue","Red",15,3,10,8,0,19289,7.6,19633,240,63,2330,2319,52,2,7,9,0,16959,7,17314,200,39,0,-37,1,3,-1,40,24,0.6
"1479","Blue","Blue","Neither","Red",14,4,3,4,0,15138,7,18807,194,66,-105,1086,16,2,3,3,0,15243,7,17721,235,55,0,-2,2,0,1,-41,11,0
"1480","Blue","Blue","Blue","Red",16,4,1,1,0,14942,7,17727,210,83,-1215,-756,21,3,5,7,0,16157,7,18483,233,52,0,-5,1,-4,-6,-23,31,0
"1481","Red","Blue","Neither","Red",16,1,6,7,0,15703,6.8,16893,191,40,-951,-1116,12,3,6,8,0,16654,7.2,18009,221,51,0,4,-2,0,-1,-30,-11,-0.4
"1482","Blue","Blue","Blue","Blue",18,2,5,7,0,15427,6.8,17667,217,47,134,-144,19,4,3,2,0,15293,7,17811,235,51,0,-1,-2,2,5,-18,-4,-0.2
"1483","Blue","Neither","Neither","Blue",108,5,6,8,0,16620,7,17711,238,37,361,-672,17,0,5,5,0,16259,7,18383,223,54,0,91,5,1,3,15,-17,0
"1484","Blue","Blue","Neither","Red",19,2,6,5,0,15926,6.8,17186,209,44,905,1369,15,2,5,10,0,15021,6.4,15817,180,40,0,4,0,1,-5,29,4,0.399999999999999
"1485","Red","Red","Neither","Blue",15,1,9,5,0,16852,6.6,17417,210,38,348,-1004,15,5,6,6,0,16504,7,18421,216,60,0,0,-4,3,-1,-6,-22,-0.4
"1486","Red","Red","Red","Blue",14,1,6,6,0,16936,7.2,18023,219,64,-424,-630,14,2,8,10,0,17360,7,18653,230,48,0,0,-1,-2,-4,-11,16,0.2
"1487","Blue","Blue","Red","Blue",15,4,10,13,0,17917,7.2,18904,212,37,3058,1325,37,1,4,2,0,14859,6.8,17579,222,52,0,-22,3,6,11,-10,-15,0.4
"1488","Red","Blue","Red","Blue",16,1,7,11,0,17558,6.8,17445,241,48,-105,-1401,18,4,8,9,0,17663,6.8,18846,232,50,0,-2,-3,-1,2,9,-2,0
"1489","Red","Red","Neither","Red",12,0,3,3,0,15149,6.8,17143,205,51,-1876,-2659,13,2,8,4,0,17025,7.4,19802,211,76,0,-1,-2,-5,-1,-6,-25,-0.600000000000001
"1490","Red","Blue","Neither","Red",15,1,5,8,0,16112,6.4,16747,215,52,-1031,-760,17,1,7,10,0,17143,6.8,17507,211,56,0,-2,0,-2,-2,4,-4,-0.399999999999999
"1491","Red","Neither","Neither","Blue",39,1,7,6,0,15885,7.2,19056,207,52,125,2058,22,5,4,4,0,15760,6.8,16998,224,47,0,17,-4,3,2,-17,5,0.4
"1492","Blue","Red","Blue","Blue",22,0,4,4,1,17104,6.6,17075,224,61,-669,-502,17,4,7,8,0,17773,6.8,17577,209,46,1,5,-4,-3,-4,15,15,-0.2
"1493","Blue","Blue","Neither","Red",51,3,10,16,1,17535,6.4,15420,173,40,1436,-1544,14,2,5,4,0,16099,6.8,16964,207,66,1,37,1,5,12,-34,-26,-0.399999999999999
"1494","Red","Blue","Red","Blue",23,1,8,8,0,17321,7,18683,205,59,-78,-155,13,2,10,7,0,17399,7.4,18838,207,40,0,10,-1,-2,1,-2,19,-0.4
"1495","Blue","Red","Blue","Blue",9,3,6,6,0,16317,7,18679,204,71,-713,103,84,4,7,5,0,17030,6.8,18576,212,52,0,-75,-1,-1,1,-8,19,0.2
"1496","Red","Red","Neither","Red",19,2,4,2,0,15649,7.2,18614,234,66,-1975,-1115,24,4,7,7,0,17624,7.2,19729,243,55,0,-5,-2,-3,-5,-9,11,0
"1497","Blue","Red","Neither","Blue",15,3,9,11,0,17592,7,18664,220,41,1411,766,11,1,3,4,0,16181,7,17898,215,62,0,4,2,6,7,5,-21,0
"1498","Blue","Blue","Neither","Blue",47,3,2,3,0,15420,7,18204,230,65,661,139,14,2,1,2,0,14759,6.6,18065,245,56,0,33,1,1,1,-15,9,0.4
"1499","Red","Neither","Red","Red",14,0,3,6,0,15929,6.8,17529,226,40,-394,-1635,14,1,4,4,0,16323,7,19164,237,64,0,0,-1,-1,2,-11,-24,-0.2
"1500","Red","Neither","Neither","Blue",49,0,4,4,0,15046,6.6,16504,178,48,-557,-832,13,5,4,6,0,15603,6.6,17336,217,52,0,36,-5,0,-2,-39,-4,0
"1501","Blue","Red","Neither","Red",20,3,6,5,0,16737,7.4,19857,243,64,1204,2004,16,4,3,2,0,15533,6.8,17853,250,48,0,4,-1,3,3,-7,16,0.600000000000001
"1502","Red","Neither","Neither","Blue",41,2,6,8,0,15756,6.6,16210,204,49,-1966,-3189,18,4,7,6,0,17722,7.4,19399,242,60,0,23,-2,-1,2,-38,-11,-0.800000000000001
"1503","Blue","Blue","Neither","Red",59,2,3,6,0,15442,6.8,17518,238,51,-1090,-1499,11,17,6,6,0,16532,6.8,19017,233,56,0,48,-15,-3,0,5,-5,0
"1504","Red","Red","Blue","Blue",16,2,9,12,0,16649,6.2,15616,166,36,-1152,-2193,19,2,8,8,0,17801,6.8,17809,208,48,0,-3,0,1,4,-42,-12,-0.6
"1505","Red","Red","Blue","Red",27,0,6,4,0,16171,7,17902,202,54,-1682,-71,14,2,10,8,0,17853,7,17973,226,52,0,13,-2,-4,-4,-24,2,0
"1506","Blue","Blue","Red","Blue",15,5,9,12,0,17190,6.6,17783,210,41,1847,1084,14,2,4,5,0,15343,6.8,16699,200,40,0,1,3,5,7,10,1,-0.2
"1507","Red","Red","Neither","Blue",91,4,7,12,0,17222,7,18157,227,48,808,-236,13,3,6,3,0,16414,7,18393,250,53,0,78,1,1,9,-23,-5,0
"1508","Blue","Blue","Neither","Red",16,1,6,3,0,15704,6.6,17114,199,52,-1332,-2004,14,6,9,10,0,17036,7.2,19118,217,40,0,2,-5,-3,-7,-18,12,-0.600000000000001
"1509","Red","Neither","Red","Red",16,2,9,9,0,16331,6.4,14886,162,31,-3966,-2999,18,2,18,16,0,20297,6.8,17885,169,38,0,-2,0,-9,-7,-7,-7,-0.399999999999999
"1510","Red","Red","Blue","Red",33,1,10,11,1,19186,7.2,18375,183,51,1377,795,14,2,7,8,0,17809,7,17580,201,52,1,19,-1,3,3,-18,-1,0.2
"1511","Blue","Blue","Red","Blue",16,0,7,10,0,17546,6.8,17209,228,47,1493,1167,10,2,3,4,1,16053,6.4,16042,193,51,-1,6,-2,4,6,35,-4,0.399999999999999
"1512","Red","Neither","Red","Red",18,4,4,5,0,15198,6.8,17177,219,38,-2876,-2715,10,4,7,9,0,18074,7.2,19892,222,92,0,8,0,-3,-4,-3,-54,-0.4
"1513","Red","Blue","Neither","Red",42,3,8,13,0,17909,6.4,16512,165,39,1340,-207,19,4,7,10,0,16569,6.6,16719,201,32,0,23,-1,1,3,-36,7,-0.199999999999999
"1514","Red","Red","Neither","Red",18,3,4,2,0,15046,6.6,17140,208,48,-1208,-614,37,4,7,5,0,16254,7,17754,227,44,0,-19,-1,-3,-3,-19,4,-0.4
"1515","Blue","Red","Neither","Red",19,5,6,9,0,16740,7,19237,238,54,218,1085,18,4,6,8,0,16522,7,18152,229,54,0,1,1,0,1,9,0,0
"1516","Blue","Blue","Neither","Blue",14,3,13,10,1,20295,7.2,19531,258,56,6907,4512,15,2,1,1,0,13388,6.2,15019,178,54,1,-1,1,12,9,80,2,1
"1517","Blue","Red","Red","Red",13,1,4,7,0,15921,7,18190,217,48,-594,-353,14,1,5,7,0,16515,7.2,18543,235,48,0,-1,0,-1,0,-18,0,-0.2
"1518","Red","Blue","Blue","Red",15,0,10,13,0,17145,7,17904,192,45,-1464,-454,15,3,9,5,0,18609,7.2,18358,226,46,0,0,-3,1,8,-34,-1,-0.2
"1519","Blue","Neither","Neither","Red",15,2,5,7,0,15936,7,18030,205,43,554,-702,28,0,4,4,0,15382,7,18732,179,68,0,-13,2,1,3,26,-25,0
"1520","Blue","Red","Blue","Blue",17,1,7,5,0,16649,7.4,19322,226,47,1256,-295,16,6,2,1,0,15393,7.4,19617,268,63,0,1,-5,5,4,-42,-16,0
"1521","Blue","Blue","Neither","Blue",40,2,10,14,0,17618,7,18556,203,36,4373,4286,13,4,2,3,0,13245,6,14270,184,24,0,27,-2,8,11,19,12,1
"1522","Blue","Red","Neither","Blue",24,2,6,6,0,15871,6.6,17106,195,45,-245,-278,14,2,5,6,0,16116,7,17384,221,45,0,10,0,1,0,-26,0,-0.4
"1523","Red","Red","Blue","Blue",15,1,8,7,1,17676,7,18151,206,32,393,-215,16,1,8,9,0,17283,7,18366,223,46,1,-1,0,0,-2,-17,-14,0
"1524","Blue","Red","Neither","Blue",16,4,7,6,0,17423,7.4,19973,248,55,2822,2207,24,3,2,2,0,14601,7,17766,219,64,0,-8,1,5,4,29,-9,0.4
"1525","Red","Red","Neither","Red",12,2,1,0,0,13410,6.4,16059,210,52,-5025,-2610,19,4,10,16,0,18435,7.2,18669,228,58,0,-7,-2,-9,-16,-18,-6,-0.8
"1526","Blue","Red","Neither","Red",19,2,7,8,0,16992,7,18385,219,44,-371,-172,30,3,8,7,0,17363,7.2,18557,225,65,0,-11,-1,-1,1,-6,-21,-0.2
"1527","Blue","Blue","Blue","Blue",16,4,8,10,1,18678,7,18538,231,56,3999,2223,13,1,4,5,0,14679,6.6,16315,193,42,1,3,3,4,5,38,14,0.4
"1528","Red","Red","Neither","Red",22,1,5,12,0,16220,7,17906,222,66,-4157,-1724,15,1,12,24,0,20377,7.4,19630,257,52,0,7,0,-7,-12,-35,14,-0.4
"1529","Red","Red","Neither","Red",31,0,5,2,0,14930,6,15593,169,56,-5298,-4670,11,1,12,14,0,20228,7.4,20263,242,52,0,20,-1,-7,-12,-73,4,-1.4
"1530","Red","Neither","Neither","Red",12,2,7,7,0,16304,6.8,17825,201,51,-28,-63,14,1,8,4,0,16332,6.8,17888,209,41,0,-2,1,-1,3,-8,10,0
"1531","Blue","Blue","Neither","Red",51,4,7,14,0,17075,7,18159,230,52,462,579,17,4,5,6,0,16613,6.6,17580,224,51,0,34,0,2,8,6,1,0.4
"1532","Red","Red","Neither","Red",16,4,5,5,0,15499,7,17516,225,47,-81,-1,17,3,3,3,0,15580,6.8,17517,214,60,0,-1,1,2,2,11,-13,0.2
"1533","Blue","Blue","Blue","Blue",14,3,6,9,0,16972,7.4,19577,218,55,752,344,15,1,4,3,0,16220,7.2,19233,247,68,0,-1,2,2,6,-29,-13,0.2
"1534","Red","Red","Neither","Red",14,2,6,5,0,15256,6.6,16464,189,28,-1555,-357,17,2,10,12,0,16811,6.8,16821,182,45,0,-3,0,-4,-7,7,-17,-0.2
"1535","Blue","Red","Red","Red",15,2,6,9,0,16568,7.2,18645,197,52,1188,2039,20,2,3,4,0,15380,6.8,16606,207,52,0,-5,0,3,5,-10,0,0.4
"1536","Blue","Red","Blue","Blue",14,1,7,10,0,17326,7.2,18459,224,56,1639,-213,17,2,3,3,0,15687,7,18672,248,68,0,-3,-1,4,7,-24,-12,0.2
"1537","Blue","Neither","Neither","Red",16,5,6,7,0,16619,7.2,18958,226,51,1552,1488,31,4,4,5,0,15067,6.8,17470,213,52,0,-15,1,2,2,13,-1,0.4
"1538","Red","Red","Neither","Red",14,4,4,4,0,16295,7.2,18278,261,36,41,-936,56,2,5,5,0,16254,7.2,19214,234,64,0,-42,2,-1,-1,27,-28,0
"1539","Blue","Blue","Neither","Blue",12,2,7,7,0,15680,6.6,17099,186,52,-259,-1115,37,1,4,4,0,15939,7,18214,227,51,0,-25,1,3,3,-41,1,-0.4
"1540","Red","Red","Neither","Blue",15,1,7,8,0,16432,6.8,16967,191,36,367,-1025,32,2,7,7,0,16065,7,17992,212,47,0,-17,-1,0,1,-21,-11,-0.2
"1541","Blue","Blue","Blue","Red",15,3,10,9,2,19197,7.2,18449,219,53,2941,1850,15,6,6,6,0,16256,6.6,16599,192,52,2,0,-3,4,3,27,1,0.600000000000001
"1542","Blue","Blue","Neither","Blue",15,2,10,8,0,18468,7.2,18822,221,51,1142,283,18,3,7,6,0,17326,7.2,18539,252,40,0,-3,-1,3,2,-31,11,0
"1543","Blue","Red","Neither","Blue",21,1,9,10,0,18280,7,18115,229,35,4051,1394,19,5,5,3,0,14229,6.6,16721,211,36,0,2,-4,4,7,18,-1,0.4
"1544","Blue","Neither","Red","Red",17,5,5,7,0,16103,6.6,17019,193,48,-2419,-1437,50,5,9,14,0,18522,7,18456,246,40,0,-33,0,-4,-7,-53,8,-0.4
"1545","Blue","Blue","Blue","Blue",16,4,6,8,0,16832,7.2,18675,221,65,1624,1008,17,1,4,5,0,15208,7,17667,238,33,0,-1,3,2,3,-17,32,0.2
"1546","Red","Blue","Neither","Red",36,1,3,5,0,15028,6.8,17228,232,40,-2254,-379,18,3,8,8,0,17282,7,17607,232,48,0,18,-2,-5,-3,0,-8,-0.2
"1547","Blue","Neither","Blue","Blue",13,2,9,6,0,17076,7.2,18945,194,54,834,1853,16,0,5,2,0,16242,6.6,17092,238,36,0,-3,2,4,4,-44,18,0.600000000000001
"1548","Blue","Neither","Neither","Blue",20,2,7,6,0,16745,6.8,17283,210,35,2150,1104,14,4,4,3,0,14595,6.6,16179,187,50,0,6,-2,3,3,23,-15,0.2
"1549","Blue","Red","Blue","Red",15,2,4,4,0,15658,6.6,17351,222,42,-1624,-2019,16,1,8,8,0,17282,7.4,19370,207,61,0,-1,1,-4,-4,15,-19,-0.800000000000001
"1550","Blue","Red","Blue","Blue",8,0,6,6,0,15760,7.2,18719,167,72,-2072,412,16,2,5,2,1,17832,7,18307,268,51,-1,-8,-2,1,4,-101,21,0.2
"1551","Red","Neither","Blue","Red",13,2,2,3,0,14624,6.8,16881,210,57,-2089,537,39,5,7,10,0,16713,6.6,16344,215,38,0,-26,-3,-5,-7,-5,19,0.2
"1552","Blue","Red","Neither","Red",10,4,2,1,0,15568,7,18302,245,48,542,1212,16,1,3,4,0,15026,6.6,17090,209,62,0,-6,3,-1,-3,36,-14,0.4
"1553","Red","Neither","Blue","Red",17,2,6,4,0,16331,7.2,17920,231,49,-226,-221,37,3,7,7,0,16557,7,18141,226,54,0,-20,-1,-1,-3,5,-5,0.2
"1554","Blue","Blue","Blue","Blue",32,2,7,7,0,17204,7.4,18986,240,60,316,10,36,1,5,4,0,16888,7,18976,236,48,0,-4,1,2,3,4,12,0.4
"1555","Red","Red","Neither","Blue",16,4,3,3,0,14910,6.6,15466,195,36,-821,-2540,44,3,6,4,0,15731,6.8,18006,206,67,0,-28,1,-3,-1,-11,-31,-0.2
"1556","Blue","Blue","Neither","Blue",37,3,12,15,0,19141,7.6,20647,192,60,4294,4438,15,2,5,3,0,14847,6.4,16209,210,36,0,22,1,7,12,-18,24,1.2
"1557","Red","Neither","Red","Red",19,4,2,1,0,14208,7,17036,194,64,-4891,-2335,20,1,8,8,1,19099,7.2,19371,266,40,-1,-1,3,-6,-7,-72,24,-0.2
"1558","Blue","Blue","Neither","Red",21,3,9,7,0,17951,6.8,18031,234,44,3432,2317,16,1,4,9,0,14519,6.4,15714,183,45,0,5,2,5,-2,51,-1,0.399999999999999
"1559","Blue","Blue","Neither","Blue",15,2,7,8,0,16142,6.8,17610,197,62,-563,-812,24,4,8,12,0,16705,7,18422,207,48,0,-9,-2,-1,-4,-10,14,-0.2
"1560","Blue","Red","Neither","Red",15,4,4,5,0,16333,7.2,19527,237,65,60,-341,23,5,4,3,0,16273,7.6,19868,252,80,0,-8,-1,0,2,-15,-15,-0.399999999999999
"1561","Red","Red","Neither","Blue",19,1,8,11,0,17526,6.8,17824,222,63,2761,680,13,3,2,2,0,14765,6.8,17144,216,64,0,6,-2,6,9,6,-1,0
"1562","Blue","Blue","Blue","Blue",14,4,7,7,0,17381,7.2,20017,221,76,1542,2179,17,2,7,4,0,15839,7,17838,204,48,0,-3,2,0,3,17,28,0.2
"1563","Red","Neither","Blue","Red",35,1,5,5,1,17854,7.4,20383,230,56,2323,2120,13,1,3,2,0,15531,7,18263,219,52,1,22,0,2,3,11,4,0.4
"1564","Red","Blue","Red","Blue",15,2,6,4,0,15698,7,17468,206,59,-1143,-859,15,1,5,3,0,16841,7,18327,259,50,0,0,1,1,1,-53,9,0
"1565","Blue","Red","Neither","Red",19,3,6,4,0,16039,7,17942,195,49,-665,-571,16,3,7,5,0,16704,7,18513,231,52,0,3,0,-1,-1,-36,-3,0
"1566","Red","Red","Blue","Red",16,5,3,4,0,14506,6.8,16989,206,52,-2520,-1932,16,1,8,7,0,17026,7.2,18921,221,56,0,0,4,-5,-3,-15,-4,-0.4
"1567","Blue","Red","Red","Red",141,2,6,6,0,16830,7,18944,226,51,708,1208,18,2,6,4,0,16122,6.8,17736,204,54,0,123,0,0,2,22,-3,0.2
"1568","Blue","Blue","Neither","Red",19,2,2,3,0,14909,7,18031,245,52,410,720,14,3,1,1,0,14499,6.8,17311,237,52,0,5,-1,1,2,8,0,0.2
"1569","Blue","Red","Neither","Red",14,3,0,0,0,12939,6.4,15958,201,32,-4578,-3673,19,2,5,5,0,17517,7.4,19631,259,79,0,-5,1,-5,-5,-58,-47,-1
"1570","Red","Red","Neither","Red",15,1,8,3,0,16678,7,18875,216,64,1079,1586,15,5,6,3,0,15599,6.8,17289,220,32,0,0,-4,2,0,-4,32,0.2
"1571","Red","Red","Neither","Red",11,1,5,3,0,15322,6.4,15807,210,56,-4024,-2373,18,2,14,17,0,19346,6.8,18180,203,47,0,-7,-1,-9,-14,7,9,-0.399999999999999
"1572","Red","Red","Neither","Blue",38,4,5,4,0,16562,7.2,18781,210,64,44,170,21,1,7,8,0,16518,7,18611,245,36,0,17,3,-2,-4,-35,28,0.2
"1573","Blue","Red","Blue","Blue",14,3,6,5,0,16353,7,18367,214,56,-560,-46,16,2,8,10,0,16913,7.4,18413,221,44,0,-2,1,-2,-5,-7,12,-0.4
"1574","Red","Red","Blue","Red",8,2,7,6,0,16998,6.6,17282,207,55,-1343,-591,18,3,11,15,0,18341,6.8,17873,191,40,0,-10,-1,-4,-9,16,15,-0.2
"1575","Red","Blue","Neither","Red",19,2,5,7,0,15051,6.6,16743,188,35,60,323,11,2,5,4,0,14991,6.8,16420,206,44,0,8,0,0,3,-18,-9,-0.2
"1576","Red","Neither","Neither","Red",48,3,3,6,0,14986,6.8,17222,208,46,-1501,-1478,18,3,6,4,0,16487,7.2,18700,220,49,0,30,0,-3,2,-12,-3,-0.4
"1577","Red","Neither","Neither","Blue",40,4,7,9,0,17003,6.6,18007,214,40,1331,1287,16,1,5,8,0,15672,6.8,16720,190,52,0,24,3,2,1,24,-12,-0.2
"1578","Red","Blue","Red","Red",16,3,4,5,0,15380,6.6,15984,226,43,-4864,-2818,17,2,12,17,2,20244,7.2,18802,231,36,-2,-1,1,-8,-12,-5,7,-0.600000000000001
"1579","Blue","Blue","Blue","Blue",16,1,9,8,0,18599,7.2,20735,216,76,3821,4288,34,1,3,5,0,14778,6.8,16447,187,56,0,-18,0,6,3,29,20,0.4
"1580","Blue","Red","Neither","Red",14,1,6,6,0,15936,6.8,17755,192,46,-1477,-1018,15,3,7,10,0,17413,7,18773,245,53,0,-1,-2,-1,-4,-53,-7,-0.2
"1581","Blue","Neither","Neither","Blue",15,2,3,2,0,15265,6.8,17859,224,52,446,263,14,1,2,1,0,14819,6.6,17596,237,45,0,1,1,1,1,-13,7,0.2
"1582","Blue","Blue","Neither","Blue",16,1,10,12,0,18177,7,18965,219,50,3504,995,16,3,3,4,0,14673,6.8,17970,214,46,0,0,-2,7,8,5,4,0.2
"1583","Red","Red","Blue","Red",15,6,7,12,0,16605,6.6,16894,220,39,2046,584,20,5,5,9,0,14559,6.6,16310,175,44,0,-5,1,2,3,45,-5,0
"1584","Red","Red","Red","Blue",17,2,4,3,0,14742,6.8,17515,203,40,-541,-1094,17,3,3,5,0,15283,7.2,18609,230,60,0,0,-1,1,-2,-27,-20,-0.4
"1585","Red","Red","Neither","Red",13,0,3,1,0,14440,7,17275,194,60,-3132,-1630,17,2,8,6,0,17572,7,18905,220,50,0,-4,-2,-5,-5,-26,10,0
"1586","Red","Red","Neither","Red",13,4,2,3,0,12798,5.4,12111,187,4,-8472,-8242,16,1,13,16,1,21270,7.6,20353,224,64,-1,-3,3,-11,-13,-37,-60,-2.2
"1587","Red","Red","Neither","Red",14,4,5,6,0,15698,6.6,17663,201,63,-687,-372,23,3,6,8,0,16385,7,18035,230,43,0,-9,1,-1,-2,-29,20,-0.4
"1588","Blue","Blue","Neither","Blue",80,3,7,7,0,17324,7.2,19349,216,48,3129,2922,18,0,2,3,0,14195,6.8,16427,208,47,0,62,3,5,4,8,1,0.4
"1589","Red","Red","Blue","Red",11,2,2,5,0,14613,6.8,17026,233,47,-2539,-943,13,5,4,7,0,17152,7,17969,234,47,0,-2,-3,-2,-2,-1,0,-0.2
"1590","Red","Red","Neither","Blue",12,3,4,4,0,14705,6.6,16663,196,44,-2167,-2507,17,1,5,6,0,16872,7.2,19170,240,65,0,-5,2,-1,-2,-44,-21,-0.600000000000001
"1591","Blue","Red","Neither","Red",16,3,8,10,0,17536,7.2,19665,247,47,910,1269,16,5,5,6,0,16626,7,18396,226,68,0,0,-2,3,4,21,-21,0.2
"1592","Red","Red","Blue","Red",13,3,5,3,0,15226,6.6,17298,213,55,-521,-1275,11,2,5,3,0,15747,7.2,18573,236,48,0,2,1,0,0,-23,7,-0.600000000000001
"1593","Red","Red","Neither","Blue",13,2,6,5,0,16051,7,17771,197,41,523,-1060,15,5,5,4,0,15528,7.2,18831,226,54,0,-2,-3,1,1,-29,-13,-0.2
"1594","Blue","Red","Red","Red",17,1,3,4,0,15158,6.8,17197,236,47,-341,-1982,18,3,4,5,0,15499,7,19179,219,56,0,-1,-2,-1,-1,17,-9,-0.2
"1595","Red","Red","Neither","Blue",17,2,8,13,0,16934,6.4,16045,193,44,247,-775,15,1,8,6,0,16687,6.6,16820,191,56,0,2,1,0,7,2,-12,-0.199999999999999
"1596","Red","Red","Blue","Blue",20,7,4,7,0,15228,6.8,16963,198,52,-2236,-2070,20,5,8,8,0,17464,7.2,19033,227,48,0,0,2,-4,-1,-29,4,-0.4
"1597","Blue","Red","Neither","Blue",15,3,10,7,0,17710,7,18758,205,56,3297,2983,16,1,4,3,0,14413,6.4,15775,183,44,0,-1,2,6,4,22,12,0.6
"1598","Red","Red","Neither","Red",17,1,2,2,0,14971,7,18121,228,49,-682,-89,18,4,3,5,0,15653,7.2,18210,252,49,0,-1,-3,-1,-3,-24,0,-0.2
"1599","Red","Neither","Blue","Red",22,2,10,10,0,17835,7.2,18036,205,50,1923,437,18,2,5,5,0,15912,6.8,17599,216,43,0,4,0,5,5,-11,7,0.4
"1600","Blue","Blue","Blue","Red",16,2,7,4,0,17071,7.2,19347,234,64,1738,2447,16,3,3,2,0,15333,6.8,16900,226,57,0,0,-1,4,2,8,7,0.4
"1601","Red","Blue","Red","Red",42,4,6,10,0,16245,7,18044,208,50,-3451,-2220,26,5,11,10,0,19696,7.6,20264,235,59,0,16,-1,-5,0,-27,-9,-0.6
"1602","Red","Red","Red","Blue",15,5,6,6,0,16835,7,17368,235,42,2251,-284,90,1,2,2,0,14584,7,17652,248,49,0,-75,4,4,4,-13,-7,0
"1603","Red","Red","Red","Blue",19,1,6,8,0,17088,7.2,18768,226,67,-884,963,19,2,9,15,0,17972,6.8,17805,218,48,0,0,-1,-3,-7,8,19,0.4
"1604","Red","Blue","Neither","Red",12,2,5,7,0,16383,7.2,19209,223,56,864,898,15,2,4,2,0,15519,7,18311,246,45,0,-3,0,1,5,-23,11,0.2
"1605","Blue","Blue","Red","Blue",17,5,4,2,1,16577,6.8,17637,220,58,1830,-1232,17,4,2,1,0,14747,7,18869,219,66,1,0,1,2,1,1,-8,-0.2
"1606","Blue","Blue","Neither","Blue",59,3,12,19,0,19607,7.6,19804,221,44,3913,2948,17,2,5,7,0,15694,6.6,16856,220,52,0,42,1,7,12,1,-8,1
"1607","Blue","Blue","Blue","Blue",19,2,8,7,0,15775,6.6,17200,149,47,-2675,-1325,19,4,9,11,0,18450,7,18525,231,42,0,0,-2,-1,-4,-82,5,-0.4
"1608","Red","Blue","Blue","Blue",12,2,4,4,0,14998,6.6,16127,185,45,-1430,147,14,1,8,7,0,16428,6.6,15980,196,48,0,-2,1,-4,-3,-11,-3,0
"1609","Red","Blue","Blue","Blue",20,1,8,10,0,16906,6.8,17910,207,48,226,221,15,3,8,4,0,16680,6.8,17689,176,54,0,5,-2,0,6,31,-6,0
"1610","Blue","Blue","Blue","Blue",16,3,9,8,1,18743,7,18381,209,49,4324,1705,15,4,3,1,0,14419,6.6,16676,191,56,1,1,-1,6,7,18,-7,0.4
"1611","Red","Neither","Neither","Red",17,3,8,11,0,16634,7,17892,198,40,-355,279,38,3,8,7,0,16989,6.8,17613,195,44,0,-21,0,0,4,3,-4,0.2
"1612","Red","Red","Red","Red",52,19,3,4,0,13636,6.2,14432,177,35,-4529,-4665,37,2,8,7,0,18165,7.4,19097,249,60,0,15,17,-5,-3,-72,-25,-1.2
"1613","Red","Blue","Neither","Blue",11,3,3,1,0,13744,6.4,15449,167,50,-4663,-3624,15,2,10,11,0,18407,7.2,19073,219,44,0,-4,1,-7,-10,-52,6,-0.8
"1614","Red","Blue","Neither","Blue",14,3,4,9,0,15823,6.8,17501,230,46,-211,-1817,36,4,4,4,0,16034,7.2,19318,233,64,0,-22,-1,0,5,-3,-18,-0.4
"1615","Blue","Blue","Red","Blue",32,7,7,6,0,16356,7.2,19371,219,47,38,1241,12,1,6,5,0,16318,7,18130,226,40,0,20,6,1,1,-7,7,0.2
"1616","Red","Red","Blue","Red",19,2,11,14,1,19801,6.6,17196,195,55,3315,904,17,1,9,12,0,16486,6.4,16292,147,45,1,2,1,2,2,48,10,0.199999999999999
"1617","Red","Red","Neither","Blue",16,4,11,12,0,18200,7,17815,202,39,1211,-757,18,3,9,10,0,16989,7.2,18572,211,60,0,-2,1,2,2,-9,-21,-0.2
"1618","Red","Red","Neither","Red",55,0,4,2,0,15335,6.8,18648,230,40,-188,270,11,3,3,2,0,15523,7,18378,248,60,0,44,-3,1,0,-18,-20,-0.2
"1619","Blue","Neither","Neither","Blue",15,2,6,4,0,16792,7.2,18901,238,52,1852,2113,20,1,4,5,0,14940,6.6,16788,218,40,0,-5,1,2,-1,20,12,0.600000000000001
"1620","Red","Blue","Red","Blue",14,3,12,13,1,20086,7,18345,232,44,3059,1408,20,1,8,8,0,17027,6.4,16937,207,56,1,-6,2,4,5,25,-12,0.6
"1621","Red","Red","Red","Red",17,3,1,1,0,13858,6.4,16054,232,45,-2552,-2268,14,1,4,6,0,16410,7,18322,239,63,0,3,2,-3,-5,-7,-18,-0.6
"1622","Red","Red","Neither","Blue",50,5,5,9,0,16190,7,17505,222,53,-1566,-1852,18,2,7,6,0,17756,7.2,19357,258,62,0,32,3,-2,3,-36,-9,-0.2
"1623","Red","Neither","Neither","Blue",11,4,7,5,0,16112,7,18155,202,42,-2967,-758,15,1,10,10,0,19079,7.2,18913,238,45,0,-4,3,-3,-5,-36,-3,-0.2
"1624","Blue","Red","Blue","Red",20,10,9,10,0,17298,6.8,17146,198,40,-98,-169,47,5,11,13,0,17396,7,17315,182,36,0,-27,5,-2,-3,16,4,-0.2
"1625","Red","Neither","Neither","Red",12,2,2,3,0,14593,6.6,17874,240,38,-1972,-1177,12,2,4,5,0,16565,7.2,19051,253,64,0,0,0,-2,-2,-13,-26,-0.600000000000001
"1626","Blue","Blue","Neither","Blue",14,2,10,17,0,17723,6.8,17913,201,54,557,-1383,13,2,8,9,0,17166,7.4,19296,204,68,0,1,0,2,8,-3,-14,-0.600000000000001
"1627","Red","Neither","Blue","Blue",19,4,8,11,0,16565,6.8,17417,204,45,1217,309,74,4,3,2,0,15348,6.6,17108,214,45,0,-55,0,5,9,-10,0,0.2
"1628","Blue","Red","Neither","Red",13,4,4,7,0,16301,7.2,19215,254,62,-27,394,18,2,5,6,0,16328,7.2,18821,234,46,0,-5,2,-1,1,20,16,0
"1629","Blue","Red","Blue","Blue",15,4,6,5,0,16698,7.2,19972,238,59,865,2685,22,4,5,8,0,15833,6.8,17287,213,48,0,-7,0,1,-3,25,11,0.4
"1630","Red","Red","Neither","Red",13,0,1,1,0,14878,7,18414,235,60,-1653,-1289,13,1,4,4,0,16531,7.2,19703,258,64,0,0,-1,-3,-3,-23,-4,-0.2
"1631","Red","Blue","Neither","Red",17,3,5,3,0,16494,7,19149,255,66,1932,2097,16,1,3,3,0,14562,6.6,17052,182,52,0,1,2,2,0,73,14,0.4
"1632","Red","Neither","Neither","Blue",14,1,5,4,0,15463,7,17005,206,60,-3386,-2729,16,3,9,13,0,18849,7,19734,234,51,0,-2,-2,-4,-9,-28,9,0
"1633","Red","Red","Neither","Red",16,1,6,9,0,15435,6.6,15816,161,40,-5097,-3482,17,3,15,16,0,20532,7.4,19298,226,44,0,-1,-2,-9,-7,-65,-4,-0.800000000000001
"1634","Red","Blue","Blue","Blue",53,2,5,8,0,16165,6.8,18233,215,67,1321,1735,14,2,1,2,0,14844,6.6,16498,245,56,0,39,0,4,6,-30,11,0.2
"1635","Red","Blue","Neither","Blue",14,1,6,9,0,16640,7.2,17949,233,50,-276,-1424,22,2,6,8,0,16916,7.4,19373,220,59,0,-8,-1,0,1,13,-9,-0.2
"1636","Red","Neither","Blue","Blue",13,0,6,6,0,16422,7,17507,212,53,-19,-1122,11,1,4,2,0,16441,7,18629,256,68,0,2,-1,2,4,-44,-15,0
"1637","Blue","Neither","Neither","Blue",16,4,8,7,0,17863,7.2,19086,256,33,2590,1850,13,5,4,4,0,15273,7,17236,218,48,0,3,-1,4,3,38,-15,0.2
"1638","Red","Red","Neither","Blue",16,6,8,8,0,16970,6.8,17201,226,45,510,-601,25,5,6,10,0,16460,6.8,17802,230,48,0,-9,1,2,-2,-4,-3,0
"1639","Red","Neither","Red","Red",21,6,4,7,0,14866,6.8,17470,191,51,103,412,21,6,2,3,0,14763,6.8,17058,239,41,0,0,0,2,4,-48,10,0
"1640","Blue","Red","Neither","Blue",12,2,9,10,0,17761,7,18196,229,48,-237,-500,19,2,10,13,0,17998,7.2,18696,200,60,0,-7,0,-1,-3,29,-12,-0.2
"1641","Blue","Red","Red","Red",13,3,7,5,0,16650,7,18854,233,48,-612,549,19,1,4,5,1,17262,7,18305,232,59,-1,-6,2,3,0,1,-11,0
"1642","Red","Red","Blue","Blue",18,4,8,6,0,18607,7.4,20228,264,53,4488,3191,15,1,1,1,0,14119,6.6,17037,210,60,0,3,3,7,5,54,-7,0.800000000000001
"1643","Red","Red","Neither","Red",18,2,8,6,0,16237,6.8,17830,209,48,335,675,16,1,5,5,0,15902,6.8,17155,192,64,0,2,1,3,1,17,-16,0
"1644","Red","Blue","Red","Red",19,1,2,2,0,14273,6.8,17164,220,40,-814,-418,11,2,3,2,0,15087,6.6,17582,224,44,0,8,-1,-1,0,-4,-4,0.2
"1645","Blue","Blue","Neither","Blue",15,4,6,7,0,15906,7,17700,232,39,-39,464,13,5,5,9,0,15945,6.6,17236,197,45,0,2,-1,1,-2,35,-6,0.4
"1646","Blue","Red","Neither","Blue",20,5,4,3,0,16083,6.8,18268,264,53,80,-609,67,2,5,8,0,16003,7.2,18877,225,53,0,-47,3,-1,-5,39,0,-0.4
"1647","Red","Blue","Blue","Red",14,4,2,2,0,15034,7,17176,204,77,-1975,-888,15,4,8,11,0,17009,7,18064,201,44,0,-1,0,-6,-9,3,33,0
"1648","Red","Red","Red","Blue",13,4,5,7,0,16660,7.2,18967,257,52,1723,970,38,1,3,5,0,14937,7,17997,227,52,0,-25,3,2,2,30,0,0.2
"1649","Red","Blue","Red","Blue",18,0,5,2,0,13945,5.8,14302,155,56,-5763,-4731,14,2,9,11,2,19708,7.4,19033,203,60,-2,4,-2,-4,-9,-48,-4,-1.6
"1650","Red","Neither","Neither","Red",16,11,3,6,0,14991,6.6,17279,207,53,-6050,-4081,38,0,13,16,0,21041,7.6,21360,273,60,0,-22,11,-10,-10,-66,-7,-1
"1651","Red","Blue","Neither","Blue",38,3,3,6,0,16653,7,18507,261,60,1152,-29,15,2,3,6,0,15501,7.2,18536,228,60,0,23,1,0,0,33,0,-0.2
"1652","Blue","Neither","Blue","Blue",17,3,7,9,0,17557,7,18193,209,64,3822,2980,18,2,2,1,0,13735,6,15213,224,24,0,-1,1,5,8,-15,40,1
"1653","Red","Blue","Neither","Red",14,2,4,4,0,14439,6.6,16198,196,41,-2975,-2024,39,1,8,10,0,17414,7,18222,235,40,0,-25,1,-4,-6,-39,1,-0.4
"1654","Blue","Blue","Neither","Blue",41,1,12,18,0,18567,7,18176,227,40,1526,472,17,1,5,7,0,17041,6.8,17704,203,56,0,24,0,7,11,24,-16,0.2
"1655","Blue","Blue","Neither","Blue",17,3,9,9,0,17079,7,17962,229,44,3916,2599,16,0,1,0,0,13163,6.6,15363,191,44,0,1,3,8,9,38,0,0.4
"1656","Blue","Blue","Blue","Blue",13,1,6,2,3,21051,7.4,20745,276,70,8776,8348,14,1,1,1,0,12275,5.4,12397,176,20,3,-1,0,5,1,100,50,2
"1657","Red","Red","Red","Red",14,2,8,4,0,15229,6.4,16071,213,4,-4493,-3830,13,2,10,10,1,19722,7.4,19901,218,68,-1,1,0,-2,-6,-5,-64,-1
"1658","Blue","Blue","Red","Blue",14,3,5,3,0,16490,7,18411,214,55,1018,-1023,13,0,4,2,0,15472,7.2,19434,204,64,0,1,3,1,1,10,-9,-0.2
"1659","Blue","Red","Neither","Blue",14,2,8,7,0,17047,7,17601,200,47,-97,165,16,3,9,6,0,17144,6.8,17436,198,48,0,-2,-1,-1,1,2,-1,0.2
"1660","Red","Neither","Red","Red",43,0,4,4,0,14844,7,17089,187,51,-933,-636,18,2,6,6,0,15777,7,17725,217,31,0,25,-2,-2,-2,-30,20,0
"1661","Red","Neither","Red","Red",17,2,8,10,0,16382,7.2,18090,206,37,-4322,-1588,16,1,10,8,1,20704,7.2,19678,244,60,-1,1,1,-2,2,-38,-23,0
"1662","Blue","Neither","Neither","Red",24,2,7,11,0,18113,7.2,19187,231,49,1350,524,16,5,4,6,0,16763,7,18663,262,65,0,8,-3,3,5,-31,-16,0.2
"1663","Red","Red","Neither","Red",33,1,1,0,0,13933,6.6,16583,194,51,-5490,-2476,18,2,9,8,1,19423,7.2,19059,225,52,-1,15,-1,-8,-8,-31,-1,-0.600000000000001
"1664","Red","Blue","Neither","Red",19,2,8,9,0,16352,6.8,17749,214,36,-730,58,11,6,8,10,0,17082,7,17691,191,50,0,8,-4,0,-1,23,-14,-0.2
"1665","Blue","Red","Neither","Blue",12,2,2,0,0,15098,7,19226,239,64,-631,337,23,2,2,2,0,15729,7.2,18889,258,76,0,-11,0,0,-2,-19,-12,-0.2
"1666","Red","Red","Blue","Blue",35,3,5,4,0,16384,7.4,18938,244,50,-183,254,16,5,4,3,0,16567,7,18684,243,60,0,19,-2,1,1,1,-10,0.4
"1667","Red","Red","Blue","Blue",18,3,7,9,0,17132,6.6,16777,198,56,-2250,-1591,17,5,11,17,0,19382,7,18368,196,52,0,1,-2,-4,-8,2,4,-0.4
"1668","Red","Blue","Neither","Blue",19,7,5,6,0,16116,6.8,18086,249,60,493,-699,43,5,3,3,0,15623,7.2,18785,250,48,0,-24,2,2,3,-1,12,-0.4
"1669","Red","Red","Neither","Blue",18,5,7,11,0,17201,7,18871,230,49,-211,-626,16,2,7,10,0,17412,7.2,19497,222,68,0,2,3,0,1,8,-19,-0.2
"1670","Blue","Neither","Neither","Red",18,0,3,4,0,15224,7,18728,228,49,-1611,97,40,5,6,11,0,16835,7.2,18631,247,44,0,-22,-5,-3,-7,-19,5,-0.2
"1671","Red","Red","Neither","Red",16,2,6,3,0,15334,6.4,16172,203,44,-1343,-768,21,3,8,5,0,16677,6.6,16940,204,36,0,-5,-1,-2,-2,-1,8,-0.199999999999999
"1672","Blue","Blue","Blue","Blue",18,3,12,17,1,21016,7.4,20144,272,59,5512,3244,50,1,3,6,0,15504,6.6,16900,212,56,1,-32,2,9,11,60,3,0.800000000000001
"1673","Red","Red","Neither","Red",15,4,7,9,0,15812,6.8,17646,186,47,-3590,-1683,17,1,13,10,0,19402,7.2,19329,216,52,0,-2,3,-6,-1,-30,-5,-0.4
"1674","Blue","Neither","Blue","Blue",19,3,5,10,0,15447,6.2,15691,194,44,-406,-1748,16,1,5,6,0,15853,7,17439,219,50,0,3,2,0,4,-25,-6,-0.8
"1675","Red","Red","Neither","Blue",15,0,5,6,0,15812,6.6,16319,209,56,-2150,-1215,13,3,11,18,0,17962,6.8,17534,175,66,0,2,-3,-6,-12,34,-10,-0.2
"1676","Red","Blue","Neither","Red",17,1,1,1,0,14301,6.8,17056,214,45,-679,-1331,13,4,5,2,0,14980,7,18387,216,43,0,4,-3,-4,-1,-2,2,-0.2
"1677","Blue","Neither","Blue","Red",12,1,2,1,0,14749,6.6,16489,204,51,-3114,-2569,19,0,10,5,0,17863,7.2,19058,224,47,0,-7,1,-8,-4,-20,4,-0.600000000000001
"1678","Blue","Red","Neither","Red",39,1,7,6,0,17605,7.4,19964,254,64,1564,668,17,2,6,3,0,16041,7.2,19296,214,44,0,22,-1,1,3,40,20,0.2
"1679","Red","Blue","Neither","Red",53,5,5,5,0,15535,6.8,17403,207,53,-4205,-1540,20,4,9,10,1,19740,7.4,18943,251,44,-1,33,1,-4,-5,-44,9,-0.600000000000001
"1680","Blue","Neither","Neither","Blue",46,3,11,13,0,18761,7.2,19378,230,62,4172,1918,14,2,1,1,0,14589,6.8,17460,259,47,0,32,1,10,12,-29,15,0.4
"1681","Blue","Blue","Neither","Blue",15,0,8,5,0,16855,6.4,16841,216,44,-2672,-2811,13,3,12,19,0,19527,7.4,19652,204,65,0,2,-3,-4,-14,12,-21,-1
"1682","Blue","Blue","Neither","Blue",11,1,18,15,0,21352,7.6,20771,224,59,4287,3938,13,0,10,11,0,17065,6.8,16833,135,35,0,-2,1,8,4,89,24,0.8
"1683","Red","Blue","Neither","Blue",15,3,5,7,0,15990,7.2,18712,221,54,811,881,16,2,1,1,0,15179,7,17831,235,65,0,-1,1,4,6,-14,-11,0.2
"1684","Blue","Blue","Red","Blue",12,1,5,3,0,15015,6.4,16819,184,47,-585,-809,17,2,4,2,0,15600,6.8,17628,248,52,0,-5,-1,1,1,-64,-5,-0.399999999999999
"1685","Red","Red","Blue","Red",14,2,5,3,0,15432,6.6,16542,223,24,-1042,-2030,20,1,6,8,0,16474,7,18572,221,64,0,-6,1,-1,-5,2,-40,-0.4
"1686","Red","Red","Neither","Red",13,7,4,4,0,15404,7,18235,236,51,163,1490,18,3,3,3,0,15241,6.8,16745,238,43,0,-5,4,1,1,-2,8,0.2
"1687","Red","Blue","Neither","Blue",41,3,5,5,0,16224,7.2,18401,233,52,1697,1110,15,3,1,1,0,14527,6.6,17291,238,60,0,26,0,4,4,-5,-8,0.600000000000001
"1688","Red","Blue","Red","Blue",12,2,10,15,0,17437,7,17146,177,57,1059,180,121,1,7,5,0,16378,6.8,16966,186,55,0,-109,1,3,10,-9,2,0.2
"1689","Red","Red","Blue","Blue",16,4,6,5,0,17783,7.6,19374,236,72,1498,149,13,3,6,7,0,16285,7.4,19225,213,61,0,3,1,0,-2,23,11,0.199999999999999
"1690","Blue","Red","Neither","Red",15,2,8,5,0,17618,7.2,19023,227,41,457,692,17,1,8,5,0,17161,7,18331,225,49,0,-2,1,0,0,2,-8,0.2
"1691","Blue","Blue","Neither","Red",16,5,9,16,0,18984,7.4,20083,254,54,4620,2871,16,2,2,3,0,14364,6.6,17212,171,59,0,0,3,7,13,83,-5,0.800000000000001
"1692","Blue","Blue","Neither","Blue",11,2,11,8,0,18104,6.8,17404,205,40,1117,-637,17,0,10,6,0,16987,6.8,18041,168,41,0,-6,2,1,2,37,-1,0
"1693","Blue","Red","Neither","Blue",18,3,5,2,0,17250,7,19462,251,68,929,1352,13,3,6,9,0,16321,7.2,18110,211,44,0,5,0,-1,-7,40,24,-0.2
"1694","Red","Blue","Blue","Red",15,11,5,7,0,16222,7,18814,243,56,459,1309,42,1,4,1,0,15763,7,17505,234,51,0,-27,10,1,6,9,5,0
"1695","Red","Red","Neither","Red",27,4,3,2,0,15179,7,17994,238,47,-2537,-1603,16,3,8,6,0,17716,7.2,19597,216,64,0,11,1,-5,-4,22,-17,-0.2
"1696","Red","Red","Neither","Blue",14,1,3,2,0,13896,5.6,13354,197,20,-4882,-4505,52,1,13,18,0,18778,6.8,17859,204,57,0,-38,0,-10,-16,-7,-37,-1.2
"1697","Red","Neither","Red","Red",15,4,8,11,0,17911,6.8,17981,218,40,1014,688,15,3,8,12,0,16897,6.6,17293,191,47,0,0,1,0,-1,27,-7,0.2
"1698","Blue","Neither","Neither","Red",14,3,11,10,0,18582,7,18818,217,39,3039,2255,14,4,5,8,0,15543,6.6,16563,203,28,0,0,-1,6,2,14,11,0.4
"1699","Blue","Blue","Blue","Blue",111,4,13,18,0,19099,6.8,17642,207,30,650,511,27,5,10,8,0,18449,6.6,17131,204,52,0,84,-1,3,10,3,-22,0.2
"1700","Blue","Red","Blue","Blue",41,1,6,8,0,15879,6.8,17163,187,48,-905,-709,34,1,9,10,0,16784,7,17872,183,53,0,7,0,-3,-2,4,-5,-0.2
"1701","Blue","Red","Neither","Red",17,0,9,4,0,17354,6.8,18013,239,32,966,969,15,5,7,4,0,16388,6.8,17044,208,39,0,2,-5,2,0,31,-7,0
"1702","Red","Neither","Blue","Blue",25,1,6,9,1,16760,6.6,16615,186,40,-429,-1821,13,3,8,10,0,17189,7.2,18436,242,43,1,12,-2,-2,-1,-56,-3,-0.600000000000001
"1703","Blue","Blue","Blue","Blue",38,1,7,8,0,16839,6.6,17206,209,53,1211,355,8,18,5,9,0,15628,6.8,16851,191,51,0,30,-17,2,-1,18,2,-0.2
"1704","Red","Blue","Neither","Blue",11,2,6,6,0,16186,7,18472,225,43,53,-114,12,0,5,5,0,16133,6.8,18586,205,56,0,-1,2,1,1,20,-13,0.2
"1705","Red","Blue","Neither","Blue",34,1,9,10,0,16915,7,17888,198,55,649,-103,12,2,5,5,0,16266,6.8,17991,197,60,0,22,-1,4,5,1,-5,0.2
"1706","Red","Red","Neither","Red",20,1,9,7,1,17951,6.2,16342,207,30,-135,-1288,14,6,11,11,0,18086,6.6,17630,190,45,1,6,-5,-2,-4,17,-15,-0.399999999999999
"1707","Blue","Blue","Red","Blue",33,3,8,7,0,17722,7.2,18555,224,43,1137,-609,53,4,7,6,0,16585,7.2,19164,225,47,0,-20,-1,1,1,-1,-4,0
"1708","Blue","Blue","Neither","Blue",19,2,9,9,0,18381,7,19201,249,56,3951,2490,17,4,1,0,0,14430,6.6,16711,214,60,0,2,-2,8,9,35,-4,0.4
"1709","Red","Red","Neither","Red",13,2,5,5,0,16084,6.8,17317,219,46,-859,-2114,17,1,6,5,0,16943,7.4,19431,244,60,0,-4,1,-1,0,-25,-14,-0.600000000000001
"1710","Red","Red","Neither","Red",19,5,2,0,0,15054,7.2,18364,239,60,-962,612,18,7,6,6,0,16016,6.8,17752,233,44,0,1,-2,-4,-6,6,16,0.4
"1711","Blue","Neither","Neither","Blue",53,3,12,17,0,17838,6.8,17217,194,42,2554,1453,18,3,5,5,0,15284,6.4,15764,215,41,0,35,0,7,12,-21,1,0.399999999999999
"1712","Red","Red","Neither","Blue",16,4,8,8,0,17415,6.8,18304,239,48,1158,-618,17,3,7,4,0,16257,7.2,18922,184,84,0,-1,1,1,4,55,-36,-0.4
"1713","Red","Blue","Red","Red",19,6,3,3,0,15025,6.6,17533,234,44,-2963,-1630,59,3,6,6,0,17988,7.2,19163,252,56,0,-40,3,-3,-3,-18,-12,-0.600000000000001
"1714","Red","Neither","Red","Red",18,0,4,4,0,15362,6.2,15828,206,48,-1894,-2184,13,2,7,4,1,17256,7,18012,196,52,-1,5,-2,-3,0,10,-4,-0.8
"1715","Red","Red","Neither","Red",10,3,4,1,0,15038,6.8,17152,230,52,-1535,-716,16,1,7,8,0,16573,6.8,17868,215,60,0,-6,2,-3,-7,15,-8,0
"1716","Blue","Neither","Neither","Red",14,2,8,11,0,17726,7.2,18294,218,50,1654,1097,10,4,4,5,0,16072,6.8,17197,219,48,0,4,-2,4,6,-1,2,0.4
"1717","Red","Blue","Blue","Red",11,1,3,3,0,15685,7,18609,232,58,-516,266,14,1,6,8,0,16201,6.8,18343,208,45,0,-3,0,-3,-5,24,13,0.2
"1718","Blue","Red","Blue","Blue",13,5,6,7,0,17530,7.2,19895,221,68,2577,2592,17,2,4,3,0,14953,6.8,17303,196,46,0,-4,3,2,4,25,22,0.4
"1719","Red","Neither","Red","Blue",15,1,6,10,0,16260,6.8,17516,205,59,-402,-520,18,2,6,7,0,16662,7,18036,219,51,0,-3,-1,0,3,-14,8,-0.2
"1720","Red","Red","Neither","Red",17,5,5,5,0,15668,6.8,16531,183,60,-4404,-3165,17,2,10,9,0,20072,7.2,19696,256,48,0,0,3,-5,-4,-73,12,-0.4
"1721","Red","Neither","Blue","Red",35,1,7,7,0,16511,7.2,18667,209,43,-2922,-1424,12,0,10,13,0,19433,7.4,20091,212,72,0,23,1,-3,-6,-3,-29,-0.2
"1722","Blue","Blue","Neither","Blue",16,6,8,13,0,16965,6.8,17225,200,44,-659,-701,17,7,11,15,0,17624,6.8,17926,220,44,0,-1,-1,-3,-2,-20,0,0
"1723","Red","Neither","Neither","Blue",14,4,11,17,0,18212,7,18286,201,47,1924,1938,14,3,6,5,0,16288,6.6,16348,212,52,0,0,1,5,12,-11,-5,0.4
"1724","Red","Red","Red","Red",58,3,4,2,0,15042,7,17849,207,55,-2075,-738,20,12,7,5,0,17117,7,18587,236,40,0,38,-9,-3,-3,-29,15,0
"1725","Red","Neither","Neither","Blue",16,0,4,2,0,15661,6.8,17735,235,38,-1055,-1236,12,5,6,8,0,16716,7.2,18971,222,52,0,4,-5,-2,-6,13,-14,-0.4
"1726","Blue","Neither","Blue","Blue",16,2,10,11,0,17986,7,18856,218,50,3239,2494,12,3,3,4,0,14747,6.6,16362,198,53,0,4,-1,7,7,20,-3,0.4
"1727","Red","Red","Blue","Red",14,4,0,0,0,13776,6.8,16664,218,60,-2765,-2677,19,3,5,6,0,16541,7.2,19341,256,53,0,-5,1,-5,-6,-38,7,-0.4
"1728","Red","Red","Neither","Red",17,4,7,6,0,15330,6.2,15016,186,24,-1183,-1425,19,3,8,10,0,16513,6.6,16441,199,37,0,-2,1,-1,-4,-13,-13,-0.399999999999999
"1729","Red","Red","Neither","Blue",13,1,4,0,0,14727,7,17726,197,52,-1012,-1528,14,2,4,7,0,15739,7.2,19254,238,56,0,-1,-1,0,-7,-41,-4,-0.2
"1730","Blue","Blue","Neither","Blue",14,2,7,8,0,17651,6.8,18454,229,60,3245,307,16,2,4,3,0,14406,6.8,18147,179,52,0,-2,0,3,5,50,8,0
"1731","Red","Red","Neither","Blue",18,4,5,10,0,15496,6.6,16654,184,47,-157,-269,17,3,3,4,0,15653,6.6,16923,229,55,0,1,1,2,6,-45,-8,0
"1732","Blue","Blue","Neither","Blue",42,2,9,10,0,18395,7.4,19262,242,45,2862,1862,17,3,6,4,0,15533,6.8,17400,200,40,0,25,-1,3,6,42,5,0.600000000000001
"1733","Blue","Blue","Neither","Blue",14,3,7,8,0,16866,6.8,17217,220,27,789,-1212,12,1,4,5,0,16077,6.8,18429,224,52,0,2,2,3,3,-4,-25,0
"1734","Red","Red","Neither","Red",13,2,7,12,0,16449,7,18091,211,39,-986,-484,10,3,7,13,0,17435,7.2,18575,238,53,0,3,-1,0,-1,-27,-14,-0.2
"1735","Blue","Blue","Neither","Red",17,1,5,4,0,16142,7,18926,218,58,-812,-202,15,2,8,2,0,16954,7.2,19128,233,48,0,2,-1,-3,2,-15,10,-0.2
"1736","Red","Red","Neither","Blue",15,4,4,2,0,15099,6.6,17573,205,52,-3196,-3217,13,6,7,10,0,18295,7.4,20790,226,71,0,2,-2,-3,-8,-21,-19,-0.800000000000001
"1737","Blue","Blue","Neither","Blue",14,1,9,7,0,18044,7.2,18900,207,69,738,1289,11,1,8,11,0,17306,6.8,17611,188,41,0,3,0,1,-4,19,28,0.4
"1738","Blue","Neither","Neither","Blue",15,2,5,6,0,16248,7.2,18554,251,40,1144,464,13,3,5,5,0,15104,7,18090,199,56,0,2,-1,0,1,52,-16,0.2
"1739","Blue","Blue","Red","Red",13,4,5,5,0,15182,7,17949,205,44,246,759,20,1,2,2,0,14936,7,17190,230,56,0,-7,3,3,3,-25,-12,0
"1740","Red","Red","Neither","Red",42,1,6,5,0,15651,6.8,17769,195,44,-919,-483,16,2,6,5,0,16570,7,18252,203,68,0,26,-1,0,0,-8,-24,-0.2
"1741","Blue","Blue","Blue","Blue",15,2,5,1,0,15917,7,18370,211,64,805,691,13,3,4,4,0,15112,6.8,17679,187,60,0,2,-1,1,-3,24,4,0.2
"1742","Red","Red","Neither","Red",38,4,2,2,0,13889,6.8,16733,193,57,-1656,-453,13,3,5,8,0,15545,6.6,17186,229,44,0,25,1,-3,-6,-36,13,0.2
"1743","Red","Red","Neither","Blue",44,9,7,5,0,16858,7,18305,241,44,1153,930,25,13,5,11,0,15705,7,17375,211,46,0,19,-4,2,-6,30,-2,0
"1744","Blue","Red","Neither","Blue",14,1,9,17,0,18119,6.4,16050,204,38,740,-692,18,2,8,18,0,17379,6.8,16742,210,36,0,-4,-1,1,-1,-6,2,-0.399999999999999
"1745","Red","Red","Neither","Blue",56,3,8,9,0,17352,6.8,17199,207,46,2841,858,14,0,2,4,0,14511,6.6,16341,198,69,0,42,3,6,5,9,-23,0.2
"1746","Red","Neither","Neither","Red",13,3,11,15,0,17924,6.6,16556,219,35,449,-260,16,3,9,10,0,17475,6.8,16816,182,44,0,-3,0,2,5,37,-9,-0.2
"1747","Red","Red","Neither","Blue",14,5,3,2,0,14490,6.8,17534,226,37,-1759,-2019,41,3,4,1,0,16249,7.2,19553,247,58,0,-27,2,-1,1,-21,-21,-0.4
"1748","Red","Red","Neither","Red",14,9,6,10,0,16172,6.8,18147,189,60,-1257,333,19,4,8,11,0,17429,7,17814,226,36,0,-5,5,-2,-1,-37,24,-0.2
"1749","Red","Neither","Red","Red",15,1,1,1,0,14555,6.8,17217,239,48,-1824,-613,19,3,6,6,0,16379,7,17830,204,55,0,-4,-2,-5,-5,35,-7,-0.2
"1750","Red","Red","Neither","Red",15,6,6,6,0,15355,7.2,17702,197,51,-843,147,25,1,5,7,0,16198,7,17555,223,55,0,-10,5,1,-1,-26,-4,0.2
"1751","Red","Blue","Neither","Blue",17,4,4,3,0,14395,6.4,16209,175,45,-2618,-1567,19,1,8,11,0,17013,7,17776,213,50,0,-2,3,-4,-8,-38,-5,-0.6
"1752","Red","Blue","Neither","Blue",14,3,6,7,0,16630,7,18540,225,48,253,-453,15,3,6,3,0,16377,7,18993,213,56,0,-1,0,0,4,12,-8,0
"1753","Red","Neither","Neither","Red",30,3,8,9,0,16984,7.2,18842,225,60,1229,1913,15,2,5,3,0,15755,6.8,16929,214,36,0,15,1,3,6,11,24,0.4
"1754","Red","Blue","Neither","Red",13,2,7,9,0,16675,7,17477,205,30,-938,-1180,19,0,9,12,0,17613,7.2,18657,199,67,0,-6,2,-2,-3,6,-37,-0.2
"1755","Red","Neither","Red","Red",45,6,7,6,0,16258,7,18355,207,43,-487,764,17,3,4,4,1,16745,6.6,17591,207,61,-1,28,3,3,2,0,-18,0.4
"1756","Red","Red","Neither","Red",14,0,3,3,0,15571,7.2,18029,212,60,-1431,-648,15,1,7,9,0,17002,7,18677,241,51,0,-1,-1,-4,-6,-29,9,0.2
"1757","Blue","Blue","Neither","Blue",12,5,12,13,0,19740,7.4,19505,228,68,4498,4087,21,1,5,6,0,15242,6.2,15418,183,40,0,-9,4,7,7,45,28,1.2
"1758","Blue","Blue","Neither","Red",17,0,1,0,0,13749,6.2,16076,208,43,-3574,-3171,25,3,7,9,0,17323,7.2,19247,222,67,0,-8,-3,-6,-9,-14,-24,-1
"1759","Blue","Blue","Blue","Blue",18,4,4,3,0,16231,7.2,18511,271,52,693,-204,15,4,1,1,0,15538,7.2,18715,245,59,0,3,0,3,2,26,-7,0
"1760","Blue","Red","Neither","Red",11,0,6,5,0,15736,7,17285,188,45,-915,3,19,1,7,4,0,16651,7,17282,199,59,0,-8,-1,-1,1,-11,-14,0
"1761","Red","Red","Red","Red",18,1,6,8,0,17099,7.2,19019,222,69,1847,1663,16,0,3,5,0,15252,6.8,17356,210,70,0,2,1,3,3,12,-1,0.4
"1762","Blue","Neither","Neither","Blue",15,2,8,10,0,17620,6.8,17878,236,41,2978,-438,16,4,2,4,0,14642,7.2,18316,180,67,0,-1,-2,6,6,56,-26,-0.4
"1763","Blue","Neither","Neither","Red",18,1,5,6,0,16250,6.6,17489,231,48,1245,1084,15,3,4,5,0,15005,6.6,16405,216,52,0,3,-2,1,1,15,-4,0
"1764","Red","Blue","Red","Red",14,2,8,11,0,17136,7,17495,207,54,-1632,562,13,4,10,17,1,18768,6.8,16933,173,32,-1,1,-2,-2,-6,34,22,0.2
"1765","Blue","Blue","Neither","Blue",11,4,13,10,3,22228,7.2,18219,234,54,8657,7609,11,1,7,9,0,13571,4.8,10610,107,29,3,0,3,6,1,127,25,2.4
"1766","Blue","Red","Neither","Blue",15,0,9,15,0,18847,7,19097,218,68,2197,233,15,2,6,8,0,16650,7.4,18864,236,44,0,0,-2,3,7,-18,24,-0.4
"1767","Red","Neither","Neither","Red",5,0,2,2,0,13462,5.4,12212,130,42,-9152,-8290,17,1,15,12,1,22614,7.4,20502,247,80,-1,-12,-1,-13,-10,-117,-38,-2
"1768","Red","Red","Neither","Red",15,3,7,7,0,16364,7.2,18941,239,28,687,-291,48,5,4,7,0,15677,7.2,19232,232,62,0,-33,-2,3,0,7,-34,0
"1769","Blue","Red","Neither","Red",15,2,6,9,0,17279,6.8,17886,233,36,220,-740,14,1,8,10,0,17059,7.2,18626,211,56,0,1,1,-2,-1,22,-20,-0.4
"1770","Blue","Neither","Neither","Blue",13,1,1,1,0,14654,6.8,16892,225,56,-96,-1063,16,1,2,1,0,14750,7,17955,240,40,0,-3,0,-1,0,-15,16,-0.2
"1771","Red","Red","Neither","Red",11,5,6,8,0,15211,6.4,16421,187,47,-3746,-3014,20,3,12,18,0,18957,7.2,19435,230,56,0,-9,2,-6,-10,-43,-9,-0.8
"1772","Blue","Blue","Neither","Blue",17,4,5,11,0,17076,7.4,19064,223,60,629,1496,18,2,6,11,0,16447,6.8,17568,215,33,0,-1,2,-1,0,8,27,0.600000000000001
"1773","Blue","Red","Blue","Red",12,4,1,2,0,14536,7,17837,214,63,-1476,-346,19,5,4,4,0,16012,7,18183,253,48,0,-7,-1,-3,-2,-39,15,0
"1774","Red","Blue","Neither","Red",14,0,7,7,0,17308,6.8,17903,198,59,-575,-1680,10,1,9,6,0,17883,7,19583,227,40,0,4,-1,-2,1,-29,19,-0.2
"1775","Red","Red","Blue","Blue",32,3,4,4,0,16203,6.8,17228,205,45,-635,-1525,17,1,6,8,0,16838,7.2,18753,206,61,0,15,2,-2,-4,-1,-16,-0.4
"1776","Blue","Blue","Neither","Blue",20,3,6,4,0,16130,6.8,17004,235,36,149,447,15,7,5,3,0,15981,6.6,16557,241,40,0,5,-4,1,1,-6,-4,0.2
"1777","Red","Red","Blue","Blue",16,2,2,3,0,15739,7,16738,223,46,657,-1141,15,1,4,5,0,15082,6.8,17879,199,60,0,1,1,-2,-2,24,-14,0.2
"1778","Red","Red","Neither","Red",13,2,9,13,0,17498,7.2,18569,228,43,-958,264,12,1,11,18,0,18456,7.2,18305,200,45,0,1,1,-2,-5,28,-2,0
"1779","Blue","Red","Neither","Red",19,3,6,3,0,14947,6.6,16859,165,63,-2922,-2165,12,6,9,6,0,17869,7.2,19024,239,44,0,7,-3,-3,-3,-74,19,-0.600000000000001
"1780","Red","Red","Neither","Red",17,3,3,3,0,14893,6.4,16350,217,48,-3410,-3134,15,5,11,13,0,18303,7.4,19484,240,32,0,2,-2,-8,-10,-23,16,-1
"1781","Blue","Neither","Blue","Red",11,0,11,11,0,18817,7,17845,192,54,311,559,16,1,8,6,1,18506,6.8,17286,228,36,-1,-5,-1,3,5,-36,18,0.2
"1782","Blue","Red","Blue","Blue",16,2,9,10,0,17704,7,18715,197,64,1792,1373,14,1,6,2,0,15912,6.6,17342,205,48,0,2,1,3,8,-8,16,0.4
"1783","Red","Red","Blue","Red",16,2,1,1,1,15717,6.6,16927,241,52,-856,-2269,70,5,6,11,0,16573,7.2,19196,245,42,1,-54,-3,-5,-10,-4,10,-0.600000000000001
"1784","Blue","Blue","Neither","Blue",26,1,10,9,0,17252,7,18227,212,40,1154,999,15,1,6,5,0,16098,7,17228,220,42,0,11,0,4,4,-8,-2,0
"1785","Red","Red","Neither","Red",14,2,3,3,0,14794,6.8,17179,185,50,-2124,-1109,10,2,7,7,0,16918,7,18288,217,68,0,4,0,-4,-4,-32,-18,-0.2
"1786","Red","Red","Neither","Red",13,1,3,5,0,14751,6.8,17562,217,39,-982,36,13,1,4,6,0,15733,6.8,17526,210,72,0,0,0,-1,-1,7,-33,0
"1787","Blue","Blue","Neither","Blue",19,2,2,2,0,15430,7,18761,246,71,467,-298,11,0,2,2,0,14963,7,19059,236,64,0,8,2,0,0,10,7,0
"1788","Red","Red","Red","Red",17,0,1,0,0,14266,6.8,17850,222,56,-3389,-1855,39,3,7,9,0,17655,7.4,19705,231,76,0,-22,-3,-6,-9,-9,-20,-0.600000000000001
"1789","Red","Blue","Blue","Blue",37,3,6,4,0,16168,6.8,17184,204,36,-1003,-491,21,1,8,7,0,17171,6.8,17675,220,59,0,16,2,-2,-3,-16,-23,0
"1790","Blue","Blue","Neither","Blue",102,2,6,3,0,17303,7,18417,224,52,572,417,13,12,7,7,0,16731,7,18000,205,60,0,89,-10,-1,-4,19,-8,0
"1791","Red","Blue","Neither","Red",15,6,6,7,0,16111,6.8,17170,204,48,-1556,-1808,15,2,8,5,0,17667,7.2,18978,241,40,0,0,4,-2,2,-37,8,-0.4
"1792","Blue","Neither","Neither","Red",16,1,8,10,0,18029,7.2,18791,199,53,2323,1699,15,2,6,5,0,15706,6.8,17092,192,38,0,1,-1,2,5,7,15,0.4
"1793","Red","Red","Neither","Blue",37,2,7,7,0,16695,7.2,18868,222,49,1486,1605,17,3,4,3,0,15209,6.8,17263,229,44,0,20,-1,3,4,-7,5,0.4
"1794","Blue","Neither","Blue","Blue",16,2,8,7,0,17755,7.2,19720,228,48,3755,2662,14,1,2,3,0,14000,6.6,17058,183,51,0,2,1,6,4,45,-3,0.600000000000001
"1795","Red","Blue","Neither","Red",18,3,8,12,0,17388,6.6,16792,214,40,1327,-741,17,4,8,6,0,16061,6.6,17533,190,47,0,1,-1,0,6,24,-7,0
"1796","Blue","Blue","Blue","Blue",16,1,6,7,0,16874,7.2,19010,260,51,2929,2507,16,2,0,0,0,13945,6.6,16503,239,52,0,0,-1,6,7,21,-1,0.600000000000001
"1797","Red","Neither","Red","Blue",12,1,3,3,0,15591,7,17801,239,42,536,-18,12,1,2,2,0,15055,7,17819,234,50,0,0,0,1,1,5,-8,0
"1798","Blue","Blue","Red","Blue",20,5,8,12,0,17562,7,17702,237,43,3575,1394,42,2,3,1,0,13987,6.6,16308,176,45,0,-22,3,5,11,61,-2,0.4
"1799","Blue","Blue","Neither","Blue",21,5,12,16,0,19628,7.2,18889,229,38,4801,2127,21,3,4,4,0,14827,6.8,16762,198,60,0,0,2,8,12,31,-22,0.4
"1800","Red","Red","Neither","Red",16,2,5,5,0,15871,6.6,16751,202,41,-2201,-2344,39,2,12,9,0,18072,7.2,19095,221,28,0,-23,0,-7,-4,-19,13,-0.600000000000001
"1801","Red","Red","Neither","Blue",15,3,9,8,0,17792,7,18238,222,45,2785,1671,16,2,5,1,0,15007,6.6,16567,204,53,0,-1,1,4,7,18,-8,0.4
"1802","Red","Neither","Blue","Blue",128,5,7,8,0,16168,6.8,16435,193,44,-692,-736,38,3,8,6,0,16860,6.8,17171,207,58,0,90,2,-1,2,-14,-14,0
"1803","Blue","Blue","Neither","Red",16,3,4,3,0,15786,6.6,17495,217,55,-4406,-2504,20,5,11,15,1,20192,7.2,19999,233,68,-1,-4,-2,-7,-12,-16,-13,-0.600000000000001
"1804","Blue","Blue","Blue","Red",21,0,8,6,0,17889,7.2,19337,235,60,1792,1300,11,4,8,7,0,16097,7,18037,180,48,0,10,-4,0,-1,55,12,0.2
"1805","Red","Red","Blue","Red",51,1,2,3,0,13612,6.4,15504,181,48,-6717,-4767,14,5,14,17,0,20329,7.6,20271,226,56,0,37,-4,-12,-14,-45,-8,-1.2
"1806","Red","Red","Red","Blue",21,1,5,4,0,16218,6.8,16863,204,52,-193,-634,18,2,7,10,0,16411,6.8,17497,202,48,0,3,-1,-2,-6,2,4,0
"1807","Blue","Red","Neither","Red",15,3,8,6,0,18188,7.4,20313,252,76,1667,3434,17,4,6,8,0,16521,6.4,16879,188,51,0,-2,-1,2,-2,64,25,1
"1808","Red","Blue","Red","Blue",14,2,5,5,0,15786,6.6,16737,219,44,-1860,-2194,12,2,8,11,0,17646,7.2,18931,231,44,0,2,0,-3,-6,-12,0,-0.600000000000001
"1809","Red","Blue","Neither","Blue",18,2,1,1,0,14419,6.2,16385,235,50,-3324,-3139,15,5,7,7,0,17743,7.4,19524,246,60,0,3,-3,-6,-6,-11,-10,-1.2
"1810","Red","Red","Neither","Blue",12,4,7,10,0,16575,6.8,17151,194,46,-1655,-1744,16,1,11,7,0,18230,7.2,18895,208,52,0,-4,3,-4,3,-14,-6,-0.4
"1811","Red","Red","Red","Red",21,1,5,4,0,15068,6.8,17487,203,45,-321,272,17,5,5,5,0,15389,6.6,17215,211,45,0,4,-4,0,-1,-8,0,0.2
"1812","Blue","Blue","Red","Blue",15,5,10,9,0,19225,7.4,20071,253,43,4947,2051,16,2,1,1,0,14278,6.8,18020,200,49,0,-1,3,9,8,53,-6,0.600000000000001
"1813","Blue","Neither","Neither","Blue",41,1,10,10,0,18688,7.2,18613,218,47,3424,3153,15,2,6,7,0,15264,6.2,15460,170,40,0,26,-1,4,3,48,7,1
"1814","Blue","Blue","Neither","Blue",15,5,10,10,0,18650,7.2,18563,236,44,3028,1818,17,2,5,4,0,15622,6.8,16745,216,36,0,-2,3,5,6,20,8,0.4
"1815","Red","Blue","Blue","Blue",17,3,3,3,0,15207,7,18559,234,54,-211,843,19,4,2,4,0,15418,7,17716,211,48,0,-2,-1,1,-1,23,6,0
"1816","Blue","Blue","Neither","Blue",16,5,11,8,0,17522,7,18787,204,44,2123,1612,37,2,5,3,0,15399,7,17175,194,52,0,-21,3,6,5,10,-8,0
"1817","Red","Red","Neither","Red",90,3,12,13,0,18131,7,17297,193,40,1025,439,25,2,9,13,0,17106,6.8,16858,213,40,0,65,1,3,0,-20,0,0.2
"1818","Blue","Red","Blue","Red",74,3,10,9,0,18209,7.2,18851,209,50,2343,2878,17,3,7,8,0,15866,6.4,15973,170,54,0,57,0,3,1,39,-4,0.8
"1819","Red","Neither","Neither","Red",15,3,5,4,0,16162,7,18589,230,55,-565,738,56,4,7,12,0,16727,7,17851,234,44,0,-41,-1,-2,-8,-4,11,0
"1820","Blue","Red","Red","Blue",16,5,7,4,0,16805,7,18285,229,55,-1785,-1131,19,2,10,12,0,18590,7.4,19416,248,56,0,-3,3,-3,-8,-19,-1,-0.4
"1821","Blue","Neither","Blue","Red",13,3,3,3,0,15742,7,18244,220,64,-873,-1792,16,4,6,6,0,16615,7.4,20036,215,62,0,-3,-1,-3,-3,5,2,-0.4
"1822","Blue","Neither","Neither","Blue",31,1,11,8,0,18649,7.2,19509,207,57,1641,1386,7,1,9,9,0,17008,7,18123,199,39,0,24,0,2,-1,8,18,0.2
"1823","Blue","Red","Blue","Red",17,4,4,4,1,16643,6.6,15836,202,51,-1111,-1185,15,3,12,15,1,17754,6.4,17021,188,40,0,2,1,-8,-11,14,11,0.199999999999999
"1824","Blue","Red","Neither","Red",14,3,5,6,0,16500,7,17896,238,60,-2390,-1796,20,4,9,11,0,18890,7.2,19692,240,49,0,-6,-1,-4,-5,-2,11,-0.2
"1825","Red","Blue","Red","Blue",31,3,7,8,0,16972,7,18412,221,51,1807,733,14,1,6,3,0,15165,7,17679,211,40,0,17,2,1,5,10,11,0
"1826","Red","Red","Neither","Blue",38,1,3,5,0,14496,6.4,16377,215,48,-5003,-4682,56,0,11,17,0,19499,7.6,21059,208,83,0,-18,1,-8,-12,7,-35,-1.2
"1827","Blue","Blue","Neither","Blue",13,4,7,5,0,16790,7.6,19460,241,62,651,1744,13,3,5,10,0,16139,6.8,17716,186,65,0,0,1,2,-5,55,-3,0.8
"1828","Blue","Blue","Neither","Red",17,18,3,5,0,15704,7.2,18700,240,74,928,955,63,1,3,1,0,14776,7,17745,232,45,0,-46,17,0,4,8,29,0.2
"1829","Blue","Blue","Neither","Blue",22,3,7,8,0,18285,7.4,20035,259,52,4649,3488,37,0,0,0,0,13636,6.4,16547,215,56,0,-15,3,7,8,44,-4,1
"1830","Red","Red","Red","Red",19,4,3,4,0,14414,6.4,16744,173,39,-4743,-2650,16,1,11,10,0,19157,7.4,19394,245,52,0,3,3,-8,-6,-72,-13,-1
"1831","Blue","Red","Red","Blue",15,2,3,3,0,16981,7.2,20082,269,64,1775,1652,60,3,1,2,0,15206,7,18430,256,72,0,-45,-1,2,1,13,-8,0.2
"1832","Blue","Blue","Neither","Blue",13,2,10,12,0,18516,7,19255,240,58,2019,674,105,1,6,8,0,16497,7.2,18581,214,49,0,-92,1,4,4,26,9,-0.2
"1833","Blue","Blue","Neither","Red",38,4,3,0,0,15594,7.4,20342,241,72,1402,2404,14,2,1,1,0,14192,6.8,17938,215,59,0,24,2,2,-1,26,13,0.600000000000001
"1834","Blue","Red","Neither","Blue",12,0,8,5,0,17259,7,18116,214,46,240,399,17,0,9,14,0,17019,6.8,17717,223,32,0,-5,0,-1,-9,-9,14,0.2
"1835","Blue","Red","Neither","Blue",16,2,10,9,0,17741,7,17857,208,48,2281,546,12,4,7,5,0,15460,6.8,17311,183,57,0,4,-2,3,4,25,-9,0.2
"1836","Blue","Blue","Blue","Blue",16,2,8,6,0,17867,7.2,19316,226,76,764,2490,16,3,7,6,0,17103,6.6,16826,178,59,0,0,-1,1,0,48,17,0.600000000000001
"1837","Blue","Neither","Neither","Blue",15,4,15,16,1,21462,6.8,18193,208,27,7579,4666,15,1,4,7,0,13883,5.8,13527,139,41,1,0,3,11,9,69,-14,1
"1838","Blue","Red","Red","Red",14,0,4,3,0,15548,6.8,17592,221,54,-112,398,14,1,4,3,0,15660,6.8,17194,232,63,0,0,-1,0,0,-11,-9,0
"1839","Blue","Blue","Neither","Red",16,1,8,8,0,17405,7.2,19297,229,46,1198,197,36,3,5,1,0,16207,7.2,19100,237,64,0,-20,-2,3,7,-8,-18,0
"1840","Blue","Blue","Blue","Red",15,3,9,12,0,17112,7,18205,204,52,2199,1291,14,0,5,9,0,14913,7,16914,197,36,0,1,3,4,3,7,16,0
"1841","Blue","Neither","Neither","Blue",18,2,8,9,0,17917,6.8,17609,239,33,2992,258,15,2,4,3,0,14925,6.8,17351,205,44,0,3,0,4,6,34,-11,0
"1842","Red","Neither","Neither","Blue",18,2,5,8,0,15465,6,14469,169,49,-4292,-4133,30,2,13,13,0,19757,7.2,18602,230,50,0,-12,0,-8,-5,-61,-1,-1.2
"1843","Red","Red","Neither","Blue",19,3,5,6,0,16020,6.8,17044,240,46,-1407,-1305,25,7,8,12,0,17427,7.2,18349,226,50,0,-6,-4,-3,-6,14,-4,-0.4
"1844","Blue","Neither","Neither","Blue",14,16,8,9,0,16708,7.2,18529,230,41,1860,1500,41,4,2,3,0,14848,6.6,17029,226,50,0,-27,12,6,6,4,-9,0.600000000000001
"1845","Red","Red","Neither","Red",15,1,3,3,0,14384,6.8,16893,206,38,-1554,-704,12,2,5,6,0,15938,7,17597,197,49,0,3,-1,-2,-3,9,-11,-0.2
"1846","Red","Neither","Neither","Red",14,3,11,10,0,18420,7.2,19093,225,46,-1004,-515,14,2,14,14,0,19424,7.2,19608,205,52,0,0,1,-3,-4,20,-6,0
"1847","Red","Red","Neither","Blue",24,2,3,3,0,14804,7,17782,223,52,258,-298,82,1,2,3,0,14546,7,18080,200,60,0,-58,1,1,0,23,-8,0
"1848","Blue","Red","Red","Blue",18,5,6,3,0,16279,7,18977,234,49,190,-57,18,6,5,6,0,16089,7.2,19034,218,68,0,0,-1,1,-3,16,-19,-0.2
"1849","Blue","Blue","Neither","Blue",18,4,15,16,1,21711,7.4,19183,247,48,7413,4895,20,2,4,5,0,14298,5.8,14288,136,51,1,-2,2,11,11,111,-3,1.6
"1850","Red","Neither","Blue","Blue",15,2,8,8,0,17124,6.4,16900,207,55,1315,63,17,3,6,6,0,15809,6.6,16837,209,33,0,-2,-1,2,2,-2,22,-0.199999999999999
"1851","Red","Neither","Neither","Blue",14,1,5,2,0,15895,7.2,18881,229,57,688,872,22,3,4,3,0,15207,7,18009,231,44,0,-8,-2,1,-1,-2,13,0.2
"1852","Red","Red","Blue","Blue",16,1,6,5,0,15960,6.8,17046,180,44,664,185,12,4,3,1,0,15296,6.6,16861,205,64,0,4,-3,3,4,-25,-20,0.2
"1853","Blue","Blue","Neither","Blue",46,3,10,6,0,17678,7.4,18832,189,76,1754,433,13,2,7,4,0,15924,6.8,18399,207,54,0,33,1,3,2,-18,22,0.600000000000001
"1854","Blue","Red","Neither","Blue",28,2,12,15,0,18193,6.6,16895,182,44,1083,554,18,3,7,8,0,17110,6.8,16341,225,47,0,10,-1,5,7,-43,-3,-0.2
"1855","Red","Blue","Neither","Red",11,3,2,1,0,14643,6.8,17019,230,56,-4728,-3668,28,4,11,14,0,19371,7.6,20687,236,64,0,-17,-1,-9,-13,-6,-8,-0.8
"1856","Blue","Blue","Red","Blue",34,3,8,9,0,16840,7.2,18289,185,74,1015,1543,79,3,5,7,0,15825,6.6,16746,195,38,0,-45,0,3,2,-10,36,0.600000000000001
"1857","Blue","Blue","Neither","Red",19,0,2,2,0,14707,7,18199,209,64,-410,-194,14,2,4,3,0,15117,7,18393,201,52,0,5,-2,-2,-1,8,12,0
"1858","Blue","Blue","Neither","Blue",21,2,4,1,0,14467,6.6,16468,222,33,-1663,-1174,18,3,7,5,0,16130,6.8,17642,186,36,0,3,-1,-3,-4,36,-3,-0.2
"1859","Blue","Neither","Neither","Blue",16,2,7,8,0,17633,6.6,17885,226,47,3373,2234,13,0,2,2,0,14260,6.6,15651,205,36,0,3,2,5,6,21,11,0
"1860","Red","Red","Neither","Blue",16,1,3,3,0,14837,6.6,15974,200,44,-1044,-2760,25,5,5,7,0,15881,7.2,18734,183,68,0,-9,-4,-2,-4,17,-24,-0.600000000000001
"1861","Red","Red","Neither","Red",15,2,4,6,0,15826,6.8,17438,235,57,-2803,-1709,15,3,11,12,0,18629,7,19147,238,38,0,0,-1,-7,-6,-3,19,-0.2
"1862","Blue","Blue","Blue","Blue",18,1,8,7,0,18357,7,19718,269,56,3346,3707,81,1,5,4,0,15011,6.6,16011,176,45,0,-63,0,3,3,93,11,0.4
"1863","Red","Red","Blue","Blue",17,5,7,6,0,16460,7,18260,241,51,1561,-87,17,4,4,0,0,14899,7.2,18347,197,77,0,0,1,3,6,44,-26,-0.2
"1864","Red","Red","Neither","Blue",18,0,7,6,0,16054,6.4,16044,176,40,-3304,-3201,12,1,14,8,0,19358,7.2,19245,170,58,0,6,-1,-7,-2,6,-18,-0.8
"1865","Red","Red","Neither","Red",11,2,3,1,0,13899,6.4,16444,202,36,-3238,-2465,14,4,6,7,0,17137,7.2,18909,261,45,0,-3,-2,-3,-6,-59,-9,-0.8
"1866","Blue","Blue","Blue","Red",16,9,3,6,0,15911,7,18170,231,63,-357,221,20,4,5,7,0,16268,7,17949,224,51,0,-4,5,-2,-1,7,12,0
"1867","Blue","Red","Neither","Blue",19,6,2,4,0,15215,6.8,18360,231,52,-714,233,25,3,4,6,0,15929,7,18127,208,60,0,-6,3,-2,-2,23,-8,-0.2
"1868","Blue","Red","Blue","Blue",18,3,9,11,0,18036,7,18597,236,46,2806,1391,47,3,4,7,0,15230,6.6,17206,232,49,0,-29,0,5,4,4,-3,0.4
"1869","Red","Red","Red","Blue",13,1,6,5,0,16304,6.8,17328,212,36,205,-1306,14,4,4,5,0,16099,7,18634,203,75,0,-1,-3,2,0,9,-39,-0.2
"1870","Red","Red","Neither","Red",31,2,2,4,0,15267,6.8,17987,226,80,-392,-995,18,1,3,1,0,15659,7.4,18982,254,60,0,13,1,-1,3,-28,20,-0.600000000000001
"1871","Red","Red","Neither","Blue",16,2,4,5,0,16055,6.8,17241,252,50,-1176,-1456,61,1,8,9,0,17231,7,18697,225,51,0,-45,1,-4,-4,27,-1,-0.2
"1872","Blue","Red","Neither","Red",16,1,8,8,0,17404,7,18717,204,60,-882,-740,25,3,7,9,0,18286,7.4,19457,253,63,0,-9,-2,1,-1,-49,-3,-0.4
"1873","Red","Red","Blue","Red",13,1,1,1,0,13741,6.4,15605,179,56,-2955,-2776,16,2,7,7,0,16696,7,18381,220,47,0,-3,-1,-6,-6,-41,9,-0.6
"1874","Blue","Neither","Neither","Red",16,4,5,6,0,16402,7,17710,223,68,194,-220,14,5,7,8,0,16208,7,17930,195,56,0,2,-1,-2,-2,28,12,0
"1875","Red","Neither","Neither","Red",12,3,2,1,0,14933,6.6,16470,225,56,-3251,-3208,16,1,9,7,0,18184,7.4,19678,241,43,0,-4,2,-7,-6,-16,13,-0.800000000000001
"1876","Red","Red","Blue","Red",15,2,3,4,0,14665,6.8,17020,192,47,-1761,-1206,16,3,7,10,0,16426,7,18226,213,52,0,-1,-1,-4,-6,-21,-5,-0.2
"1877","Blue","Neither","Blue","Blue",14,0,14,15,0,19372,7,18802,180,62,1342,13,11,2,8,9,0,18030,7.4,18789,229,51,0,3,-2,6,6,-49,11,-0.4
"1878","Red","Red","Neither","Blue",14,2,6,7,0,16310,7,18578,235,48,690,998,18,1,3,5,0,15620,6.8,17580,230,40,0,-4,1,3,2,5,8,0.2
"1879","Red","Red","Neither","Red",16,3,6,4,0,14643,6.8,17028,154,49,-4073,-3038,16,2,14,11,0,18716,7.4,20066,207,44,0,0,1,-8,-7,-53,5,-0.600000000000001
"1880","Blue","Blue","Neither","Blue",15,4,3,3,0,16426,7.4,19543,251,75,2296,2033,18,0,1,2,0,14130,6.8,17510,236,46,0,-3,4,2,1,15,29,0.600000000000001
"1881","Red","Red","Neither","Red",17,2,6,3,0,16331,7,18513,229,47,-1081,-953,16,1,9,9,0,17412,7.2,19466,235,56,0,1,1,-3,-6,-6,-9,-0.2
"1882","Blue","Red","Neither","Red",23,0,6,4,0,15895,6.6,16900,222,44,-1664,-602,19,2,10,10,0,17559,7,17502,218,45,0,4,-2,-4,-6,4,-1,-0.4
"1883","Blue","Blue","Neither","Blue",17,2,10,15,0,18176,7,18682,216,47,2287,376,19,3,6,3,0,15889,7.2,18306,202,52,0,-2,-1,4,12,14,-5,-0.2
"1884","Blue","Blue","Neither","Blue",19,2,7,11,0,17566,7.2,19634,243,56,2821,2755,14,2,1,3,0,14745,6.8,16879,234,54,0,5,0,6,8,9,2,0.4
"1885","Red","Red","Red","Red",12,1,2,3,0,13832,6.6,16157,203,47,-6240,-4315,13,3,11,11,1,20072,7.6,20472,233,49,-1,-1,-2,-9,-8,-30,-2,-1
"1886","Blue","Blue","Neither","Blue",16,5,8,7,0,17751,7.2,19165,238,60,1570,643,38,3,6,1,0,16181,7,18522,226,52,0,-22,2,2,6,12,8,0.2
"1887","Red","Blue","Neither","Red",36,1,3,5,0,15382,7,18298,239,59,39,238,14,1,4,7,0,15343,7,18060,225,40,0,22,0,-1,-2,14,19,0
"1888","Blue","Red","Neither","Blue",16,3,9,11,0,17326,7.2,19014,226,44,1132,269,38,3,4,5,0,16194,7.2,18745,203,59,0,-22,0,5,6,23,-15,0
"1889","Red","Neither","Red","Blue",22,4,8,11,0,16756,6.8,16405,192,48,-1429,-1521,22,6,10,11,0,18185,6.8,17926,209,60,0,0,-2,-2,0,-17,-12,0
"1890","Blue","Blue","Neither","Blue",19,3,4,3,0,16289,6.8,17304,223,67,-1764,-1997,17,2,9,11,0,18053,7.2,19301,244,51,0,2,1,-5,-8,-21,16,-0.4
"1891","Blue","Red","Neither","Blue",13,1,7,7,0,16581,6.8,17538,197,48,-172,-21,14,4,9,9,0,16753,7,17559,196,48,0,-1,-3,-2,-2,1,0,-0.2
"1892","Blue","Red","Neither","Red",35,6,7,6,0,16555,7.2,18712,204,57,201,303,45,7,5,6,0,16354,7.2,18409,210,64,0,-10,-1,2,0,-6,-7,0
"1893","Red","Neither","Neither","Blue",24,6,3,4,0,15700,7,17393,250,48,-2185,-2444,21,6,9,9,0,17885,7.6,19837,216,60,0,3,0,-6,-5,34,-12,-0.6
"1894","Red","Red","Neither","Red",16,2,2,2,0,13494,5.8,14660,213,24,-5020,-4792,14,3,11,9,0,18514,7.4,19452,246,57,0,2,-1,-9,-7,-33,-33,-1.6
"1895","Red","Neither","Blue","Blue",53,15,3,2,0,13876,6.2,15218,183,36,-5694,-3457,74,4,9,15,1,19570,6.8,18675,204,51,-1,-21,11,-6,-13,-21,-15,-0.6
"1896","Red","Neither","Red","Blue",17,4,7,6,0,16668,6.8,17267,193,51,-2781,-1104,45,3,12,15,1,19449,7.2,18371,205,36,-1,-28,1,-5,-9,-12,15,-0.4
"1897","Blue","Neither","Blue","Red",18,3,5,3,0,16009,7.2,19116,206,45,565,2073,21,3,5,4,0,15444,6.8,17043,218,49,0,-3,0,0,-1,-12,-4,0.4
"1898","Blue","Blue","Neither","Red",77,2,4,7,0,16321,7,18950,250,52,508,-183,15,4,3,7,0,15813,7,19133,225,74,0,62,-2,1,0,25,-22,0
"1899","Blue","Neither","Neither","Blue",18,3,9,7,0,16755,6.8,16362,179,40,2154,2068,18,1,5,3,0,14601,5.8,14294,199,11,0,0,2,4,4,-20,29,1
"1900","Blue","Neither","Neither","Blue",13,0,7,5,0,16407,7,18954,189,62,1063,1501,12,4,5,0,0,15344,6.8,17453,205,40,0,1,-4,2,5,-16,22,0.2
"1901","Red","Red","Neither","Blue",13,2,5,6,0,15061,6.4,16082,203,44,-1805,-2303,18,2,9,8,0,16866,7,18385,201,49,0,-5,0,-4,-2,2,-5,-0.6
"1902","Red","Red","Neither","Red",28,3,6,9,0,16552,7,17597,215,48,-1026,-982,19,3,9,7,0,17578,7,18579,234,52,0,9,0,-3,2,-19,-4,0
"1903","Red","Red","Neither","Red",17,3,8,5,0,16538,7.4,19266,238,36,1664,1691,41,1,5,1,0,14874,6.8,17575,190,56,0,-24,2,3,4,48,-20,0.600000000000001
"1904","Red","Neither","Neither","Red",18,1,5,6,0,15958,6.6,16741,233,44,-84,-22,37,4,8,9,0,16042,6.6,16763,190,36,0,-19,-3,-3,-3,43,8,0
"1905","Red","Red","Blue","Blue",53,3,7,7,0,16851,7.2,18450,221,48,936,386,16,5,5,2,0,15915,7,18064,253,59,0,37,-2,2,5,-32,-11,0.2
"1906","Blue","Blue","Red","Red",13,2,6,8,0,16753,7.4,18695,201,63,2631,2349,23,2,2,1,0,14122,6.4,16346,207,48,0,-10,0,4,7,-6,15,1
"1907","Red","Blue","Neither","Blue",48,4,2,2,0,14607,6.6,16424,222,45,-1183,-2491,12,5,3,1,0,15790,7,18915,228,58,0,36,-1,-1,1,-6,-13,-0.4
"1908","Red","Blue","Neither","Red",14,3,5,8,0,17160,7.2,19481,245,64,-312,37,15,1,8,12,0,17472,7.2,19444,231,60,0,-1,2,-3,-4,14,4,0
"1909","Red","Red","Blue","Red",13,4,7,4,0,16360,6.6,16891,187,52,-833,-773,19,2,9,13,0,17193,6.8,17664,197,56,0,-6,2,-2,-9,-10,-4,-0.2
"1910","Red","Red","Blue","Red",21,3,5,5,0,15288,6.6,17567,192,56,-1308,-564,29,4,7,6,0,16596,7,18131,223,49,0,-8,-1,-2,-1,-31,7,-0.4
"1911","Blue","Neither","Neither","Red",17,3,11,7,0,18415,7.4,20355,221,51,2862,3250,12,2,5,7,0,15553,7,17105,223,44,0,5,1,6,0,-2,7,0.4
"1912","Blue","Red","Red","Red",14,0,3,3,0,15190,7,18530,231,51,-1449,313,16,3,4,4,0,16639,7,18217,264,48,0,-2,-3,-1,-1,-33,3,0
"1913","Blue","Neither","Neither","Blue",16,2,7,9,0,17188,7.2,19483,244,57,2010,1365,10,2,3,0,0,15178,6.8,18118,226,71,0,6,0,4,9,18,-14,0.4
"1914","Blue","Red","Neither","Blue",16,4,10,9,0,16900,6.8,18173,170,54,-52,258,14,3,7,5,0,16952,7,17915,222,40,0,2,1,3,4,-52,14,-0.2
"1915","Red","Red","Neither","Blue",18,3,8,5,0,16208,6.4,16287,190,40,-315,-1874,16,3,5,5,0,16523,7,18161,242,58,0,2,0,3,0,-52,-18,-0.6
"1916","Blue","Neither","Red","Red",15,3,3,3,0,15477,7,17532,223,56,-1579,-655,61,1,9,12,0,17056,7,18187,192,52,0,-46,2,-6,-9,31,4,0
"1917","Red","Red","Neither","Red",56,2,4,5,0,15574,7,17489,219,52,-616,-1349,14,3,5,3,0,16190,7.2,18838,232,72,0,42,-1,-1,2,-13,-20,-0.2
"1918","Red","Blue","Neither","Red",18,1,4,3,0,15377,7.2,18315,215,51,-1262,614,13,2,6,5,0,16639,7,17701,225,66,0,5,-1,-2,-2,-10,-15,0.2
"1919","Red","Neither","Neither","Red",13,1,1,0,0,13649,6,14620,189,41,-2564,-2920,68,2,4,6,0,16213,6.8,17540,213,72,0,-55,-1,-3,-6,-24,-31,-0.8
"1920","Red","Blue","Neither","Blue",16,3,11,11,0,19239,7.6,19698,209,47,2587,1759,14,2,8,4,0,16652,6.8,17939,195,44,0,2,1,3,7,14,3,0.8
"1921","Blue","Blue","Neither","Blue",37,5,15,18,0,20186,7.2,19725,216,40,5491,5335,15,2,4,2,0,14695,6,14390,159,48,0,22,3,11,16,57,-8,1.2
"1922","Blue","Blue","Neither","Red",17,3,9,9,0,19034,7.4,19369,240,43,4051,3552,15,1,7,6,0,14983,6.6,15817,178,28,0,2,2,2,3,62,15,0.800000000000001
"1923","Blue","Neither","Neither","Blue",15,5,13,13,0,20183,7.6,20925,239,48,5712,4581,14,3,3,3,0,14471,6.6,16344,208,36,0,1,2,10,10,31,12,1
"1924","Red","Blue","Neither","Red",15,2,3,3,0,15877,6.8,17848,234,50,-1232,-659,15,2,9,7,0,17109,7,18507,221,37,0,0,0,-6,-4,13,13,-0.2
"1925","Red","Red","Neither","Red",19,3,9,8,0,16823,6.8,17411,219,33,-1071,-1667,18,2,8,10,0,17894,7.2,19078,210,63,0,1,1,1,-2,9,-30,-0.4
"1926","Blue","Blue","Neither","Red",17,0,5,4,0,16525,7,18498,230,57,1262,413,17,2,5,3,0,15263,7,18085,212,54,0,0,-2,0,1,18,3,0
"1927","Blue","Blue","Red","Red",16,4,2,2,0,15103,7,18559,246,66,-1761,-881,18,2,5,6,0,16864,7.4,19440,268,52,0,-2,2,-3,-4,-22,14,-0.4
"1928","Blue","Red","Red","Red",16,3,1,1,0,14899,7,18183,228,61,-420,138,20,3,4,1,0,15319,6.8,18045,234,48,0,-4,0,-3,0,-6,13,0.2
"1929","Blue","Neither","Neither","Blue",16,1,7,7,0,16602,7,17918,211,59,888,1005,22,1,5,4,0,15714,7,16913,227,33,0,-6,0,2,3,-16,26,0
"1930","Red","Neither","Neither","Red",16,2,4,3,0,14504,6.8,16897,191,40,-3926,-1387,15,3,11,11,0,18430,6.8,18284,211,40,0,1,-1,-7,-8,-20,0,0
"1931","Blue","Neither","Neither","Red",12,3,10,10,0,17332,7,18045,195,42,1711,1235,15,0,6,3,0,15621,6.6,16810,203,37,0,-3,3,4,7,-8,5,0.4
"1932","Blue","Red","Red","Blue",13,6,7,8,0,16749,6.8,17223,226,47,-2320,-1204,37,2,11,12,0,19069,6.8,18427,207,60,0,-24,4,-4,-4,19,-13,0
"1933","Blue","Blue","Red","Red",15,4,6,5,0,16423,6.8,16900,204,59,-1900,-1052,24,2,8,10,0,18323,7,17952,215,44,0,-9,2,-2,-5,-11,15,-0.2
"1934","Red","Neither","Neither","Blue",16,3,4,1,0,15135,6.6,17280,240,54,-1634,-1916,14,5,8,7,0,16769,7.4,19196,220,54,0,2,-2,-4,-6,20,0,-0.800000000000001
"1935","Blue","Red","Red","Blue",13,4,7,5,0,16704,7,18000,225,47,1002,-743,15,1,5,8,0,15702,7.4,18743,212,62,0,-2,3,2,-3,13,-15,-0.4
"1936","Blue","Blue","Neither","Red",10,3,10,14,0,17835,7,18791,212,42,1568,1001,19,3,6,7,0,16267,6.8,17790,209,54,0,-9,0,4,7,3,-12,0.2
"1937","Red","Red","Neither","Red",16,6,6,4,0,15342,6.6,15988,221,39,-1758,-2010,20,3,8,10,0,17100,7,17998,226,48,0,-4,3,-2,-6,-5,-9,-0.4
"1938","Red","Red","Blue","Red",20,4,6,5,0,16022,6.8,17899,206,44,-3063,-1676,18,4,8,12,0,19085,7.2,19575,240,55,0,2,0,-2,-7,-34,-11,-0.4
"1939","Red","Blue","Neither","Red",13,1,6,10,0,15678,6.6,17592,181,44,-1859,-1340,12,3,8,6,0,17537,7.2,18932,214,59,0,1,-2,-2,4,-33,-15,-0.600000000000001
"1940","Red","Red","Neither","Red",39,4,7,6,0,16513,7,17530,197,44,-1696,-1187,19,0,11,12,0,18209,7.2,18717,218,53,0,20,4,-4,-6,-21,-9,-0.2
"1941","Red","Neither","Neither","Red",15,1,7,10,0,16095,6.8,17497,228,24,-986,-1163,36,2,7,6,0,17081,7.2,18660,237,46,0,-21,-1,0,4,-9,-22,-0.4
"1942","Red","Red","Red","Blue",14,1,5,5,0,15892,6.8,18043,216,48,822,25,13,1,3,3,0,15070,7.2,18018,229,55,0,1,0,2,2,-13,-7,-0.4
"1943","Blue","Red","Neither","Blue",20,2,7,6,0,16806,6.6,17623,218,49,-369,-1242,14,6,9,6,0,17175,7.2,18865,200,44,0,6,-4,-2,0,18,5,-0.600000000000001
"1944","Blue","Neither","Neither","Red",14,2,8,8,0,16847,7.2,18705,195,68,1255,2754,13,0,3,2,0,15592,6.4,15951,247,33,0,1,2,5,6,-52,35,0.8
"1945","Blue","Red","Neither","Red",18,5,5,3,0,16373,7.2,19296,247,62,317,639,35,5,4,1,0,16056,7.2,18657,254,52,0,-17,0,1,2,-7,10,0
"1946","Red","Red","Neither","Red",12,2,1,2,0,13299,6.4,15911,189,48,-7285,-4379,15,2,9,17,1,20584,7.6,20290,251,60,-1,-3,0,-8,-15,-62,-12,-1.2
"1947","Blue","Blue","Neither","Blue",15,3,9,17,0,18249,7,18327,222,57,1909,-108,22,2,6,10,0,16340,7,18435,231,34,0,-7,1,3,7,-9,23,0
"1948","Blue","Red","Neither","Red",95,10,6,9,0,16641,7.2,18364,213,60,1446,446,59,2,4,3,0,15195,7,17918,218,59,0,36,8,2,6,-5,1,0.2
"1949","Blue","Blue","Neither","Blue",19,2,5,7,0,16359,7,18199,210,64,917,-90,15,1,4,4,0,15442,7,18289,218,55,0,4,1,1,3,-8,9,0
"1950","Blue","Blue","Red","Blue",16,4,7,4,0,16956,7,19127,234,43,1712,1983,17,3,3,5,0,15244,6.8,17144,236,51,0,-1,1,4,-1,-2,-8,0.2
"1951","Blue","Red","Neither","Blue",17,7,7,9,0,16992,7,18716,224,36,1582,1344,20,4,4,6,0,15410,7,17372,209,47,0,-3,3,3,3,15,-11,0
"1952","Red","Neither","Neither","Red",11,2,5,4,0,16154,6.8,18081,216,44,-2129,-2255,25,2,12,12,0,18283,7.4,20336,206,72,0,-14,0,-7,-8,10,-28,-0.600000000000001
"1953","Blue","Blue","Blue","Blue",13,1,13,13,0,19755,7.4,20163,207,60,5240,5663,15,0,4,2,0,14515,6,14500,220,11,0,-2,1,9,11,-13,49,1.4
"1954","Blue","Red","Red","Blue",15,2,4,4,0,16181,7,18426,261,49,873,-52,15,1,2,2,0,15308,7.2,18478,249,61,0,0,1,2,2,12,-12,-0.2
"1955","Red","Red","Neither","Blue",12,12,4,6,0,15263,6.8,16941,203,50,-2548,-2906,33,5,8,14,0,17811,7.2,19847,232,62,0,-21,7,-4,-8,-29,-12,-0.4
"1956","Red","Blue","Neither","Blue",21,4,10,9,0,18889,7.4,19825,257,56,3136,2512,16,2,5,6,0,15753,6.8,17313,175,59,0,5,2,5,3,82,-3,0.600000000000001
"1957","Blue","Blue","Neither","Blue",15,1,8,10,0,19630,7.2,20181,246,64,5082,2398,16,0,2,2,0,14548,6.8,17783,226,60,0,-1,1,6,8,20,4,0.4
"1958","Blue","Neither","Neither","Red",13,3,4,1,0,16172,6.8,18087,219,69,-1867,555,17,1,10,18,0,18039,6.8,17532,202,60,0,-4,2,-6,-17,17,9,0
"1959","Red","Neither","Neither","Blue",14,0,7,6,0,17345,7,19182,226,56,179,953,18,0,7,5,0,17166,7,18229,252,44,0,-4,0,0,1,-26,12,0
"1960","Blue","Neither","Neither","Red",24,3,10,15,0,17688,7.2,19492,197,48,1937,2816,49,2,5,4,0,15751,6.8,16676,192,44,0,-25,1,5,11,5,4,0.4
"1961","Red","Red","Neither","Blue",37,1,1,1,0,14859,6.8,17412,225,51,-520,-1073,10,13,3,3,0,15379,7,18485,228,60,0,27,-12,-2,-2,-3,-9,-0.2
"1962","Blue","Blue","Neither","Blue",15,4,9,15,0,18144,6.8,18210,224,52,1834,281,40,2,4,4,0,16310,7,17929,231,42,0,-25,2,5,11,-7,10,-0.2
"1963","Red","Red","Neither","Red",19,1,5,6,0,16400,6.8,17409,222,40,492,-1509,13,3,4,6,0,15908,7.2,18918,220,58,0,6,-2,1,0,2,-18,-0.4
"1964","Red","Red","Neither","Blue",15,3,2,3,0,14779,6.6,16944,214,64,-1024,-571,16,1,4,5,0,15803,7,17515,227,52,0,-1,2,-2,-2,-13,12,-0.4
"1965","Red","Neither","Blue","Blue",16,3,5,5,0,16128,7,17286,226,62,822,363,17,4,3,5,0,15306,6.6,16923,229,44,0,-1,-1,2,0,-3,18,0.4
"1966","Blue","Blue","Blue","Blue",22,2,18,14,0,21416,7.6,21031,235,57,7482,6466,16,0,4,3,0,13934,6,14565,144,39,0,6,2,14,11,91,18,1.6
"1967","Blue","Red","Neither","Red",16,2,2,3,0,14592,7,17915,217,60,-2168,-1356,15,4,4,7,0,16760,7.2,19271,221,76,0,1,-2,-2,-4,-4,-16,-0.2
"1968","Blue","Neither","Neither","Blue",19,2,8,11,0,17483,7.2,18392,215,36,1232,-128,16,6,6,7,0,16251,7.2,18520,233,48,0,3,-4,2,4,-18,-12,0
"1969","Red","Red","Neither","Red",13,3,4,5,0,16205,6.8,17509,234,52,-3102,-2025,17,4,10,12,0,19307,7.4,19534,235,51,0,-4,-1,-6,-7,-1,1,-0.600000000000001
"1970","Blue","Neither","Neither","Red",16,2,8,6,1,18363,7.2,18592,224,52,321,368,17,3,9,12,0,18042,7,18224,215,44,1,-1,-1,-1,-6,9,8,0.2
"1971","Blue","Blue","Neither","Blue",19,5,9,19,0,18401,7,18207,237,51,506,620,15,4,8,13,0,17895,7,17587,239,44,0,4,1,1,6,-2,7,0
"1972","Blue","Neither","Neither","Red",19,5,6,5,0,16391,6.8,17693,222,44,709,946,41,2,5,6,0,15682,6.8,16747,188,59,0,-22,3,1,-1,34,-15,0
"1973","Blue","Blue","Neither","Red",25,4,7,7,0,16409,7.4,19634,215,51,1261,2149,98,2,3,4,0,15148,7,17485,242,56,0,-73,2,4,3,-27,-5,0.4
"1974","Blue","Neither","Neither","Blue",17,1,8,5,0,16739,7.4,19178,218,54,1630,1005,32,2,3,3,0,15109,7,18173,196,64,0,-15,-1,5,2,22,-10,0.4
"1975","Blue","Red","Neither","Blue",91,2,4,5,0,15986,6.8,17620,212,52,-46,-1226,15,2,6,4,0,16032,7.2,18846,229,52,0,76,0,-2,1,-17,0,-0.4
"1976","Red","Blue","Neither","Red",19,3,3,4,0,14267,6.6,17033,186,58,-1190,-762,17,4,4,3,0,15457,7,17795,206,44,0,2,-1,-1,1,-20,14,-0.4
"1977","Red","Blue","Neither","Blue",55,5,2,4,0,14692,6.8,16959,226,55,-1488,-572,18,4,5,6,0,16180,6.8,17531,234,55,0,37,1,-3,-2,-8,0,0
"1978","Red","Neither","Neither","Blue",16,1,6,4,0,17045,7.2,18787,245,56,848,129,12,2,6,8,0,16197,7,18658,192,52,0,4,-1,0,-4,53,4,0.2
"1979","Red","Red","Neither","Red",14,3,1,0,0,13633,6.4,16221,202,53,-5800,-3960,12,1,7,15,1,19433,7.6,20181,245,74,-1,2,2,-6,-15,-43,-21,-1.2
"1980","Red","Red","Neither","Red",13,1,11,13,0,18592,6.8,17780,213,44,981,42,14,1,11,13,0,17611,7,17738,197,42,0,-1,0,0,0,16,2,-0.2
"1981","Blue","Red","Neither","Red",12,0,4,5,0,15154,6.6,17363,170,56,-2642,-1908,16,2,6,7,0,17796,7.2,19271,258,64,0,-4,-2,-2,-2,-88,-8,-0.600000000000001
"1982","Red","Neither","Neither","Blue",22,4,4,6,0,16045,7,17984,229,56,-794,-1320,16,2,7,6,0,16839,7.2,19304,228,56,0,6,2,-3,0,1,0,-0.2
"1983","Blue","Blue","Neither","Red",13,1,8,8,0,17137,6.8,17147,195,56,-718,-1666,13,0,8,8,0,17855,7,18813,215,61,0,0,1,0,0,-20,-5,-0.2
"1984","Red","Blue","Neither","Red",11,2,4,5,0,14559,6.8,16634,200,52,-1833,-2171,48,2,7,4,0,16392,7.4,18805,215,48,0,-37,0,-3,1,-15,4,-0.600000000000001
"1985","Red","Neither","Red","Red",45,4,2,2,0,14758,6.8,16974,237,50,-1369,-1808,16,3,5,2,0,16127,7.2,18782,242,57,0,29,1,-3,0,-5,-7,-0.4
"1986","Red","Neither","Red","Blue",32,4,9,11,0,18508,7.4,19340,239,51,2625,1026,13,18,6,3,0,15883,7,18314,207,51,0,19,-14,3,8,32,0,0.4
"1987","Red","Red","Neither","Red",12,3,3,5,0,15978,6.2,15862,192,46,-2818,-3710,17,0,12,11,0,18796,7.2,19572,211,66,0,-5,3,-9,-6,-19,-20,-1
"1988","Blue","Red","Neither","Blue",14,0,8,9,0,17759,7.2,18407,232,44,2450,216,52,2,5,5,0,15309,6.8,18191,174,60,0,-38,-2,3,4,58,-16,0.4
"1989","Blue","Blue","Neither","Blue",49,1,8,10,1,18590,6.6,18032,237,48,3618,1086,13,3,2,1,0,14972,6.6,16946,238,43,1,36,-2,6,9,-1,5,0
"1990","Red","Red","Blue","Blue",15,0,9,4,0,16749,6.4,16518,172,52,-645,-2890,15,4,9,7,0,17394,7,19408,202,48,0,0,-4,0,-3,-30,4,-0.6
"1991","Blue","Red","Red","Blue",21,5,7,8,0,17314,7.2,18785,207,47,3307,1705,18,1,2,3,0,14007,7,17080,195,48,0,3,4,5,5,12,-1,0.2
"1992","Blue","Red","Blue","Red",29,3,11,12,0,18983,6.8,17893,211,44,2457,255,34,5,12,10,0,16526,7,17638,175,42,0,-5,-2,-1,2,36,2,-0.2
"1993","Red","Red","Neither","Blue",12,2,6,6,0,16325,6.4,16171,199,48,-852,-2912,14,0,9,4,0,17177,7.2,19083,203,71,0,-2,2,-3,2,-4,-23,-0.8
"1994","Red","Red","Red","Red",15,2,3,2,0,14478,6.6,16879,205,44,-2153,-2381,88,0,8,8,0,16631,7.2,19260,215,52,0,-73,2,-5,-6,-10,-8,-0.600000000000001
"1995","Red","Blue","Neither","Red",33,2,2,2,0,14099,6.6,16884,201,59,-3938,-2767,18,1,11,8,0,18037,7.2,19651,218,53,0,15,1,-9,-6,-17,6,-0.600000000000001
"1996","Red","Blue","Blue","Red",35,2,4,6,0,16234,7,18544,218,58,-449,-83,19,1,7,5,0,16683,7.2,18627,202,60,0,16,1,-3,1,16,-2,-0.2
"1997","Red","Blue","Neither","Red",10,4,7,5,0,17892,7.2,18922,205,72,273,1428,43,1,11,14,0,17619,6.8,17494,191,31,0,-33,3,-4,-9,14,41,0.4
"1998","Red","Blue","Neither","Red",16,2,7,6,0,16304,6.8,17968,230,43,0,845,15,3,5,8,0,16304,6.6,17123,234,44,0,1,-1,2,-2,-4,-1,0.2
"1999","Blue","Red","Blue","Red",15,1,8,10,0,16688,6.8,17007,201,51,-1198,-768,18,4,10,14,0,17886,7.2,17775,209,49,0,-3,-3,-2,-4,-8,2,-0.4
"2000","Blue","Blue","Blue","Blue",21,17,11,14,0,18894,6.8,17315,201,51,3536,1244,46,5,6,5,0,15358,6.6,16071,187,36,0,-25,12,5,9,14,15,0.2
"2001","Red","Neither","Neither","Blue",32,3,5,3,0,15761,6.8,16587,200,36,-1632,-1461,13,7,9,7,0,17393,7,18048,212,28,0,19,-4,-4,-4,-12,8,-0.2
"2002","Red","Red","Neither","Red",11,2,4,4,0,15028,6.8,17417,207,52,-3472,-2256,19,1,10,5,0,18500,7.4,19673,230,52,0,-8,1,-6,-1,-23,0,-0.600000000000001
"2003","Blue","Blue","Neither","Blue",16,4,9,9,0,17239,7.2,19459,232,46,3497,3543,16,1,1,2,0,13742,6.4,15916,223,53,0,0,3,8,7,9,-7,0.8
"2004","Red","Neither","Neither","Red",16,0,1,1,0,14181,6.8,17487,234,49,-2489,-1271,18,1,5,7,0,16670,7,18758,253,49,0,-2,-1,-4,-6,-19,0,-0.2
"2005","Red","Red","Neither","Blue",15,2,5,3,0,15557,6.6,16910,190,65,-4197,-2772,21,0,13,20,0,19754,7.2,19682,228,46,0,-6,2,-8,-17,-38,19,-0.600000000000001
"2006","Red","Blue","Neither","Blue",15,2,6,7,0,16067,6.4,16652,218,42,841,-1456,18,5,3,1,0,15226,7,18108,246,53,0,-3,-3,3,6,-28,-11,-0.6
"2007","Red","Blue","Neither","Red",15,4,6,10,0,16386,6.6,17424,216,45,742,-654,19,2,4,3,0,15644,6.8,18078,255,37,0,-4,2,2,7,-39,8,-0.2
"2008","Red","Red","Neither","Blue",16,3,9,8,0,17997,7.6,20432,210,56,3087,2543,40,2,3,4,0,14910,7.2,17889,225,60,0,-24,1,6,4,-15,-4,0.399999999999999
"2009","Red","Red","Neither","Red",14,2,5,3,1,15961,6.6,16916,199,36,-2066,3,12,1,11,14,0,18027,6.8,16913,200,56,1,2,1,-6,-11,-1,-20,-0.2
"2010","Red","Neither","Neither","Red",19,3,0,0,0,13395,6.8,16282,207,47,-3275,-3254,20,3,6,5,0,16670,7.2,19536,257,40,0,-1,0,-6,-5,-50,7,-0.4
"2011","Red","Neither","Blue","Red",18,4,5,3,0,17048,7.2,18886,249,51,1337,885,15,1,5,4,0,15711,7,18001,199,64,0,3,3,0,-1,50,-13,0.2
"2012","Blue","Blue","Neither","Blue",14,2,8,14,0,16924,6.6,17168,194,59,1258,-124,13,0,4,5,0,15666,6.8,17292,220,52,0,1,2,4,9,-26,7,-0.2
"2013","Red","Blue","Neither","Blue",19,2,2,1,0,14902,7,17656,242,44,-1186,-892,14,4,5,6,0,16088,7,18548,215,47,0,5,-2,-3,-5,27,-3,0
"2014","Red","Red","Neither","Red",14,1,3,4,0,14341,6.6,16688,184,64,-5295,-3863,18,3,11,10,0,19636,7.6,20551,260,64,0,-4,-2,-8,-6,-76,0,-1
"2015","Red","Neither","Neither","Red",19,3,10,7,0,17984,7.2,18275,229,44,2086,1202,16,5,7,5,0,15898,6.8,17073,189,39,0,3,-2,3,2,40,5,0.4
"2016","Red","Neither","Red","Red",43,3,5,7,0,15893,6.8,17285,202,35,-3909,-1904,17,5,12,13,0,19802,7.2,19189,228,35,0,26,-2,-7,-6,-26,0,-0.4
"2017","Blue","Blue","Red","Red",18,3,5,10,0,16138,6.6,16397,208,54,-732,-813,17,0,5,4,1,16870,6.8,17210,218,40,-1,1,3,0,6,-10,14,-0.2
"2018","Red","Blue","Blue","Red",15,2,6,9,0,16260,6.8,17559,224,49,1481,528,15,3,2,5,0,14779,6.6,17031,195,64,0,0,-1,4,4,29,-15,0.2
"2019","Red","Blue","Blue","Red",14,1,6,10,0,15931,7,17903,202,48,-1613,-836,17,1,7,10,0,17544,7.2,18739,217,58,0,-3,0,-1,0,-15,-10,-0.2
"2020","Blue","Blue","Blue","Blue",16,5,8,16,0,16693,6.4,16725,187,32,2123,1219,14,3,5,1,0,14570,6.2,15506,172,51,0,2,2,3,15,15,-19,0.2
"2021","Blue","Blue","Blue","Blue",18,4,9,6,0,18200,7.2,19696,247,44,2756,2028,16,3,4,5,0,15444,7,17668,208,51,0,2,1,5,1,39,-7,0.2
"2022","Red","Neither","Neither","Red",13,4,5,6,0,15771,6.8,16977,237,38,-1091,-1990,17,5,6,5,0,16862,7.2,18967,226,46,0,-4,-1,-1,1,11,-8,-0.4
"2023","Blue","Blue","Neither","Blue",13,3,6,8,0,16682,6.8,17677,197,44,-970,-482,18,4,7,8,0,17652,7,18159,227,43,0,-5,-1,-1,0,-30,1,-0.2
"2024","Blue","Neither","Neither","Blue",23,6,15,17,0,19074,6.6,17514,191,35,3941,2200,19,5,5,3,0,15133,6.6,15314,199,40,0,4,1,10,14,-8,-5,0
"2025","Blue","Blue","Neither","Blue",17,4,10,14,0,19052,7.2,19366,226,64,3754,2642,16,3,5,7,0,15298,6.8,16724,215,47,0,1,1,5,7,11,17,0.4
"2026","Blue","Neither","Neither","Red",64,4,5,7,0,15220,6.4,16145,174,46,-3679,-3273,11,5,9,11,0,18899,7,19418,266,64,0,53,-1,-4,-4,-92,-18,-0.6
"2027","Blue","Blue","Neither","Red",14,0,11,9,0,18604,7.4,20075,214,53,2998,3108,14,3,5,4,0,15606,7,16967,203,42,0,0,-3,6,5,11,11,0.4
"2028","Blue","Blue","Neither","Red",12,3,4,3,0,15131,6.8,17618,223,44,-735,46,17,2,5,5,0,15866,7,17572,221,55,0,-5,1,-1,-2,2,-11,-0.2
"2029","Red","Red","Neither","Red",17,3,1,1,0,12789,6.4,15191,157,48,-6470,-5355,15,2,11,13,0,19259,7.4,20546,256,63,0,2,1,-10,-12,-99,-15,-1
"2030","Red","Blue","Neither","Red",16,3,9,10,0,17586,7.2,18812,227,56,319,1558,15,2,8,6,0,17267,6.8,17254,232,35,0,1,1,1,4,-5,21,0.4
"2031","Blue","Red","Neither","Red",14,1,8,7,0,16072,6.6,16342,214,42,-1247,-835,21,2,8,12,0,17319,6.6,17177,229,41,0,-7,-1,0,-5,-15,1,0
"2032","Blue","Neither","Blue","Blue",84,1,8,8,0,17473,7,18577,228,48,1179,-736,38,1,5,5,0,16294,7.4,19313,225,52,0,46,0,3,3,3,-4,-0.4
"2033","Red","Red","Red","Blue",14,7,5,4,0,15693,6.8,17493,230,48,-1285,-2097,39,3,6,7,0,16978,7.4,19590,236,58,0,-25,4,-1,-3,-6,-10,-0.600000000000001
"2034","Blue","Red","Neither","Red",13,4,4,5,0,16079,7,18772,221,54,752,1388,23,2,3,5,0,15327,6.6,17384,223,52,0,-10,2,1,0,-2,2,0.4
"2035","Blue","Neither","Neither","Red",20,7,8,8,0,17109,7.2,18272,247,40,2006,2256,17,4,5,7,0,15103,6.6,16016,200,36,0,3,3,3,1,47,4,0.600000000000001
"2036","Blue","Neither","Neither","Blue",26,2,6,9,0,15890,6.6,16918,170,48,-902,-1082,11,4,5,5,0,16792,7,18000,227,58,0,15,-2,1,4,-57,-10,-0.4
"2037","Blue","Blue","Blue","Blue",10,1,7,11,0,17410,7.2,18496,239,62,1590,971,12,0,6,8,0,15820,7,17525,216,46,0,-2,1,1,3,23,16,0.2
"2038","Blue","Blue","Neither","Red",11,2,9,8,0,17491,7.2,19706,216,53,2599,3321,15,1,5,3,0,14892,6.4,16385,189,47,0,-4,1,4,5,27,6,0.8
"2039","Blue","Neither","Blue","Blue",14,4,8,9,0,17887,7.2,19263,221,56,4590,3681,19,3,1,1,0,13297,6.4,15582,213,40,0,-5,1,7,8,8,16,0.8
"2040","Red","Blue","Neither","Blue",14,5,7,5,0,17030,7.2,19832,250,49,1207,1638,39,3,4,8,0,15823,7,18194,234,46,0,-25,2,3,-3,16,3,0.2
"2041","Red","Blue","Neither","Blue",11,3,4,3,0,15762,7.2,19056,240,56,229,398,13,0,3,4,0,15533,7.2,18658,239,60,0,-2,3,1,-1,1,-4,0
"2042","Red","Blue","Neither","Red",15,2,3,2,0,14444,6.4,16768,231,27,-1501,-878,17,4,5,4,0,15945,7,17646,215,47,0,-2,-2,-2,-2,16,-20,-0.6
"2043","Blue","Neither","Neither","Red",14,2,13,14,1,20294,7,17966,216,45,3903,1239,15,0,7,5,0,16391,6.8,16727,171,44,1,-1,2,6,9,45,1,0.2
"2044","Blue","Red","Neither","Red",15,6,7,7,0,16592,7,19045,220,40,1709,880,15,2,3,1,0,14883,7.2,18165,203,60,0,0,4,4,6,17,-20,-0.2
"2045","Red","Blue","Red","Red",14,5,5,7,0,16291,6.8,17415,211,56,-699,-580,39,1,5,3,1,16990,6.8,17995,218,44,-1,-25,4,0,4,-7,12,0
"2046","Red","Red","Neither","Blue",18,3,2,1,0,14639,6.6,16690,222,40,-2862,-3209,16,4,7,12,0,17501,7.6,19899,237,62,0,2,-1,-5,-11,-15,-22,-1
"2047","Blue","Red","Neither","Red",17,1,7,5,0,16447,7.4,19247,215,52,-1422,345,16,1,8,10,0,17869,7.2,18902,244,48,0,1,0,-1,-5,-29,4,0.2
"2048","Blue","Blue","Neither","Blue",14,2,7,9,0,16147,6.6,17632,201,45,-666,-290,14,3,6,7,0,16813,7.2,17922,217,55,0,0,-1,1,2,-16,-10,-0.600000000000001
"2049","Blue","Neither","Neither","Blue",36,0,3,4,0,15751,7,18853,252,56,991,1570,18,3,2,2,0,14760,6.8,17283,222,56,0,18,-3,1,2,30,0,0.2
"2050","Red","Red","Red","Blue",14,3,1,1,0,14742,6.8,16872,219,51,-2177,-2726,13,2,8,15,0,16919,7.2,19598,197,61,0,1,1,-7,-14,22,-10,-0.4
"2051","Blue","Blue","Neither","Red",16,4,6,12,0,16618,6.8,17463,192,54,1354,1326,16,3,6,12,0,15264,6.6,16137,203,31,0,0,1,0,0,-11,23,0.2
"2052","Red","Red","Red","Red",14,0,9,7,0,17492,7.2,19413,189,60,-1988,-616,51,2,15,17,0,19480,7.4,20029,204,56,0,-37,-2,-6,-10,-15,4,-0.2
"2053","Blue","Blue","Neither","Blue",15,1,11,13,0,18208,7.4,19838,219,56,3199,2629,37,2,3,2,0,15009,6.8,17209,209,41,0,-22,-1,8,11,10,15,0.600000000000001
"2054","Blue","Blue","Red","Red",17,3,3,2,0,15584,6.8,17413,230,68,639,-470,35,2,3,2,0,14945,7,17883,215,44,0,-18,1,0,0,15,24,-0.2
"2055","Blue","Blue","Blue","Blue",32,4,8,11,0,17094,6.8,17845,202,45,1509,-543,17,0,4,4,0,15585,7,18388,220,60,0,15,4,4,7,-18,-15,-0.2
"2056","Red","Blue","Neither","Blue",14,2,6,8,0,15307,6.4,15025,175,48,-660,-922,44,1,7,12,0,15967,6.4,15947,171,37,0,-30,1,-1,-4,4,11,0
"2057","Red","Red","Neither","Red",16,1,1,2,0,13880,6.2,15178,191,54,-3063,-2326,47,1,8,9,0,16943,6.8,17504,187,40,0,-31,0,-7,-7,4,14,-0.6
"2058","Blue","Red","Neither","Blue",41,3,4,4,0,16059,7,18190,221,41,-1521,-2185,19,24,8,14,0,17580,7.4,20375,246,50,0,22,-21,-4,-10,-25,-9,-0.4
"2059","Red","Blue","Neither","Red",14,4,2,3,0,15471,7.2,18538,228,65,-814,1199,19,4,6,10,0,16285,6.8,17339,225,47,0,-5,0,-4,-7,3,18,0.4
"2060","Blue","Blue","Neither","Red",13,6,12,17,0,19198,6.6,17559,199,46,3024,2225,50,2,8,15,0,16174,6.4,15334,176,34,0,-37,4,4,2,23,12,0.199999999999999
"2061","Blue","Blue","Neither","Blue",16,2,8,7,0,16576,7,17437,226,34,-1147,-1294,16,6,10,11,0,17723,7.2,18731,210,35,0,0,-4,-2,-4,16,-1,-0.2
"2062","Blue","Red","Blue","Red",16,5,3,3,0,16076,7,18079,238,52,1113,1392,13,1,3,2,0,14963,6.6,16687,185,64,0,3,4,0,1,53,-12,0.4
"2063","Blue","Red","Neither","Red",15,4,6,7,0,16041,6.8,18070,223,48,550,1023,86,3,4,5,0,15491,6.6,17047,214,40,0,-71,1,2,2,9,8,0.2
"2064","Red","Blue","Red","Red",16,3,4,8,0,15714,7,17817,230,49,589,675,17,1,3,6,0,15125,6.8,17142,199,67,0,-1,2,1,2,31,-18,0.2
"2065","Red","Red","Blue","Red",14,2,4,4,0,14608,6,15029,188,44,-7480,-4460,15,4,14,15,1,22088,7.4,19489,218,56,-1,-1,-2,-10,-11,-30,-12,-1.4
"2066","Red","Neither","Red","Blue",91,2,3,3,0,15001,7,17799,218,48,-685,-1871,16,3,5,2,0,15686,7.2,19670,214,64,0,75,-1,-2,1,4,-16,-0.2
"2067","Red","Red","Neither","Red",15,3,5,5,0,14459,6.4,14990,182,40,-2251,-2427,18,3,7,10,0,16710,6.8,17417,198,60,0,-3,0,-2,-5,-16,-20,-0.399999999999999
"2068","Red","Red","Blue","Blue",24,3,3,5,0,14783,6.6,16564,205,54,401,95,18,6,2,4,0,14382,6.8,16469,209,42,0,6,-3,1,1,-4,12,-0.2
"2069","Red","Red","Neither","Blue",36,2,3,2,0,15211,6.8,18224,234,53,-834,-1333,16,4,4,2,0,16045,7.4,19557,217,73,0,20,-2,-1,0,17,-20,-0.600000000000001
"2070","Red","Neither","Red","Red",35,3,6,4,0,15589,6.6,16619,181,40,-1535,-2054,38,1,8,10,0,17124,7,18673,210,56,0,-3,2,-2,-6,-29,-16,-0.4
"2071","Red","Blue","Neither","Blue",20,1,4,1,0,16223,6.8,17597,222,63,-2086,-1696,15,3,9,8,0,18309,7,19293,228,52,0,5,-2,-5,-7,-6,11,-0.2
"2072","Blue","Blue","Red","Blue",15,1,7,6,0,16375,7.2,18784,217,55,-270,-1095,11,3,7,4,0,16645,7.4,19879,209,52,0,4,-2,0,2,8,3,-0.2
"2073","Blue","Blue","Neither","Blue",19,1,11,18,0,18190,7.6,20017,225,65,4069,3954,16,5,1,1,0,14121,6.6,16063,224,51,0,3,-4,10,17,1,14,1
"2074","Red","Red","Blue","Blue",87,4,8,7,1,19120,7,19644,248,43,2171,1375,19,4,7,7,0,16949,7,18269,217,56,1,68,0,1,0,31,-13,0
"2075","Red","Red","Blue","Red",16,1,3,2,1,16532,6.8,18522,245,52,151,878,41,6,7,9,0,16381,7,17644,215,40,1,-25,-5,-4,-7,30,12,-0.2
"2076","Red","Red","Blue","Blue",19,3,8,4,1,19224,7.6,20086,225,56,4674,2219,34,3,3,4,0,14550,7,17867,189,64,1,-15,0,5,0,36,-8,0.6
"2077","Red","Neither","Red","Blue",20,2,1,1,0,13993,6.6,16977,213,43,-961,-1080,38,2,2,2,0,14954,7,18057,235,63,0,-18,0,-1,-1,-22,-20,-0.4
"2078","Blue","Red","Neither","Red",21,2,4,8,0,15235,6.8,17736,208,59,-1089,378,17,4,6,8,0,16324,6.6,17358,208,50,0,4,-2,-2,0,0,9,0.2
"2079","Blue","Neither","Neither","Red",10,3,12,12,0,17839,7,18147,158,43,1278,816,15,0,6,2,0,16561,7,17331,200,48,0,-5,3,6,10,-42,-5,0
"2080","Blue","Neither","Neither","Red",20,3,6,8,0,16932,7.4,19607,243,55,2545,1922,15,2,1,1,0,14387,6.8,17685,240,56,0,5,1,5,7,3,-1,0.600000000000001
"2081","Blue","Blue","Neither","Red",16,3,6,7,0,15990,6.4,16813,191,44,-1800,-1035,23,5,11,11,0,17790,7,17848,217,47,0,-7,-2,-5,-4,-26,-3,-0.6
"2082","Red","Blue","Neither","Red",18,3,8,15,0,16501,6.2,15376,190,27,-383,-667,18,3,6,9,0,16884,6.6,16043,229,50,0,0,0,2,6,-39,-23,-0.399999999999999
"2083","Blue","Blue","Neither","Red",12,4,4,4,0,16193,7.4,19464,225,76,-420,1215,15,2,8,8,0,16613,7.2,18249,207,32,0,-3,2,-4,-4,18,44,0.2
"2084","Red","Neither","Neither","Red",16,3,3,3,0,14696,6.2,14840,185,50,-1033,-1797,36,2,3,5,0,15729,6.8,16637,217,48,0,-20,1,0,-2,-32,2,-0.6
"2085","Red","Blue","Neither","Red",14,4,2,1,0,13980,6.8,16415,221,52,-1860,-1622,16,5,5,7,0,15840,7.2,18037,210,40,0,-2,-1,-3,-6,11,12,-0.4
"2086","Red","Neither","Neither","Red",15,4,4,5,0,15132,6.8,17330,197,53,-1487,-473,17,3,3,4,0,16619,7,17803,235,64,0,-2,1,1,1,-38,-11,-0.2
"2087","Red","Red","Blue","Blue",17,5,5,8,0,14927,6.6,16626,194,44,-3214,-2318,19,3,9,11,0,18141,7,18944,239,39,0,-2,2,-4,-3,-45,5,-0.4
"2088","Red","Red","Red","Red",29,5,6,10,0,17394,7,18465,213,68,-14,-776,42,3,8,8,0,17408,7.2,19241,215,63,0,-13,2,-2,2,-2,5,-0.2
"2089","Red","Red","Neither","Red",15,3,3,2,0,14961,7,18313,230,52,33,817,24,5,4,3,0,14928,7,17496,191,55,0,-9,-2,-1,-1,39,-3,0
"2090","Red","Blue","Neither","Blue",17,2,5,3,0,15256,6.6,16807,192,55,-1857,-2651,14,2,8,10,0,17113,7.4,19458,209,58,0,3,0,-3,-7,-17,-3,-0.800000000000001
"2091","Red","Red","Blue","Blue",85,2,5,2,0,16235,7.2,18790,213,67,-1126,-601,20,2,9,6,0,17361,7.2,19391,230,44,0,65,0,-4,-4,-17,23,0
"2092","Red","Red","Red","Red",17,1,6,9,0,15536,6.4,15213,179,31,-4562,-3519,20,5,11,14,1,20098,7.2,18732,226,51,-1,-3,-4,-5,-5,-47,-20,-0.8
"2093","Blue","Blue","Neither","Blue",40,8,6,14,0,16805,7,18793,230,63,11,64,29,4,6,7,0,16794,7.2,18729,223,56,0,11,4,0,7,7,7,-0.2
"2094","Red","Red","Neither","Blue",16,1,4,5,0,15684,6.6,17047,240,44,-2797,-2649,14,3,10,9,0,18481,7.4,19696,220,66,0,2,-2,-6,-4,20,-22,-0.800000000000001
"2095","Red","Neither","Neither","Blue",17,3,10,14,0,17207,6.8,17379,179,40,519,-748,26,1,10,5,0,16688,7.2,18127,188,55,0,-9,2,0,9,-9,-15,-0.4
"2096","Blue","Neither","Neither","Blue",13,2,8,12,0,17106,7,17729,206,51,1192,779,8,1,6,9,0,15914,6.8,16950,217,47,0,5,1,2,3,-11,4,0.2
"2097","Blue","Blue","Neither","Blue",17,4,5,6,0,18002,7.2,19467,254,76,3761,2092,16,5,1,1,0,14241,6.8,17375,248,48,0,1,-1,4,5,6,28,0.4
"2098","Red","Red","Neither","Blue",17,4,5,9,0,16725,7,18674,228,66,1279,384,19,2,3,1,0,15446,7,18290,251,52,0,-2,2,2,8,-23,14,0
"2099","Red","Neither","Neither","Blue",17,4,7,15,0,17045,7,17969,214,48,-883,-1495,20,3,7,7,0,17928,7.2,19464,250,52,0,-3,1,0,8,-36,-4,-0.2
"2100","Red","Blue","Neither","Red",15,3,2,3,0,13902,6.6,16677,173,60,-4535,-3079,18,3,12,10,0,18437,7.2,19756,240,47,0,-3,0,-10,-7,-67,13,-0.600000000000001
"2101","Blue","Blue","Red","Blue",19,3,13,12,1,21986,7.4,20283,263,58,7242,4995,38,4,4,5,0,14744,6.2,15288,168,40,1,-19,-1,9,7,95,18,1.2
"2102","Red","Red","Red","Red",11,2,3,3,0,15673,7.2,18504,234,47,-546,760,14,0,5,3,0,16219,6.8,17744,237,55,0,-3,2,-2,0,-3,-8,0.4
"2103","Red","Neither","Neither","Red",12,1,4,4,0,14958,6.2,15925,192,52,-4917,-4426,16,0,12,9,1,19875,7.4,20351,241,52,-1,-4,1,-8,-5,-49,0,-1.2
"2104","Blue","Neither","Neither","Blue",18,3,10,8,0,18408,7.4,19945,243,52,5041,3633,15,3,0,0,0,13367,6.6,16312,202,57,0,3,0,10,8,41,-5,0.800000000000001
"2105","Blue","Blue","Neither","Red",13,3,7,2,0,17247,7.2,19189,249,63,2152,2575,17,2,5,7,0,15095,6.8,16614,178,40,0,-4,1,2,-5,71,23,0.4
"2106","Blue","Blue","Neither","Red",19,2,9,10,0,17590,7.2,18788,200,56,1783,2066,44,4,6,6,0,15807,6.8,16722,183,52,0,-25,-2,3,4,17,4,0.4
"2107","Blue","Red","Blue","Red",17,0,9,8,0,17657,7.2,19166,227,56,545,1033,14,2,8,9,0,17112,7,18133,198,40,0,3,-2,1,-1,29,16,0.2
"2108","Red","Red","Neither","Red",10,5,2,3,0,14094,6.2,15768,197,57,-5521,-3591,19,2,10,14,0,19615,7.4,19359,258,52,0,-9,3,-8,-11,-61,5,-1.2
"2109","Blue","Red","Red","Blue",15,0,3,1,0,14629,6.8,17474,184,57,-1623,-951,14,3,4,7,0,16252,7,18425,243,65,0,1,-3,-1,-6,-59,-8,-0.2
"2110","Red","Red","Neither","Red",12,0,1,0,0,12791,6.6,16317,173,46,-4684,-3216,13,1,8,3,0,17475,7.2,19533,239,44,0,-1,-1,-7,-3,-66,2,-0.600000000000001
"2111","Red","Red","Red","Blue",33,2,6,7,0,16879,7.4,19265,203,68,-29,1014,39,2,5,7,0,16908,7,18251,249,43,0,-6,0,1,0,-46,25,0.4
"2112","Blue","Neither","Neither","Red",15,2,5,5,0,16005,6.8,17737,218,55,-1313,-1424,35,0,7,8,0,17318,7,19161,239,52,0,-20,2,-2,-3,-21,3,-0.2
"2113","Blue","Neither","Neither","Blue",21,1,12,10,0,18876,7,18737,218,63,3210,3591,11,5,5,6,1,15666,6,15146,184,32,-1,10,-4,7,4,34,31,1
"2114","Blue","Neither","Neither","Red",15,1,14,13,1,20319,7.2,18956,216,57,5774,2869,17,2,4,1,0,14545,6.4,16087,218,34,1,-2,-1,10,12,-2,23,0.8
"2115","Red","Blue","Blue","Blue",10,2,12,6,1,19975,7.4,20209,213,56,1843,518,13,2,12,9,0,18132,7.2,19691,183,43,1,-3,0,0,-3,30,13,0.2
"2116","Red","Red","Neither","Red",15,0,2,4,0,13761,6.6,16433,187,48,-1400,-2239,13,1,3,1,0,15161,7,18672,247,52,0,2,-1,-1,3,-60,-4,-0.4
"2117","Blue","Blue","Red","Blue",21,5,7,8,0,16940,7,18209,238,44,1995,345,74,6,5,4,0,14945,7.2,17864,193,50,0,-53,-1,2,4,45,-6,-0.2
"2118","Red","Red","Red","Red",12,1,3,2,0,14585,6.6,16310,225,38,-1321,-274,11,0,8,4,0,15906,6.8,16584,185,64,0,1,1,-5,-2,40,-26,-0.2
"2119","Red","Neither","Blue","Red",14,6,7,7,0,16806,6.8,17149,217,50,1904,892,38,6,4,4,0,14902,6.4,16257,200,55,0,-24,0,3,3,17,-5,0.399999999999999
"2120","Red","Blue","Neither","Blue",21,4,5,5,0,15371,6.8,16868,224,43,-612,-1300,16,4,5,7,0,15983,7.2,18168,194,56,0,5,0,0,-2,30,-13,-0.4
"2121","Blue","Neither","Neither","Blue",17,1,12,8,0,18086,6.8,17120,190,42,1030,705,12,2,9,9,0,17056,6.6,16415,174,48,0,5,-1,3,-1,16,-6,0.2
"2122","Red","Red","Neither","Blue",18,2,4,5,0,14246,6.4,16141,189,52,-5112,-2602,17,4,12,19,0,19358,7,18743,200,46,0,1,-2,-8,-14,-11,6,-0.6
"2123","Red","Neither","Neither","Blue",14,5,4,4,0,15220,6.4,16809,236,45,-2475,-2226,19,3,7,9,0,17695,7.2,19035,247,64,0,-5,2,-3,-5,-11,-19,-0.8
"2124","Blue","Blue","Red","Blue",23,2,5,4,0,16448,7.2,19635,245,62,1619,1470,13,0,3,3,0,14829,6.8,18165,209,55,0,10,2,2,1,36,7,0.4
"2125","Blue","Red","Red","Red",15,2,8,6,0,16947,7,18862,184,64,-538,1677,17,2,6,8,1,17485,6.8,17185,198,47,-1,-2,0,2,-2,-14,17,0.2
"2126","Blue","Blue","Neither","Red",14,3,2,1,0,14516,6.8,17487,229,55,-1558,-1472,36,3,3,3,0,16074,7,18959,255,64,0,-22,0,-1,-2,-26,-9,-0.2
"2127","Red","Red","Blue","Red",11,1,4,2,0,14933,6.6,16336,190,56,-2781,-2752,13,1,6,8,0,17714,7.2,19088,204,81,0,-2,0,-2,-6,-14,-25,-0.600000000000001
"2128","Blue","Red","Neither","Blue",13,2,9,6,1,17795,7,18241,220,36,1642,878,15,3,5,5,0,16153,6.8,17363,216,61,1,-2,-1,4,1,4,-25,0.2
"2129","Blue","Red","Blue","Blue",24,3,5,7,0,16137,6.6,17271,219,51,-80,-155,16,6,8,9,0,16217,7,17426,205,40,0,8,-3,-3,-2,14,11,-0.4
"2130","Red","Blue","Neither","Red",14,3,6,8,0,15390,6.8,17104,194,47,-1423,-1150,19,0,7,3,0,16813,7.2,18254,218,56,0,-5,3,-1,5,-24,-9,-0.4
"2131","Red","Red","Neither","Red",14,0,3,3,0,13998,6.4,16659,171,59,-4911,-2529,43,2,11,13,0,18909,7.4,19188,236,53,0,-29,-2,-8,-10,-65,6,-1
"2132","Red","Red","Blue","Blue",19,2,6,7,0,16203,6.4,16391,203,51,-2787,-1507,20,3,12,23,0,18990,7,17898,209,42,0,-1,-1,-6,-16,-6,9,-0.6
"2133","Blue","Blue","Neither","Blue",17,3,2,2,0,15081,6.6,17517,240,59,865,-933,39,5,0,0,0,14216,6.8,18450,252,51,0,-22,-2,2,2,-12,8,-0.2
"2134","Blue","Red","Neither","Blue",55,1,4,5,0,16161,6.8,17916,230,60,901,-1138,14,0,2,3,0,15260,7,19054,246,60,0,41,1,2,2,-16,0,-0.2
"2135","Red","Red","Blue","Red",16,3,4,5,0,15664,6.8,17373,208,60,-2078,-188,16,2,9,10,0,17742,7,17561,214,44,0,0,1,-5,-5,-6,16,-0.2
"2136","Red","Red","Neither","Red",19,2,9,9,0,16896,7,17253,187,61,-1603,-2388,20,6,9,12,0,18499,7.2,19641,250,48,0,-1,-4,0,-3,-63,13,-0.2
"2137","Blue","Blue","Neither","Red",14,5,17,17,1,22296,7.8,21451,251,72,6535,5732,17,2,6,8,0,15761,6.4,15719,177,40,1,-3,3,11,9,74,32,1.4
"2138","Red","Red","Blue","Blue",14,4,5,7,0,15285,6.6,15530,185,44,-2302,-1871,44,2,11,14,0,17587,6.8,17401,165,44,0,-30,2,-6,-7,20,0,-0.2
"2139","Red","Red","Neither","Red",15,2,3,4,0,14584,6.8,16798,220,49,-2543,-1202,18,3,7,7,0,17127,7,18000,258,38,0,-3,-1,-4,-3,-38,11,-0.2
"2140","Red","Red","Neither","Blue",12,0,3,3,0,15206,6.8,17404,205,59,-1711,-1201,20,3,8,11,0,16917,7,18605,217,43,0,-8,-3,-5,-8,-12,16,-0.2
"2141","Red","Red","Neither","Red",15,2,1,1,0,13745,6.6,16710,198,55,-3426,-997,72,4,7,9,0,17171,7,17707,212,60,0,-57,-2,-6,-8,-14,-5,-0.4
"2142","Blue","Red","Neither","Blue",26,5,4,3,0,16210,6.8,19051,261,41,1169,564,20,5,1,1,0,15041,7,18487,232,69,0,6,0,3,2,29,-28,-0.2
"2143","Blue","Blue","Neither","Blue",17,2,6,6,0,16498,7.2,18910,233,60,1857,1385,60,1,3,4,0,14641,7,17525,204,60,0,-43,1,3,2,29,0,0.2
"2144","Blue","Red","Neither","Red",17,4,5,6,0,15778,6.8,17304,235,40,-1829,-1429,23,3,7,3,1,17607,6.8,18733,244,51,-1,-6,1,-2,3,-9,-11,0
"2145","Red","Red","Neither","Red",11,1,3,5,0,14347,6.4,15496,182,53,-3221,-2950,18,1,9,14,0,17568,7.2,18446,192,70,0,-7,0,-6,-9,-10,-17,-0.8
"2146","Blue","Red","Neither","Blue",14,1,7,4,0,16663,6.8,17192,214,55,-1514,-1142,14,1,10,19,0,18177,7,18334,217,39,0,0,0,-3,-15,-3,16,-0.2
"2147","Red","Neither","Neither","Red",12,5,4,6,0,16580,7.6,20102,236,72,409,2037,38,1,5,6,0,16171,7,18065,211,46,0,-26,4,-1,0,25,26,0.6
"2148","Blue","Blue","Neither","Blue",117,8,6,7,0,16036,6.8,17948,200,56,2083,1282,20,6,1,2,0,13953,6.8,16666,221,46,0,97,2,5,5,-21,10,0
"2149","Red","Red","Neither","Red",17,3,2,4,0,13298,6.6,16659,192,37,-3826,-2595,14,3,4,5,0,17124,7.2,19254,250,74,0,3,0,-2,-1,-58,-37,-0.600000000000001
"2150","Blue","Neither","Neither","Blue",33,1,9,8,0,16959,7.2,19195,199,43,1788,1922,15,2,5,2,0,15171,6.6,17273,187,44,0,18,-1,4,6,12,-1,0.600000000000001
"2151","Blue","Neither","Neither","Red",17,2,11,12,0,18173,7,18943,218,39,3036,1949,10,1,4,4,0,15137,6.8,16994,203,40,0,7,1,7,8,15,-1,0.2
"2152","Blue","Blue","Blue","Red",13,5,5,5,0,16122,7.2,19143,236,59,-221,1274,15,2,5,7,0,16343,7,17869,225,41,0,-2,3,0,-2,11,18,0.2
"2153","Blue","Red","Blue","Blue",13,3,5,5,0,16582,6.8,18262,216,66,380,-239,58,4,4,6,0,16202,6.8,18501,246,41,0,-45,-1,1,-1,-30,25,0
"2154","Red","Neither","Neither","Red",10,2,5,3,0,15126,6.8,16897,206,31,-4864,-2252,15,3,13,11,0,19990,7.4,19149,217,57,0,-5,-1,-8,-8,-11,-26,-0.600000000000001
"2155","Blue","Red","Blue","Red",13,2,11,9,0,17666,7.4,19949,218,45,2405,3251,16,3,4,4,0,15261,6.6,16698,204,45,0,-3,-1,7,5,14,0,0.800000000000001
"2156","Blue","Red","Neither","Blue",16,2,6,7,0,16172,6.4,15969,191,52,-1260,-2264,19,1,10,12,0,17432,6.8,18233,207,49,0,-3,1,-4,-5,-16,3,-0.399999999999999
"2157","Blue","Neither","Neither","Blue",17,4,7,3,0,15609,6.8,16832,182,38,-2569,-2934,15,1,9,9,0,18178,7.6,19766,212,70,0,2,3,-2,-6,-30,-32,-0.8
"2158","Red","Blue","Neither","Blue",45,10,5,8,0,15897,7.2,17465,216,59,-503,-896,23,9,7,7,0,16400,7,18361,225,44,0,22,1,-2,1,-9,15,0.2
"2159","Blue","Red","Neither","Blue",13,7,8,12,0,18810,7,19127,261,42,5189,2522,22,1,1,1,0,13621,6.6,16605,194,53,0,-9,6,7,11,67,-11,0.4
"2160","Red","Red","Blue","Red",21,5,3,2,0,15759,7,17815,245,53,-183,-779,114,6,4,3,0,15942,7.4,18594,230,64,0,-93,-1,-1,-1,15,-11,-0.4
"2161","Blue","Neither","Neither","Blue",35,2,5,6,0,15411,7,17827,215,39,-43,-152,11,4,4,3,0,15454,7,17979,224,54,0,24,-2,1,3,-9,-15,0
"2162","Blue","Blue","Neither","Blue",41,3,8,10,0,16526,7,18130,174,44,-2720,-2680,19,5,10,7,0,19246,7.6,20810,239,79,0,22,-2,-2,3,-65,-35,-0.6
"2163","Red","Neither","Blue","Blue",17,4,11,8,0,17781,7.2,19581,225,45,2359,1828,79,3,4,3,0,15422,6.8,17753,215,60,0,-62,1,7,5,10,-15,0.4
"2164","Blue","Blue","Neither","Blue",23,0,13,17,1,20028,7,18736,213,43,4887,2100,16,5,4,2,0,15141,6.6,16636,207,56,1,7,-5,9,15,6,-13,0.4
"2165","Blue","Blue","Neither","Blue",16,4,10,7,0,18725,7.2,19463,248,69,4073,1397,18,3,2,1,0,14652,6.8,18066,225,63,0,-2,1,8,6,23,6,0.4
"2166","Red","Neither","Neither","Red",39,6,3,6,0,15365,6.8,18102,216,60,-1519,-1284,24,2,5,5,0,16884,7.4,19386,245,59,0,15,4,-2,1,-29,1,-0.600000000000001
"2167","Red","Neither","Neither","Red",11,1,5,4,0,15727,6.8,17147,198,46,-4245,-3455,15,0,15,20,0,19972,7.4,20602,227,47,0,-4,1,-10,-16,-29,-1,-0.600000000000001
"2168","Red","Red","Neither","Blue",38,4,3,3,0,15541,7,18700,236,48,-376,-71,14,0,6,5,0,15917,7,18771,226,48,0,24,4,-3,-2,10,0,0
"2169","Red","Red","Neither","Red",12,3,2,1,0,14183,7,17123,221,51,-4625,-1753,15,2,8,12,0,18808,7,18876,248,56,0,-3,1,-6,-11,-27,-5,0
"2170","Blue","Blue","Neither","Blue",11,2,8,7,0,17135,7.6,19855,216,60,1247,2354,14,0,6,9,0,15888,6.8,17501,196,42,0,-3,2,2,-2,20,18,0.8
"2171","Blue","Red","Neither","Blue",13,2,5,4,0,16637,7,18095,250,51,2712,1161,39,2,0,0,0,13925,7,16934,215,62,0,-26,0,5,4,35,-11,0
"2172","Blue","Red","Blue","Red",18,2,4,6,0,15536,6.6,16788,234,48,-1972,-1064,19,6,7,14,0,17508,7,17852,223,58,0,-1,-4,-3,-8,11,-10,-0.4
"2173","Red","Red","Neither","Red",44,3,5,7,0,15755,6.4,16436,203,39,-4136,-3444,11,6,14,12,0,19891,7.4,19880,222,52,0,33,-3,-9,-5,-19,-13,-1
"2174","Red","Neither","Blue","Red",18,1,5,2,0,15795,7.2,18512,201,53,187,1356,15,5,5,3,0,15608,7,17156,204,45,0,3,-4,0,-1,-3,8,0.2
"2175","Red","Blue","Neither","Red",14,2,2,2,0,13590,6.6,15723,170,56,-3089,-1857,18,1,6,6,0,16679,6.8,17580,215,47,0,-4,1,-4,-4,-45,9,-0.2
"2176","Red","Red","Blue","Blue",12,6,4,6,0,16260,6.8,18128,225,63,266,-282,78,2,5,10,0,15994,7.2,18410,224,48,0,-66,4,-1,-4,1,15,-0.4
"2177","Red","Neither","Neither","Blue",16,4,6,13,0,15859,6.8,16551,209,44,-947,-2043,24,4,5,6,0,16806,6.8,18594,218,61,0,-8,0,1,7,-9,-17,0
"2178","Blue","Neither","Blue","Blue",18,0,11,12,0,18137,7,18617,207,51,4177,2615,35,2,1,0,0,13960,6.4,16002,205,54,0,-17,-2,10,12,2,-3,0.6
"2179","Blue","Blue","Neither","Blue",14,4,8,14,0,17451,6.8,17118,210,53,2470,1058,14,1,4,3,0,14981,6.6,16060,219,30,0,0,3,4,11,-9,23,0.2
"2180","Blue","Neither","Neither","Blue",19,2,5,5,0,15679,6.6,16202,224,36,812,237,18,6,4,7,0,14867,6.4,15965,220,36,0,1,-4,1,-2,4,0,0.199999999999999
"2181","Red","Red","Blue","Red",127,3,9,8,1,18502,7.2,19709,212,51,2010,2112,52,2,7,11,0,16492,6.6,17597,194,48,1,75,1,2,-3,18,3,0.600000000000001
"2182","Blue","Blue","Neither","Red",50,2,4,5,0,15120,6.8,16751,218,48,938,2052,13,1,3,3,0,14182,5.8,14699,178,46,0,37,1,1,2,40,2,1
"2183","Red","Neither","Blue","Red",16,1,5,4,0,15539,6.4,16163,163,50,-1337,-1246,18,2,9,9,0,16876,7,17409,190,42,0,-2,-1,-4,-5,-27,8,-0.6
"2184","Red","Blue","Neither","Red",35,3,3,2,0,13879,6.6,16319,148,62,-2967,-3336,14,2,6,2,0,16846,7.2,19655,223,69,0,21,1,-3,0,-75,-7,-0.600000000000001
"2185","Red","Red","Neither","Red",17,0,6,4,0,15640,7,17472,195,41,-1567,-232,14,7,9,13,0,17207,7,17704,216,46,0,3,-7,-3,-9,-21,-5,0
"2186","Blue","Red","Neither","Blue",19,4,9,9,0,18738,7,18081,246,48,3660,577,17,1,4,5,0,15078,6.8,17504,196,68,0,2,3,5,4,50,-20,0.2
"2187","Red","Red","Neither","Blue",15,1,8,13,0,18509,7,18932,270,36,3602,274,12,3,3,3,0,14907,7,18658,217,62,0,3,-2,5,10,53,-26,0
"2188","Blue","Red","Red","Blue",16,1,3,5,0,15441,7,18222,226,55,329,601,14,1,5,3,0,15112,6.8,17621,203,56,0,2,0,-2,2,23,-1,0.2
"2189","Blue","Neither","Neither","Blue",20,4,5,6,0,15887,6.8,16554,201,44,231,-446,21,3,4,4,0,15656,6.4,17000,210,44,0,-1,1,1,2,-9,0,0.399999999999999
"2190","Blue","Neither","Blue","Blue",13,2,7,5,0,16242,7,17867,218,48,2156,2101,17,0,2,3,0,14086,6.4,15766,212,38,0,-4,2,5,2,6,10,0.6
"2191","Red","Red","Blue","Blue",17,4,4,5,0,15714,7,17384,210,56,1378,-144,15,5,0,0,0,14336,6.8,17528,259,60,0,2,-1,4,5,-49,-4,0.2
"2192","Red","Neither","Neither","Red",14,1,3,1,0,15087,7,17316,250,48,-523,-224,14,1,4,7,0,15610,6.8,17540,203,52,0,0,0,-1,-6,47,-4,0.2
"2193","Red","Neither","Blue","Red",22,1,7,4,0,16680,6.8,17712,196,43,-72,-118,16,5,6,5,0,16752,7,17830,223,44,0,6,-4,1,-1,-27,-1,-0.2
"2194","Blue","Red","Neither","Red",42,3,8,8,0,17639,6.6,16561,194,48,-887,-501,51,5,13,20,0,18526,6.8,17062,198,36,0,-9,-2,-5,-12,-4,12,-0.2
"2195","Blue","Neither","Neither","Blue",24,4,9,16,0,18000,7,18178,204,40,796,290,15,4,7,17,0,17204,6.8,17888,187,64,0,9,0,2,-1,17,-24,0.2
"2196","Red","Red","Red","Red",17,2,2,3,0,13443,6.4,15718,192,40,-3241,-2297,21,1,7,3,0,16684,6.8,18015,217,60,0,-4,1,-5,0,-25,-20,-0.399999999999999
"2197","Red","Red","Red","Blue",12,2,10,18,0,18121,7.4,19091,230,49,833,-523,26,0,8,7,0,17288,7.2,19614,217,56,0,-14,2,2,11,13,-7,0.2
"2198","Blue","Blue","Neither","Blue",14,2,3,2,0,14765,6.4,16630,200,47,-2462,-558,17,2,9,15,0,17227,6.8,17188,205,47,0,-3,0,-6,-13,-5,0,-0.399999999999999
"2199","Blue","Blue","Blue","Red",20,2,8,7,0,17474,7.2,18038,226,54,-2112,-582,18,4,12,14,0,19586,7.2,18620,223,34,0,2,-2,-4,-7,3,20,0
"2200","Blue","Blue","Blue","Blue",15,4,12,18,1,20176,7,18972,218,60,4634,2354,16,0,5,3,0,15542,6.6,16618,217,43,1,-1,4,7,15,1,17,0.4
"2201","Blue","Neither","Neither","Blue",38,4,9,6,1,19574,7.6,20323,237,59,4279,3408,20,5,3,6,0,15295,6.8,16915,234,58,1,18,-1,6,0,3,1,0.8
"2202","Red","Red","Neither","Blue",16,3,5,4,0,15866,6.6,16957,222,51,-635,-2299,15,1,7,5,0,16501,7.2,19256,215,56,0,1,2,-2,-1,7,-5,-0.600000000000001
"2203","Blue","Neither","Neither","Blue",34,5,12,8,0,19313,7.8,21625,237,56,4185,3858,14,0,5,2,0,15128,7.2,17767,182,68,0,20,5,7,6,55,-12,0.6
"2204","Red","Neither","Neither","Red",18,1,2,1,0,15125,6.8,17716,241,56,-1770,-1069,13,5,5,5,0,16895,7,18785,250,57,0,5,-4,-3,-4,-9,-1,-0.2
"2205","Red","Red","Neither","Blue",16,1,6,4,0,16485,7.2,18589,220,44,-750,-906,12,2,6,6,0,17235,7.4,19495,242,64,0,4,-1,0,-2,-22,-20,-0.2
"2206","Red","Neither","Blue","Red",14,2,2,1,0,14815,7,18080,233,54,-931,1384,86,3,5,4,0,15746,6.6,16696,209,52,0,-72,-1,-3,-3,24,2,0.4
"2207","Blue","Red","Red","Red",86,3,4,4,0,15176,6.6,17215,227,46,-676,359,17,0,5,6,0,15852,6.8,16856,225,56,0,69,3,-1,-2,2,-10,-0.2
"2208","Red","Red","Blue","Red",16,0,1,0,0,13589,6.6,16161,207,60,-5793,-4650,16,2,10,12,0,19382,7.8,20811,250,60,0,0,-2,-9,-12,-43,0,-1.2
"2209","Blue","Red","Neither","Red",21,6,7,11,0,17012,7,17924,226,35,1595,-63,48,7,4,3,0,15417,6.8,17987,230,56,0,-27,-1,3,8,-4,-21,0.2
"2210","Blue","Blue","Neither","Red",44,5,5,7,0,17126,6.8,17880,248,53,1936,448,16,4,2,2,0,15190,6.8,17432,230,71,0,28,1,3,5,18,-18,0
"2211","Red","Red","Neither","Red",13,5,4,4,0,15102,6.8,17421,214,56,-2173,-2274,16,7,9,9,0,17275,7.4,19695,212,59,0,-3,-2,-5,-5,2,-3,-0.600000000000001
"2212","Blue","Blue","Neither","Blue",14,4,8,16,0,17338,7,18403,214,54,1554,727,16,3,5,6,0,15784,6.6,17676,239,48,0,-2,1,3,10,-25,6,0.4
"2213","Blue","Red","Blue","Blue",15,5,5,6,0,17402,7.4,19335,246,60,2067,2098,17,3,4,4,0,15335,7,17237,230,40,0,-2,2,1,2,16,20,0.4
"2214","Red","Blue","Neither","Blue",13,6,2,2,0,14514,7,17851,211,63,-1386,-450,39,2,5,1,0,15900,6.8,18301,242,55,0,-26,4,-3,1,-31,8,0.2
"2215","Blue","Blue","Neither","Red",12,4,9,13,0,18442,7,18882,256,56,4401,2408,18,2,2,5,0,14041,6.6,16474,193,47,0,-6,2,7,8,63,9,0.4
"2216","Red","Red","Neither","Red",14,7,1,2,0,15231,7,18127,262,52,-13,-378,15,1,2,3,0,15244,7,18505,232,67,0,-1,6,-1,-1,30,-15,0
"2217","Red","Red","Red","Red",17,1,6,4,0,17328,7.2,20229,245,72,1336,1171,19,4,6,5,0,15992,7.2,19058,224,52,0,-2,-3,0,-1,21,20,0
"2218","Red","Neither","Neither","Blue",15,1,10,12,0,17767,7.4,18168,194,52,163,-368,14,2,8,13,0,17604,7,18536,211,52,0,1,-1,2,-1,-17,0,0.4
"2219","Red","Red","Red","Blue",14,3,3,5,0,15389,6.8,17782,231,60,-1930,-1452,19,4,3,4,1,17319,7.2,19234,276,52,-1,-5,-1,0,1,-45,8,-0.4
"2220","Red","Red","Neither","Red",18,1,3,4,0,15298,6.8,17815,223,42,-960,-1574,12,3,7,4,0,16258,7.2,19389,240,52,0,6,-2,-4,0,-17,-10,-0.4
"2221","Red","Red","Neither","Blue",16,2,5,5,1,17659,7,18422,225,44,2021,-274,11,3,6,7,0,15638,7,18696,196,48,1,5,-1,-1,-2,29,-4,0
"2222","Blue","Red","Neither","Red",15,2,6,8,0,17201,7.2,19652,239,57,1820,1893,12,2,4,5,0,15381,7,17759,219,58,0,3,0,2,3,20,-1,0.2
"2223","Red","Red","Red","Red",15,6,2,2,0,15656,6.8,17712,240,51,265,682,58,3,3,6,0,15391,6.6,17030,201,55,0,-43,3,-1,-4,39,-4,0.2
"2224","Red","Red","Neither","Blue",39,7,6,10,0,16889,6.8,17536,240,28,505,-255,17,3,6,6,0,16384,7,17791,230,53,0,22,4,0,4,10,-25,-0.2
"2225","Blue","Blue","Neither","Blue",37,5,11,13,0,18520,7.2,18859,204,48,2413,2181,18,0,6,8,0,16107,6.6,16678,206,48,0,19,5,5,5,-2,0,0.600000000000001
"2226","Red","Red","Neither","Blue",25,1,3,4,0,14564,6.6,16320,209,51,-1966,-1998,15,1,6,8,0,16530,7,18318,220,64,0,10,0,-3,-4,-11,-13,-0.4
"2227","Red","Blue","Blue","Blue",17,3,5,6,0,16635,7,18522,217,51,799,239,61,0,4,9,0,15836,6.8,18283,240,52,0,-44,3,1,-3,-23,-1,0.2
"2228","Red","Blue","Neither","Red",15,1,4,2,0,15230,6.6,17421,192,68,-2169,-1630,16,1,9,7,0,17399,7.2,19051,218,26,0,-1,0,-5,-5,-26,42,-0.600000000000001
"2229","Blue","Blue","Red","Red",12,4,2,1,0,14906,6.8,17928,229,55,-2361,-1663,12,1,8,10,0,17267,7,19591,230,52,0,0,3,-6,-9,-1,3,-0.2
"2230","Blue","Blue","Blue","Blue",16,2,8,9,0,17706,6.8,17285,221,52,3588,1289,45,1,3,4,0,14118,6.6,15996,190,52,0,-29,1,5,5,31,0,0.2
"2231","Blue","Blue","Red","Blue",16,2,4,4,0,16238,7,18332,234,64,-348,-11,15,3,4,3,0,16586,7,18343,236,72,0,1,-1,0,1,-2,-8,0
"2232","Red","Blue","Neither","Red",19,8,5,5,0,16221,7,18135,241,49,1457,1939,22,2,4,9,0,14764,6.6,16196,205,43,0,-3,6,1,-4,36,6,0.4
"2233","Blue","Blue","Red","Red",13,1,6,7,0,16564,7,17725,222,48,-850,-256,18,2,7,7,0,17414,7,17981,201,56,0,-5,-1,-1,0,21,-8,0
"2234","Red","Red","Neither","Blue",15,1,2,2,0,14712,6.2,15826,202,52,-4016,-3206,17,2,13,17,0,18728,7,19032,253,48,0,-2,-1,-11,-15,-51,4,-0.8
"2235","Blue","Red","Red","Red",54,6,7,5,0,17042,7.6,20182,189,62,1264,2805,17,1,6,4,0,15778,6.8,17377,225,46,0,37,5,1,1,-36,16,0.8
"2236","Blue","Neither","Neither","Blue",15,2,10,11,0,18104,7.4,19373,201,60,4142,2934,22,2,2,1,0,13962,6.6,16439,176,49,0,-7,0,8,10,25,11,0.800000000000001
"2237","Red","Red","Neither","Red",45,5,3,3,0,15128,6.8,18400,215,54,-279,577,17,3,4,5,0,15407,7,17823,244,48,0,28,2,-1,-2,-29,6,-0.2
"2238","Blue","Blue","Neither","Blue",16,3,7,5,0,17773,7,18860,262,48,2521,2240,19,3,4,4,0,15252,6.6,16620,197,51,0,-3,0,3,1,65,-3,0.4
"2239","Blue","Blue","Neither","Blue",15,2,7,5,0,17263,7.4,19542,237,66,715,-69,17,1,5,5,0,16548,7.6,19611,231,68,0,-2,1,2,0,6,-2,-0.199999999999999
"2240","Blue","Blue","Red","Blue",10,1,8,5,0,17325,7,19648,246,55,744,1657,15,0,7,6,0,16581,6.8,17991,216,36,0,-5,1,1,-1,30,19,0.2
"2241","Blue","Neither","Neither","Blue",14,1,13,9,0,19195,7.2,19569,205,44,2818,1675,14,1,5,4,0,16377,7,17894,200,56,0,0,0,8,5,5,-12,0.2
"2242","Blue","Red","Blue","Red",22,5,3,1,0,16246,7.2,19387,253,60,2679,3685,13,2,2,2,0,13567,6.6,15702,169,60,0,9,3,1,-1,84,0,0.600000000000001
"2243","Blue","Blue","Neither","Red",129,4,7,10,0,16570,7,18238,206,56,-1262,-769,13,5,9,14,0,17832,7,19007,231,50,0,116,-1,-2,-4,-25,6,0
"2244","Blue","Blue","Neither","Blue",14,3,5,5,0,15790,7.2,18873,216,56,1074,1004,55,1,2,1,0,14716,7,17869,211,72,0,-41,2,3,4,5,-16,0.2
"2245","Red","Red","Neither","Red",18,7,6,6,0,16598,6.8,17279,196,64,-1814,-946,20,5,9,13,0,18412,6.8,18225,231,40,0,-2,2,-3,-7,-35,24,0
"2246","Blue","Red","Blue","Blue",14,0,12,5,2,20018,7.6,20654,226,44,6489,4212,13,1,4,0,0,13529,6.6,16442,172,37,2,1,-1,8,5,54,7,1
"2247","Blue","Blue","Neither","Blue",39,3,9,8,0,17797,7.2,19126,220,48,2094,2788,16,3,6,8,0,15703,6.8,16338,203,40,0,23,0,3,0,17,8,0.4
"2248","Blue","Neither","Neither","Blue",16,4,7,7,0,16160,6.8,17319,206,60,-106,-62,57,2,6,5,0,16266,6.8,17381,229,36,0,-41,2,1,2,-23,24,0
"2249","Red","Red","Red","Red",13,0,1,1,0,12926,6.2,14637,164,55,-7952,-5684,14,3,11,12,1,20878,7.4,20321,254,44,-1,-1,-3,-10,-11,-90,11,-1.2
"2250","Blue","Blue","Neither","Blue",18,2,2,2,0,14922,7.2,18119,227,65,-1316,-1111,22,2,4,1,0,16238,6.8,19230,247,65,0,-4,0,-2,1,-20,0,0.4
"2251","Blue","Neither","Neither","Blue",18,2,11,5,0,18702,7.4,18736,234,53,1713,1791,15,3,9,6,0,16989,6.6,16945,179,38,0,3,-1,2,-1,55,15,0.800000000000001
"2252","Red","Blue","Blue","Blue",14,2,7,5,0,17111,7,17761,231,48,1318,764,16,0,4,4,0,15793,6.8,16997,226,42,0,-2,2,3,1,5,6,0.2
"2253","Blue","Neither","Blue","Blue",16,2,11,8,0,18762,7,18724,202,40,1378,1187,15,2,10,6,0,17384,7,17537,212,52,0,1,0,1,2,-10,-12,0
"2254","Red","Red","Neither","Blue",20,2,6,3,0,16386,7,18401,207,62,-610,514,14,4,8,11,0,16996,7,17887,211,36,0,6,-2,-2,-8,-4,26,0
"2255","Blue","Neither","Neither","Blue",15,4,7,8,0,15887,6.8,17319,171,57,-560,-1443,16,1,7,3,0,16447,7,18762,209,39,0,-1,3,0,5,-38,18,-0.2
"2256","Red","Red","Red","Blue",16,2,5,2,0,16363,7,18270,225,63,244,-408,15,1,7,7,0,16119,7,18678,197,60,0,1,1,-2,-5,28,3,0
"2257","Blue","Red","Neither","Blue",13,4,8,11,0,17356,7,18583,206,64,2028,1844,17,1,4,2,0,15328,6.8,16739,227,55,0,-4,3,4,9,-21,9,0.2
"2258","Blue","Neither","Neither","Blue",14,0,10,7,0,17677,7,17477,184,67,-44,-2245,14,4,8,9,0,17721,7.4,19722,224,40,0,0,-4,2,-2,-40,27,-0.4
"2259","Blue","Blue","Blue","Red",11,1,5,2,0,16101,7.2,18784,230,68,-2069,-242,13,1,8,6,0,18170,7,19026,239,52,0,-2,0,-3,-4,-9,16,0.2
"2260","Blue","Neither","Neither","Blue",14,2,8,15,0,18257,7,18323,209,49,4340,1841,26,1,2,2,0,13917,6.6,16482,194,46,0,-12,1,6,13,15,3,0.4
"2261","Red","Blue","Neither","Blue",75,2,8,8,0,16801,7.2,19121,198,54,-209,417,15,1,5,6,0,17010,7,18704,229,52,0,60,1,3,2,-31,2,0.2
"2262","Red","Red","Neither","Red",15,0,9,10,0,17352,6.6,17764,220,45,612,678,16,1,7,3,0,16740,6.8,17086,223,48,0,-1,-1,2,7,-3,-3,-0.2
"2263","Red","Red","Neither","Blue",19,2,7,12,0,16594,6.6,16531,210,40,-712,-537,18,2,9,16,0,17306,6.8,17068,170,64,0,1,0,-2,-4,40,-24,-0.2
"2264","Red","Red","Neither","Red",13,3,6,5,0,15796,6.6,17324,195,59,-2815,-2607,14,6,10,11,0,18611,7.6,19931,243,72,0,-1,-3,-4,-6,-48,-13,-1
"2265","Red","Red","Neither","Red",15,2,5,6,0,16372,7,18609,234,44,611,817,49,2,5,5,0,15761,6.8,17792,222,47,0,-34,0,0,1,12,-3,0.2
"2266","Blue","Blue","Blue","Blue",21,5,7,6,0,17088,7.2,19719,220,55,1358,641,16,4,6,4,0,15730,7.2,19078,211,50,0,5,1,1,2,9,5,0
"2267","Red","Red","Neither","Blue",16,3,6,8,0,16086,7,17888,199,48,-756,-831,37,4,7,8,0,16842,7.2,18719,235,60,0,-21,-1,-1,0,-36,-12,-0.2
"2268","Blue","Red","Blue","Red",15,5,7,6,0,17323,7.2,18801,240,49,1248,-243,21,2,5,4,0,16075,7.2,19044,222,58,0,-6,3,2,2,18,-9,0
"2269","Blue","Red","Neither","Red",19,1,4,4,0,15205,6.8,17501,234,44,457,690,18,2,2,2,0,14748,6.6,16811,250,45,0,1,-1,2,2,-16,-1,0.2
"2270","Blue","Red","Neither","Red",9,1,4,4,0,16009,7,17560,214,47,-1917,823,14,1,8,11,1,17926,6.8,16737,198,36,-1,-5,0,-4,-7,16,11,0.2
"2271","Blue","Red","Blue","Red",14,1,5,5,1,17531,7.4,19484,241,46,2351,1317,12,2,3,3,0,15180,7,18167,223,44,1,2,-1,2,2,18,2,0.4
"2272","Blue","Blue","Neither","Red",11,2,3,5,0,15310,7.2,18085,228,52,-354,-8,61,2,5,2,0,15664,7,18093,239,43,0,-50,0,-2,3,-11,9,0.2
"2273","Red","Red","Red","Red",14,3,4,2,0,14882,6.6,17103,192,36,-5337,-2474,17,2,9,12,1,20219,7.2,19577,249,56,-1,-3,1,-5,-10,-57,-20,-0.600000000000001
"2274","Red","Neither","Blue","Blue",19,3,4,4,0,15628,6.8,16659,233,42,-2316,-2043,18,4,9,10,0,17944,7,18702,243,40,0,1,-1,-5,-6,-10,2,-0.2
"2275","Red","Red","Red","Red",14,3,3,6,0,14208,6.4,14744,212,36,-4960,-3887,15,2,10,17,0,19168,7.2,18631,235,54,0,-1,1,-7,-11,-23,-18,-0.8
"2276","Blue","Blue","Blue","Blue",35,2,9,12,1,19629,7.6,21016,232,59,3865,4032,17,0,3,7,0,15764,6.8,16984,225,47,1,18,2,6,5,7,12,0.8
"2277","Blue","Blue","Neither","Blue",17,2,7,13,0,17782,7.2,19382,225,72,2506,1793,16,5,3,3,0,15276,6.8,17589,220,57,0,1,-3,4,10,5,15,0.4
"2278","Red","Red","Neither","Red",20,5,2,1,0,14790,7.2,18109,240,58,-1156,466,17,5,4,5,0,15946,6.8,17643,240,48,0,3,0,-2,-4,0,10,0.4
"2279","Red","Red","Blue","Blue",15,2,8,8,0,17381,7,18978,218,60,-119,-766,52,3,6,6,0,17500,7.2,19744,235,75,0,-37,-1,2,2,-17,-15,-0.2
"2280","Red","Red","Red","Blue",18,2,6,9,0,16450,7,17518,212,61,-577,-1953,14,3,6,5,0,17027,7.2,19471,239,55,0,4,-1,0,4,-27,6,-0.2
"2281","Red","Red","Red","Red",11,2,5,6,0,16456,6.6,17035,213,51,355,-798,19,1,7,5,0,16101,6.8,17833,223,60,0,-8,1,-2,1,-10,-9,-0.2
"2282","Red","Red","Neither","Red",17,2,4,2,0,15201,7,16780,174,64,-2381,-461,52,1,9,13,0,17582,6.6,17241,208,44,0,-35,1,-5,-11,-34,20,0.4
"2283","Blue","Blue","Blue","Blue",17,3,8,8,0,17523,7,18222,240,51,1928,1805,13,3,5,7,0,15595,6.8,16417,209,45,0,4,0,3,1,31,6,0.2
"2284","Red","Red","Red","Blue",16,3,7,8,0,17072,7,17587,228,52,166,-650,14,2,7,8,0,16906,7,18237,223,50,0,2,1,0,0,5,2,0
"2285","Red","Neither","Neither","Blue",21,2,11,13,0,18878,6.8,18276,222,48,1212,-257,18,2,11,8,0,17666,7,18533,212,40,0,3,0,0,5,10,8,-0.2
"2286","Red","Red","Red","Red",11,3,4,5,0,14782,6.8,16617,211,47,-1430,-2438,38,1,4,3,0,16212,7.2,19055,236,64,0,-27,2,0,2,-25,-17,-0.4
"2287","Red","Blue","Neither","Red",14,4,3,4,0,14017,6.6,16410,182,56,-4941,-2777,16,4,11,8,0,18958,7.4,19187,227,44,0,-2,0,-8,-4,-45,12,-0.800000000000001
"2288","Red","Neither","Neither","Red",17,8,7,8,0,16670,7,17287,220,42,-508,-1385,20,3,8,6,0,17178,7,18672,217,54,0,-3,5,-1,2,3,-12,0
"2289","Red","Red","Neither","Blue",11,0,5,2,0,14681,6.8,17137,174,44,-2985,-3019,9,0,9,8,0,17666,7.6,20156,213,55,0,2,0,-4,-6,-39,-11,-0.8
"2290","Blue","Red","Neither","Blue",19,2,3,3,0,15268,6.2,15740,202,60,460,-952,14,5,4,9,0,14808,6.6,16692,209,40,0,5,-3,-1,-6,-7,20,-0.399999999999999
"2291","Red","Red","Red","Red",12,4,5,10,0,15748,7,17980,203,52,-326,833,89,4,5,5,0,16074,6.6,17147,204,54,0,-77,0,0,5,-1,-2,0.4
"2292","Blue","Blue","Neither","Blue",17,3,9,9,0,17284,7,18315,238,44,2670,1589,15,3,4,3,0,14614,6.6,16726,208,42,0,2,0,5,6,30,2,0.4
"2293","Red","Neither","Red","Blue",10,2,6,5,0,16806,6.8,17635,205,56,-210,-130,14,1,7,7,0,17016,6.6,17765,230,45,0,-4,1,-1,-2,-25,11,0.2
"2294","Blue","Neither","Neither","Red",11,1,5,7,0,15334,6.8,17065,193,45,-2412,-2055,16,2,6,5,0,17746,7.2,19120,243,54,0,-5,-1,-1,2,-50,-9,-0.4
"2295","Red","Red","Red","Red",14,5,3,4,0,15333,7.2,18245,220,60,-3737,-1022,21,1,8,12,1,19070,7.4,19267,260,44,-1,-7,4,-5,-8,-40,16,-0.2
"2296","Blue","Neither","Red","Red",13,0,7,5,0,17491,7.2,19044,251,60,2026,460,11,2,5,3,0,15465,7.2,18584,189,73,0,2,-2,2,2,62,-13,0
"2297","Blue","Blue","Neither","Blue",14,1,4,3,0,15698,7.4,18966,214,64,-544,671,12,2,5,5,0,16242,6.8,18295,238,44,0,2,-1,-1,-2,-24,20,0.600000000000001
"2298","Blue","Blue","Blue","Blue",128,4,7,10,0,18223,7.2,18996,230,52,3399,2362,97,2,4,1,0,14824,6.8,16634,200,39,0,31,2,3,9,30,13,0.4
"2299","Blue","Blue","Blue","Blue",15,1,10,14,0,18360,7.2,19276,222,44,793,475,14,0,8,7,0,17567,7.4,18801,215,56,0,1,1,2,7,7,-12,-0.2
"2300","Blue","Neither","Blue","Red",17,6,4,4,0,16178,7.6,19249,223,80,297,1259,19,4,5,5,0,15881,7,17990,225,48,0,-2,2,-1,-1,-2,32,0.6
"2301","Blue","Blue","Neither","Blue",138,2,3,4,0,15048,6.8,17795,223,52,-394,-1174,15,2,3,3,0,15442,7.2,18969,253,47,0,123,0,0,1,-30,5,-0.4
"2302","Blue","Neither","Neither","Red",15,3,7,14,0,16865,6.8,17583,211,59,1897,1014,13,3,4,5,0,14968,6.6,16569,182,28,0,2,0,3,9,29,31,0.2
"2303","Red","Red","Neither","Red",14,1,7,8,1,18072,7.2,18740,221,40,222,1327,12,3,9,10,0,17850,6.8,17413,202,51,1,2,-2,-2,-2,19,-11,0.4
"2304","Red","Neither","Neither","Blue",17,1,11,6,0,17500,7.2,18895,193,54,658,747,13,1,7,10,0,16842,6.8,18148,193,64,0,4,0,4,-4,0,-10,0.4
"2305","Red","Red","Neither","Blue",14,1,6,5,0,16688,6.8,17793,213,44,-214,-334,36,2,7,8,0,16902,7,18127,201,71,0,-22,-1,-1,-3,12,-27,-0.2
"2306","Red","Red","Red","Blue",14,0,9,6,0,17384,6.8,18722,227,48,-898,-939,12,0,9,9,0,18282,7.2,19661,225,56,0,2,0,0,-3,2,-8,-0.4
"2307","Red","Red","Blue","Blue",11,4,3,1,0,15126,7.2,18480,214,72,-3439,-1460,14,0,8,6,0,18565,7.2,19940,251,56,0,-3,4,-5,-5,-37,16,0
"2308","Blue","Neither","Neither","Blue",35,2,7,4,0,17214,7,18791,241,64,1892,1261,21,5,5,5,0,15322,6.8,17530,214,43,0,14,-3,2,-1,27,21,0.2
"2309","Red","Red","Neither","Red",12,2,9,6,0,17389,6.8,17933,226,36,-1428,-656,15,1,11,12,0,18817,7,18589,237,43,0,-3,1,-2,-6,-11,-7,-0.2
"2310","Red","Red","Neither","Red",19,2,3,2,0,14564,6.6,17178,214,43,-1999,-647,21,6,4,5,0,16563,7,17825,238,64,0,-2,-4,-1,-3,-24,-21,-0.4
"2311","Red","Red","Neither","Red",9,3,5,3,1,17670,7,19067,253,56,1191,1276,11,1,6,5,0,16479,6.8,17791,166,67,1,-2,2,-1,-2,87,-11,0.2
"2312","Blue","Red","Neither","Red",12,1,6,5,0,16296,7.2,18903,216,52,301,872,12,2,6,5,0,15995,6.8,18031,229,44,0,0,-1,0,0,-13,8,0.4
"2313","Red","Red","Neither","Blue",13,1,5,6,0,15738,6.8,16794,191,56,-1712,-2334,16,3,7,9,0,17450,7.2,19128,222,66,0,-3,-2,-2,-3,-31,-10,-0.4
"2314","Red","Neither","Neither","Blue",13,1,1,0,0,14118,7,17794,215,64,-2079,-538,14,1,3,4,0,16197,7,18332,244,53,0,-1,0,-2,-4,-29,11,0
"2315","Red","Neither","Red","Red",17,4,8,11,0,16343,6.8,16580,179,28,-1182,-1113,19,5,7,3,1,17525,7,17693,204,55,-1,-2,-1,1,8,-25,-27,-0.2
"2316","Red","Neither","Neither","Red",14,1,2,3,0,14579,6.4,15758,196,52,-4225,-2478,10,4,12,16,0,18804,7.2,18236,230,32,0,4,-3,-10,-13,-34,20,-0.8
"2317","Blue","Neither","Red","Red",15,2,9,15,0,18485,7.2,18688,232,48,4318,2821,17,1,2,3,0,14167,6.4,15867,197,44,0,-2,1,7,12,35,4,0.8
"2318","Red","Neither","Neither","Blue",13,2,12,11,0,18982,7,18664,234,48,2741,2415,14,1,5,5,0,16241,6.6,16249,205,48,0,-1,1,7,6,29,0,0.4
"2319","Blue","Blue","Neither","Blue",39,3,6,5,0,16688,6.8,17678,223,44,-405,437,17,4,7,11,0,17093,6.6,17241,205,55,0,22,-1,-1,-6,18,-11,0.2
"2320","Blue","Blue","Neither","Red",15,3,1,1,0,14836,7,18769,261,60,-425,-316,64,2,2,2,0,15261,7.2,19085,255,64,0,-49,1,-1,-1,6,-4,-0.2
"2321","Red","Red","Red","Red",13,4,2,1,0,14573,6.8,17827,212,58,-2928,-1796,15,1,7,8,0,17501,7.2,19623,239,55,0,-2,3,-5,-7,-27,3,-0.4
"2322","Red","Red","Neither","Blue",18,5,4,4,0,15704,6.4,16313,206,46,-3874,-2608,15,5,11,17,1,19578,7.4,18921,238,45,-1,3,0,-7,-13,-32,1,-1
"2323","Red","Red","Blue","Red",17,1,7,10,0,16578,7,18528,206,56,-597,275,21,5,6,6,0,17175,6.8,18253,242,56,0,-4,-4,1,4,-36,0,0.2
"2324","Red","Red","Neither","Red",18,0,5,5,0,16045,7,17324,208,55,-215,-165,12,3,8,6,0,16260,7,17489,216,48,0,6,-3,-3,-1,-8,7,0
"2325","Red","Red","Red","Red",17,0,3,4,0,14076,6.4,16132,184,44,-3613,-2636,16,4,8,8,0,17689,7,18768,234,52,0,1,-4,-5,-4,-50,-8,-0.6
"2326","Blue","Blue","Blue","Blue",13,2,7,9,0,16518,7.2,19145,208,48,1630,2330,18,2,3,2,0,14888,6.8,16815,218,48,0,-5,0,4,7,-10,0,0.4
"2327","Red","Red","Neither","Red",164,3,4,5,0,15373,6.6,16233,227,38,-2539,-1447,11,9,11,20,0,17912,7,17680,174,56,0,153,-6,-7,-15,53,-18,-0.4
"2328","Red","Neither","Neither","Red",17,4,4,1,0,15519,7,18527,255,48,-1149,-217,20,4,6,7,0,16668,7.2,18744,238,64,0,-3,0,-2,-6,17,-16,-0.2
"2329","Blue","Red","Blue","Red",47,3,9,10,0,16795,7.4,19175,203,41,2011,2996,88,1,3,3,0,14784,6.6,16179,202,46,0,-41,2,6,7,1,-5,0.800000000000001
"2330","Red","Red","Blue","Red",16,3,8,15,0,15941,6.8,17256,162,51,-1870,-1732,12,4,6,5,0,17811,7.4,18988,245,48,0,4,-1,2,10,-83,3,-0.600000000000001
"2331","Blue","Blue","Neither","Blue",14,3,7,7,0,17676,7.4,20228,233,57,2296,3462,16,2,4,4,0,15380,6.8,16766,212,41,0,-2,1,3,3,21,16,0.600000000000001
"2332","Blue","Blue","Neither","Red",19,3,3,1,0,15056,6.8,18397,225,51,-278,571,15,2,4,7,0,15334,6.8,17826,208,59,0,4,1,-1,-6,17,-8,0
"2333","Blue","Red","Red","Red",17,0,2,3,0,15282,6.8,17428,243,52,-1665,-1607,16,2,5,7,0,16947,7.2,19035,248,72,0,1,-2,-3,-4,-5,-20,-0.4
"2334","Red","Red","Neither","Red",16,2,3,2,0,15189,6.8,18569,217,67,-1527,-457,37,3,7,9,0,16716,7.2,19026,224,44,0,-21,-1,-4,-7,-7,23,-0.4
"2335","Blue","Neither","Neither","Red",17,5,6,8,0,16285,7,17681,230,44,160,-337,16,2,5,8,0,16125,6.8,18018,204,64,0,1,3,1,0,26,-20,0.2
"2336","Blue","Blue","Neither","Blue",21,4,8,11,0,18382,7,19220,224,68,2498,1487,15,5,4,5,0,15884,7,17733,217,52,0,6,-1,4,6,7,16,0
"2337","Blue","Blue","Neither","Red",81,2,4,4,0,15746,7,17836,195,62,-1556,286,47,5,7,6,0,17302,6.8,17550,237,53,0,34,-3,-3,-2,-42,9,0.2
"2338","Red","Red","Neither","Red",46,3,5,4,0,16141,7.2,19127,215,52,-3324,-1649,18,2,12,8,0,19465,7.6,20776,236,58,0,28,1,-7,-4,-21,-6,-0.399999999999999
"2339","Blue","Red","Blue","Red",14,6,5,2,0,15558,6.6,17405,221,47,-209,800,19,5,6,8,0,15767,6.8,16605,185,44,0,-5,1,-1,-6,36,3,-0.2
"2340","Blue","Neither","Neither","Blue",15,2,2,1,0,15486,7,18701,251,68,1386,1830,18,3,0,0,0,14100,6.4,16871,234,54,0,-3,-1,2,1,17,14,0.6
"2341","Blue","Neither","Neither","Blue",39,2,9,16,0,17335,6.8,17918,193,50,2094,2937,15,1,6,14,0,15241,6.2,14981,170,33,0,24,1,3,2,23,17,0.6
"2342","Red","Neither","Neither","Red",9,2,1,1,0,12598,6,14826,204,20,-7070,-4989,49,0,14,15,0,19668,7.4,19815,220,39,0,-40,2,-13,-14,-16,-19,-1.4
"2343","Blue","Blue","Blue","Red",11,3,9,6,0,17385,7.2,18349,216,60,1133,1833,37,1,8,7,0,16252,6.8,16516,178,28,0,-26,2,1,-1,38,32,0.4
"2344","Blue","Blue","Neither","Red",15,2,6,11,0,16452,6.8,17946,208,60,906,1330,16,1,5,7,0,15546,6.6,16616,185,43,0,-1,1,1,4,23,17,0.2
"2345","Blue","Neither","Red","Blue",17,4,8,10,0,15996,6.2,15159,185,36,-2523,-2980,16,8,8,10,0,18519,6.8,18139,231,40,0,1,-4,0,0,-46,-4,-0.6
"2346","Blue","Neither","Neither","Red",16,2,6,3,0,16370,6.6,16868,231,48,-129,-726,42,3,7,8,0,16499,7,17594,182,44,0,-26,-1,-1,-5,49,4,-0.4
"2347","Red","Red","Blue","Red",16,5,1,1,0,14264,7,18355,220,63,-1450,340,20,5,2,2,0,15714,6.8,18015,259,48,0,-4,0,-1,-1,-39,15,0.2
"2348","Blue","Blue","Neither","Red",19,3,5,3,0,17061,7.6,20292,249,76,1217,2934,15,1,4,6,0,15844,6.6,17358,218,48,0,4,2,1,-3,31,28,1
"2349","Red","Blue","Neither","Blue",13,2,9,9,0,16738,6.8,16893,198,44,91,-1992,14,1,6,5,0,16647,7.2,18885,224,55,0,-1,1,3,4,-26,-11,-0.4
"2350","Blue","Red","Neither","Red",72,1,9,5,0,17999,7.2,19369,227,43,1128,1720,14,3,9,12,0,16871,7,17649,212,40,0,58,-2,0,-7,15,3,0.2
"2351","Red","Red","Neither","Red",13,1,11,11,0,18496,7,17777,213,50,672,-1567,9,3,11,6,0,17824,7.2,19344,216,54,0,4,-2,0,5,-3,-4,-0.2
"2352","Blue","Neither","Neither","Red",25,7,7,11,0,16414,6.8,17333,205,48,-33,-677,16,10,6,6,0,16447,7,18010,223,56,0,9,-3,1,5,-18,-8,-0.2
"2353","Red","Neither","Neither","Blue",17,3,5,6,0,16563,6.8,17565,226,53,1149,-530,19,5,5,6,0,15414,6.8,18095,205,51,0,-2,-2,0,0,21,2,0
"2354","Blue","Blue","Neither","Red",16,2,1,1,0,14314,7,17525,244,49,59,77,11,2,2,1,0,14255,6.8,17448,224,49,0,5,0,-1,0,20,0,0.2
"2355","Blue","Red","Red","Red",11,2,6,4,0,16556,7.2,18696,231,56,399,147,15,1,6,4,0,16157,7,18549,239,54,0,-4,1,0,0,-8,2,0.2
"2356","Red","Blue","Red","Blue",14,1,4,6,0,14604,6.6,16297,190,50,-4058,-3454,13,3,7,5,1,18662,7.4,19751,257,52,-1,1,-2,-3,1,-67,-2,-0.800000000000001
"2357","Red","Red","Neither","Red",18,2,4,4,0,16195,7.2,18670,241,64,-339,-868,12,4,5,4,0,16534,7.4,19538,259,59,0,6,-2,-1,0,-18,5,-0.2
"2358","Red","Blue","Red","Blue",19,1,6,2,0,14668,6.6,16843,198,40,-3686,-2333,19,2,7,7,1,18354,7.2,19176,232,46,-1,0,-1,-1,-5,-34,-6,-0.600000000000001
"2359","Blue","Red","Neither","Red",14,3,6,8,0,16557,6.8,17924,232,55,-2564,170,15,2,11,25,0,19121,6.8,17754,219,55,0,-1,1,-5,-17,13,0,0
"2360","Blue","Blue","Neither","Blue",17,1,7,10,0,16863,6.6,17727,216,48,106,-462,14,0,8,9,0,16757,7.2,18189,184,52,0,3,1,-1,1,32,-4,-0.600000000000001
"2361","Blue","Blue","Blue","Blue",34,5,13,16,0,19694,7.2,19555,215,64,1910,1136,13,5,9,13,0,17784,7.2,18419,212,44,0,21,0,4,3,3,20,0
"2362","Blue","Blue","Neither","Red",11,1,10,8,0,18523,7.2,19699,229,42,2400,2600,12,1,8,6,0,16123,6.8,17099,191,34,0,-1,0,2,2,38,8,0.4
"2363","Blue","Blue","Neither","Blue",15,3,10,8,0,17618,7,18069,212,48,975,1131,26,0,8,4,0,16643,6.8,16938,196,45,0,-11,3,2,4,16,3,0.2
"2364","Red","Red","Neither","Blue",14,1,9,9,0,18751,7.2,20236,249,58,4671,4193,36,1,4,5,0,14080,6.6,16043,177,57,0,-22,0,5,4,72,1,0.600000000000001
"2365","Red","Blue","Neither","Blue",16,2,2,2,0,13932,6.4,15660,193,56,-5540,-3682,17,2,11,13,1,19472,7.2,19342,245,40,-1,-1,0,-9,-11,-52,16,-0.8
"2366","Red","Blue","Red","Blue",16,2,5,9,0,16394,7.2,17514,238,41,-2037,-1895,17,1,9,12,0,18431,7.2,19409,229,42,0,-1,1,-4,-3,9,-1,0
"2367","Blue","Blue","Neither","Blue",17,1,11,12,0,18276,6.8,17133,202,51,1281,-5,14,2,7,10,0,16995,6.6,17138,214,36,0,3,-1,4,2,-12,15,0.2
"2368","Blue","Blue","Neither","Blue",20,2,9,14,0,17722,7,18023,215,44,1672,1341,18,2,7,8,0,16050,6.8,16682,205,35,0,2,0,2,6,10,9,0.2
"2369","Red","Blue","Blue","Blue",38,1,5,4,0,16517,7.2,19476,246,56,2123,2669,146,14,2,4,0,14394,6.6,16807,220,45,0,-108,-13,3,0,26,11,0.600000000000001
"2370","Red","Neither","Neither","Red",16,4,5,6,0,15337,6.6,16528,198,39,-646,-148,17,3,7,9,0,15983,6.6,16676,197,36,0,-1,1,-2,-3,1,3,0
"2371","Blue","Red","Red","Red",16,4,7,7,0,17569,7.2,18822,239,42,-72,529,40,1,9,11,0,17641,7,18293,209,56,0,-24,3,-2,-4,30,-14,0.2
"2372","Blue","Blue","Neither","Blue",18,5,9,9,0,17585,7.4,18820,240,40,2268,635,19,1,4,3,0,15317,7.2,18185,219,43,0,-1,4,5,6,21,-3,0.2
"2373","Red","Red","Neither","Red",44,3,5,4,0,15950,7,18040,231,46,-2365,-2046,15,4,9,6,0,18315,7.4,20086,233,56,0,29,-1,-4,-2,-2,-10,-0.4
"2374","Blue","Red","Red","Blue",23,1,7,9,0,16531,7,17534,218,40,-136,-290,22,3,6,8,0,16667,7,17824,243,55,0,1,-2,1,1,-25,-15,0
"2375","Red","Blue","Red","Red",10,3,8,9,0,16599,6.6,16907,189,39,-2683,-1320,18,2,11,17,0,19282,7.2,18227,209,53,0,-8,1,-3,-8,-20,-14,-0.600000000000001
"2376","Red","Blue","Neither","Red",15,3,5,6,0,16086,7,18044,222,68,441,626,16,2,4,5,0,15645,6.8,17418,235,44,0,-1,1,1,1,-13,24,0.2
"2377","Red","Neither","Neither","Red",22,6,1,1,0,15065,6.8,17423,252,68,-950,-1785,29,3,5,6,0,16015,7.2,19208,238,55,0,-7,3,-4,-5,14,13,-0.4
"2378","Red","Red","Neither","Red",13,5,2,1,0,13946,6.4,16248,227,22,-2727,-2041,19,5,7,10,0,16673,7,18289,220,58,0,-6,0,-5,-9,7,-36,-0.6
"2379","Red","Neither","Neither","Red",35,4,7,10,0,16526,7.2,19072,217,56,-64,239,66,2,5,4,0,16590,7,18833,214,60,0,-31,2,2,6,3,-4,0.2
"2380","Red","Red","Neither","Blue",15,4,7,8,0,16495,6.8,17444,211,48,222,-72,17,2,6,6,0,16273,6.8,17516,205,52,0,-2,2,1,2,6,-4,0
"2381","Blue","Red","Blue","Red",20,2,3,1,1,17009,7.2,18492,238,78,862,1098,19,9,3,5,0,16147,6.8,17394,252,69,1,1,-7,0,-4,-14,9,0.4
"2382","Red","Neither","Neither","Blue",16,1,4,3,0,15419,6.4,17517,191,43,-2636,-839,14,2,10,9,0,18055,6.8,18356,225,48,0,2,-1,-6,-6,-34,-5,-0.399999999999999
"2383","Blue","Blue","Neither","Red",39,1,7,9,0,16460,7,17849,220,48,23,-338,16,1,5,8,0,16437,7,18187,222,48,0,23,0,2,1,-2,0,0
"2384","Red","Red","Red","Red",15,2,7,6,0,16364,6.4,16467,223,29,-1565,-1752,19,3,11,14,0,17929,7,18219,170,70,0,-4,-1,-4,-8,53,-41,-0.6
"2385","Blue","Red","Neither","Blue",16,4,6,7,0,16434,6.8,18132,216,77,1545,1824,19,2,3,3,0,14889,6.4,16308,233,40,0,-3,2,3,4,-17,37,0.399999999999999
"2386","Red","Neither","Neither","Blue",16,1,9,11,0,17685,7,17947,224,36,2260,248,17,1,4,3,0,15425,7,17699,226,47,0,-1,0,5,8,-2,-11,0
"2387","Blue","Red","Neither","Red",110,0,6,8,0,16506,6.8,16828,216,45,-2535,-2654,40,1,10,10,0,19041,7.4,19482,228,55,0,70,-1,-4,-2,-12,-10,-0.600000000000001
"2388","Blue","Neither","Red","Red",15,2,9,9,0,17174,6.8,18060,212,32,1514,1421,37,1,6,6,0,15660,6.8,16639,187,44,0,-22,1,3,3,25,-12,0
"2389","Blue","Red","Red","Red",12,4,3,6,0,14771,7,17825,227,44,-1426,-26,24,2,5,4,0,16197,7,17851,218,52,0,-12,2,-2,2,9,-8,0
"2390","Blue","Blue","Neither","Blue",15,13,6,10,0,16359,6.4,15794,182,49,-2414,-3087,41,1,8,4,1,18773,7.2,18881,225,49,-1,-26,12,-2,6,-43,0,-0.8
"2391","Blue","Blue","Red","Red",15,4,5,10,0,15871,7,18125,219,43,1007,1105,16,1,5,8,0,14864,6.8,17020,164,43,0,-1,3,0,2,55,0,0.2
"2392","Blue","Blue","Neither","Blue",16,5,6,6,1,18215,7.2,18418,256,52,4749,3580,15,2,2,1,0,13466,6.2,14838,207,40,1,1,3,4,5,49,12,1
"2393","Blue","Neither","Neither","Blue",14,1,5,3,0,15747,7,17856,214,52,-1358,-1063,15,2,8,8,0,17105,7,18919,219,52,0,-1,-1,-3,-5,-5,0,0
"2394","Blue","Neither","Neither","Red",11,3,7,7,0,16464,7.2,18030,209,36,1474,963,14,3,3,3,0,14990,6.6,17067,225,45,0,-3,0,4,4,-16,-9,0.600000000000001
"2395","Blue","Neither","Red","Blue",19,1,8,7,0,16424,6.8,17611,196,48,2588,1543,14,4,2,0,0,13836,6.6,16068,185,60,0,5,-3,6,7,11,-12,0.2
"2396","Red","Blue","Neither","Red",20,3,9,14,0,17494,6.8,17832,201,44,14,202,17,3,8,9,0,17480,7,17630,243,44,0,3,0,1,5,-42,0,-0.2
"2397","Blue","Red","Blue","Blue",40,4,8,8,0,18691,7.2,20672,228,76,5359,4990,18,2,1,2,0,13332,6.4,15682,208,36,0,22,2,7,6,20,40,0.8
"2398","Red","Neither","Blue","Red",16,4,7,6,0,16446,7,18130,218,50,-3620,-282,13,3,11,16,1,20066,6.8,18412,229,34,-1,3,1,-4,-10,-11,16,0.2
"2399","Red","Neither","Neither","Blue",14,3,7,8,0,16259,6.8,16527,184,46,-2295,-2516,13,2,10,13,0,18554,7.2,19043,228,47,0,1,1,-3,-5,-44,-1,-0.4
"2400","Red","Blue","Neither","Blue",17,2,4,4,0,16231,7.2,18316,211,56,-2932,-2135,40,2,11,15,0,19163,7.4,20451,215,52,0,-23,0,-7,-11,-4,4,-0.2
"2401","Red","Blue","Neither","Blue",42,1,7,8,0,16146,6.6,16204,196,43,2037,-281,19,5,3,3,0,14109,6.4,16485,172,57,0,23,-4,4,5,24,-14,0.199999999999999
"2402","Blue","Blue","Neither","Blue",19,3,9,8,0,17344,6.8,17484,191,48,992,-609,14,0,6,6,0,16352,7,18093,206,57,0,5,3,3,2,-15,-9,-0.2
"2403","Blue","Neither","Neither","Red",15,0,8,12,0,17327,7,18655,203,65,1568,611,14,2,5,5,0,15759,7,18044,212,44,0,1,-2,3,7,-9,21,0
"2404","Red","Red","Blue","Blue",11,4,6,3,0,16568,7,18066,215,60,-727,322,15,2,7,10,0,17295,7,17744,211,42,0,-4,2,-1,-7,4,18,0
"2405","Red","Red","Neither","Blue",16,2,3,4,0,15732,7,18040,241,50,-185,45,14,3,4,4,0,15917,7,17995,238,61,0,2,-1,-1,0,3,-11,0
"2406","Blue","Red","Neither","Blue",55,3,7,5,0,16812,7,19678,228,56,1322,2276,17,4,5,5,0,15490,6.6,17402,215,64,0,38,-1,2,0,13,-8,0.4
"2407","Blue","Neither","Neither","Blue",17,7,4,2,0,16452,7.2,19307,273,60,1068,618,16,4,2,4,0,15384,7.2,18689,253,68,0,1,3,2,-2,20,-8,0
"2408","Blue","Blue","Neither","Blue",17,2,6,6,0,17427,7,19221,249,63,1975,1433,14,6,3,2,0,15452,7,17788,234,60,0,3,-4,3,4,15,3,0
"2409","Blue","Blue","Neither","Red",18,3,7,10,0,16892,7,18221,207,64,2391,1726,15,0,3,1,0,14501,6.6,16495,190,47,0,3,3,4,9,17,17,0.4
"2410","Blue","Neither","Neither","Red",25,1,5,4,0,17003,7.2,18752,252,59,570,368,75,2,5,4,0,16433,7.2,18384,235,52,0,-50,-1,0,0,17,7,0
"2411","Red","Blue","Neither","Blue",46,4,7,11,0,16836,7.2,18457,205,48,1138,1758,40,4,4,3,0,15698,6.6,16699,223,44,0,6,0,3,8,-18,4,0.600000000000001
"2412","Red","Blue","Red","Red",15,0,3,4,0,14434,6.6,16488,181,60,-6972,-3956,12,2,11,10,1,21406,7.6,20444,240,51,-1,3,-2,-8,-6,-59,9,-1
"2413","Blue","Red","Red","Red",12,4,7,9,0,16696,6.8,17704,202,52,-422,-43,28,1,7,10,0,17118,7,17747,189,53,0,-16,3,0,-1,13,-1,-0.2
"2414","Blue","Blue","Neither","Blue",26,1,8,12,0,16974,7.2,18550,182,56,2906,2360,10,3,1,1,0,14068,6.4,16190,201,48,0,16,-2,7,11,-19,8,0.8
"2415","Red","Blue","Red","Red",15,3,2,3,0,13653,7,17299,178,55,-4566,-2032,25,5,6,5,1,18219,7.2,19331,260,46,-1,-10,-2,-4,-2,-82,9,-0.2
"2416","Red","Blue","Neither","Red",15,2,1,1,0,13934,6.8,17303,222,55,-1571,-693,15,0,4,6,0,15505,7,17996,191,61,0,0,2,-3,-5,31,-6,-0.2
"2417","Red","Neither","Neither","Red",75,1,0,0,0,13405,6.6,15825,214,42,-3556,-2950,20,5,7,6,0,16961,7,18775,237,36,0,55,-4,-7,-6,-23,6,-0.4
"2418","Blue","Blue","Blue","Blue",42,5,10,9,0,18747,7.2,19584,225,53,3015,3067,14,5,6,5,0,15732,6.8,16517,184,60,0,28,0,4,4,41,-7,0.4
"2419","Blue","Red","Blue","Red",12,8,3,2,0,15156,7,18116,217,51,-324,1651,21,5,4,5,0,15480,6.6,16465,220,44,0,-9,3,-1,-3,-3,7,0.4
"2420","Blue","Blue","Neither","Red",33,2,11,12,1,19241,7,18942,198,50,1350,577,12,1,7,11,0,17891,7,18365,247,44,1,21,1,4,1,-49,6,0
"2421","Blue","Blue","Neither","Red",14,2,7,6,0,15866,6.8,17452,176,59,394,-55,14,2,5,4,0,15472,6.8,17507,216,45,0,0,0,2,2,-40,14,0
"2422","Blue","Blue","Red","Red",24,5,3,2,0,14247,6.6,16806,226,41,-1597,-715,38,5,5,8,0,15844,6.8,17521,218,47,0,-14,0,-2,-6,8,-6,-0.2
"2423","Red","Red","Neither","Red",17,2,3,4,0,13493,6.2,14240,167,36,-5355,-5889,19,0,8,9,0,18848,7.4,20129,234,84,0,-2,2,-5,-5,-67,-48,-1.2
"2424","Blue","Blue","Neither","Blue",16,4,4,1,0,15855,7,18078,238,56,145,972,17,3,5,7,0,15710,6.6,17106,224,36,0,-1,1,-1,-6,14,20,0.4
"2425","Blue","Red","Blue","Blue",18,1,1,1,0,15186,7,17891,231,60,1120,477,39,2,1,2,0,14066,6.8,17414,196,60,0,-21,-1,0,-1,35,0,0.2
"2426","Blue","Blue","Neither","Blue",37,5,10,12,0,17176,6.8,17299,188,57,99,277,22,1,7,8,1,17077,6.6,17022,203,38,-1,15,4,3,4,-15,19,0.2
"2427","Blue","Blue","Blue","Red",18,6,5,7,0,16947,7.2,18756,226,68,980,403,207,1,5,3,0,15967,6.8,18353,243,48,0,-189,5,0,4,-17,20,0.4
"2428","Blue","Blue","Neither","Blue",15,2,11,10,0,19528,7.2,19357,234,40,5351,3549,14,2,2,2,0,14177,6.4,15808,211,50,0,1,0,9,8,23,-10,0.8
"2429","Red","Red","Neither","Red",14,2,1,1,0,13775,6.8,17108,206,52,-2490,-1110,55,3,6,4,0,16265,7.2,18218,237,52,0,-41,-1,-5,-3,-31,0,-0.4
"2430","Blue","Blue","Blue","Blue",19,3,10,12,0,18418,7,18311,247,51,3750,2742,14,5,5,6,0,14668,6.4,15569,194,24,0,5,-2,5,6,53,27,0.6
"2431","Blue","Red","Neither","Blue",50,2,3,3,0,14815,6.4,16774,189,56,-755,-1590,15,0,4,6,0,15570,7,18364,210,64,0,35,2,-1,-3,-21,-8,-0.6
"2432","Blue","Neither","Blue","Blue",16,2,13,20,2,21728,7.4,20117,242,62,4161,2591,10,2,8,15,0,17567,6.8,17526,214,58,2,6,0,5,5,28,4,0.600000000000001
"2433","Red","Blue","Neither","Blue",15,2,5,8,0,16348,7,18350,243,47,1476,1149,19,2,2,4,0,14872,6.8,17201,233,51,0,-4,0,3,4,10,-4,0.2
"2434","Red","Blue","Blue","Red",14,3,6,8,0,16302,7.2,18772,231,46,336,936,16,0,5,5,0,15966,7,17836,223,44,0,-2,3,1,3,8,2,0.2
"2435","Red","Red","Blue","Blue",18,3,3,4,0,15410,6.8,17797,216,65,-234,-406,29,5,5,2,0,15644,7,18203,236,40,0,-11,-2,-2,2,-20,25,-0.2
"2436","Red","Red","Neither","Blue",18,2,4,3,0,15119,6.4,16105,216,35,-1901,-3111,14,5,8,10,0,17020,7.2,19216,216,64,0,4,-3,-4,-7,0,-29,-0.8
"2437","Red","Red","Red","Blue",13,0,7,7,0,16561,7,17480,201,60,-519,-643,14,2,8,9,0,17080,7,18123,228,52,0,-1,-2,-1,-2,-27,8,0
"2438","Red","Red","Red","Red",14,5,1,2,0,13736,6.6,15897,180,68,-2301,-2659,15,2,5,3,0,16037,7.2,18556,226,60,0,-1,3,-4,-1,-46,8,-0.600000000000001
"2439","Red","Red","Blue","Blue",18,4,4,5,0,15481,6.6,17390,222,40,481,977,19,3,5,8,0,15000,6.4,16413,199,51,0,-1,1,-1,-3,23,-11,0.199999999999999
"2440","Red","Red","Red","Red",18,6,4,3,0,15967,7,18406,227,56,-1413,-1302,18,4,6,9,0,17380,7.2,19708,256,72,0,0,2,-2,-6,-29,-16,-0.2
"2441","Blue","Red","Neither","Red",77,3,5,6,0,16627,7,18363,223,59,-135,-997,52,3,6,7,0,16762,7,19360,236,68,0,25,0,-1,-1,-13,-9,0
"2442","Blue","Neither","Red","Red",14,4,9,8,0,17087,6.8,17623,190,33,442,-145,14,1,8,7,0,16645,6.8,17768,186,51,0,0,3,1,1,4,-18,0
"2443","Blue","Blue","Neither","Red",48,5,6,8,0,17612,7.6,19905,246,68,2356,2431,19,1,3,2,0,15256,7,17474,213,55,0,29,4,3,6,33,13,0.6
"2444","Red","Red","Neither","Blue",56,3,8,17,0,16731,6.4,16329,205,56,266,-912,17,4,6,6,0,16465,6.6,17241,218,35,0,39,-1,2,11,-13,21,-0.199999999999999
"2445","Blue","Blue","Neither","Red",24,3,12,17,0,18360,6.8,17412,202,39,525,476,18,1,8,7,0,17835,6.6,16936,218,38,0,6,2,4,10,-16,1,0.2
"2446","Blue","Neither","Blue","Blue",15,7,8,4,0,18075,7.4,19469,237,49,2859,2944,16,4,4,6,0,15216,6.6,16525,224,48,0,-1,3,4,-2,13,1,0.800000000000001
"2447","Red","Red","Red","Blue",42,5,10,11,0,19636,7.2,19567,247,55,4253,2731,18,2,5,6,0,15383,6.6,16836,209,56,0,24,3,5,5,38,-1,0.600000000000001
"2448","Blue","Red","Blue","Blue",12,2,6,8,0,16897,7,18652,234,56,1923,1300,15,2,2,2,0,14974,6.8,17352,240,48,0,-3,0,4,6,-6,8,0.2
"2449","Red","Neither","Red","Blue",12,3,4,4,0,14538,6.6,16373,211,32,-3278,-1873,19,1,5,5,1,17816,7.2,18246,255,51,-1,-7,2,-1,-1,-44,-19,-0.600000000000001
"2450","Blue","Neither","Neither","Red",18,3,2,2,0,14868,6.6,17584,224,53,-1146,-441,20,2,8,4,0,16014,6.8,18025,162,44,0,-2,1,-6,-2,62,9,-0.2
"2451","Blue","Blue","Neither","Blue",18,3,14,12,0,20979,7.6,20534,250,68,4091,3392,18,4,5,8,0,16888,6.8,17142,215,48,0,0,-1,9,4,35,20,0.8
"2452","Blue","Red","Neither","Red",18,6,4,7,0,16513,6.8,18383,249,43,-379,725,22,3,6,12,0,16892,6.8,17658,240,52,0,-4,3,-2,-5,9,-9,0
"2453","Blue","Blue","Red","Red",15,4,4,5,0,16180,7,18032,210,68,476,100,14,3,4,2,0,15704,6.8,17932,232,56,0,1,1,0,3,-22,12,0.2
"2454","Blue","Neither","Neither","Blue",23,2,6,8,0,16050,7,17867,195,44,2041,1289,37,2,3,1,0,14009,6.4,16578,202,44,0,-14,0,3,7,-7,0,0.6
"2455","Red","Neither","Neither","Red",22,0,2,2,0,14428,6.6,16758,210,67,-1552,-1506,13,0,5,10,0,15980,6.8,18264,223,57,0,9,0,-3,-8,-13,10,-0.2
"2456","Red","Neither","Neither","Red",17,3,6,4,0,16150,6.6,16419,194,41,-2243,-2024,15,3,14,13,0,18393,7,18443,186,56,0,2,0,-8,-9,8,-15,-0.4
"2457","Red","Neither","Neither","Blue",54,2,7,7,0,17576,7.2,18867,227,44,2237,1848,14,1,3,4,0,15339,6.8,17019,209,60,0,40,1,4,3,18,-16,0.4
"2458","Blue","Blue","Neither","Red",41,2,4,5,0,14990,6.8,17315,187,50,-1395,-711,59,5,4,3,0,16385,7,18026,248,44,0,-18,-3,0,2,-61,6,-0.2
"2459","Blue","Blue","Red","Red",16,2,8,7,0,17664,7,19310,220,60,257,1665,15,2,8,11,0,17407,6.8,17645,225,56,0,1,0,0,-4,-5,4,0.2
"2460","Red","Blue","Neither","Blue",18,6,4,4,0,16114,7,17563,235,39,1323,25,21,3,3,5,0,14791,6.8,17538,203,48,0,-3,3,1,-1,32,-9,0.2
"2461","Red","Blue","Neither","Blue",15,1,3,3,0,15299,6.4,17076,230,52,-874,-1276,39,1,6,6,0,16173,7,18352,231,44,0,-24,0,-3,-3,-1,8,-0.6
"2462","Blue","Blue","Blue","Blue",18,5,10,12,0,18912,7,17839,257,44,4565,2079,19,4,2,2,0,14347,6.2,15760,197,52,0,-1,1,8,10,60,-8,0.8
"2463","Blue","Red","Blue","Blue",17,8,7,11,2,19915,7.2,18674,246,53,5286,3583,17,1,4,8,0,14629,6.2,15091,154,45,2,0,7,3,3,92,8,1
"2464","Blue","Red","Blue","Blue",14,2,7,9,1,18273,6.8,17500,207,48,2544,862,16,4,6,11,0,15729,6.6,16638,185,48,1,-2,-2,1,-2,22,0,0.2
"2465","Red","Blue","Neither","Red",15,1,4,3,0,15158,7,17680,219,52,-1529,-1177,52,1,5,7,0,16687,7.2,18857,213,59,0,-37,0,-1,-4,6,-7,-0.2
"2466","Blue","Blue","Neither","Blue",18,2,4,5,0,16086,6.8,17616,222,56,842,-663,17,0,5,5,0,15244,7,18279,201,44,0,1,2,-1,0,21,12,-0.2
"2467","Red","Neither","Red","Blue",17,3,9,7,0,18626,7.2,18656,226,54,2318,339,80,2,6,4,0,16308,7.2,18317,239,40,0,-63,1,3,3,-13,14,0
"2468","Red","Blue","Neither","Red",18,3,8,13,0,17048,6.8,17097,193,52,-1773,-1963,14,4,10,13,0,18821,7.2,19060,215,51,0,4,-1,-2,0,-22,1,-0.4
"2469","Red","Red","Red","Blue",16,1,2,1,0,14819,7,17986,223,63,-930,-594,18,2,5,3,0,15749,6.8,18580,210,52,0,-2,-1,-3,-2,13,11,0.2
"2470","Red","Neither","Red","Red",15,2,5,7,0,15082,6.8,16399,199,40,-1851,-2039,17,1,5,4,0,16933,7,18438,258,52,0,-2,1,0,3,-59,-12,-0.2
"2471","Red","Red","Blue","Red",16,4,1,1,0,14605,7,17830,244,48,-280,903,14,3,3,3,0,14885,6.6,16927,217,60,0,2,1,-2,-2,27,-12,0.4
"2472","Red","Blue","Neither","Red",19,1,9,12,0,17063,7.2,18195,200,44,-1220,-203,18,3,10,13,0,18283,7.2,18398,217,43,0,1,-2,-1,-1,-17,1,0
"2473","Red","Red","Neither","Red",15,3,1,0,0,13881,6.8,16482,225,56,-4851,-3577,35,5,9,12,0,18732,7.4,20059,243,70,0,-20,-2,-8,-12,-18,-14,-0.600000000000001
"2474","Blue","Red","Neither","Blue",37,3,6,5,0,17180,7,19599,258,64,1748,1496,11,2,4,1,0,15432,7,18103,236,50,0,26,1,2,4,22,14,0
"2475","Blue","Neither","Red","Blue",14,2,6,4,0,16978,6.8,17957,229,60,-1589,-2907,34,1,9,11,0,18567,7.8,20864,193,75,0,-20,1,-3,-7,36,-15,-1
"2476","Blue","Red","Neither","Red",18,3,12,10,0,17827,6.8,18481,208,35,1756,1128,33,1,5,6,0,16071,6.8,17353,188,61,0,-15,2,7,4,20,-26,0
"2477","Blue","Blue","Red","Blue",17,2,6,8,0,16168,6.8,17052,176,60,-1149,-1327,17,2,5,9,0,17317,7,18379,263,60,0,0,0,1,-1,-87,0,-0.2
"2478","Red","Red","Neither","Blue",21,2,3,5,0,15544,7,18015,238,48,-961,-1410,18,6,5,4,0,16505,7.2,19425,239,76,0,3,-4,-2,1,-1,-28,-0.2
"2479","Blue","Red","Blue","Red",12,1,10,9,0,17566,7.2,18896,183,48,-528,-296,13,1,10,5,0,18094,7.2,19192,228,60,0,-1,0,0,4,-45,-12,0
"2480","Blue","Blue","Neither","Red",13,5,5,7,0,15293,6.4,16208,202,50,-1555,-1234,17,1,7,11,0,16848,6.8,17442,210,51,0,-4,4,-2,-4,-8,-1,-0.399999999999999
"2481","Blue","Blue","Blue","Blue",16,3,9,8,0,17303,7,18705,219,49,2871,2154,16,2,2,3,0,14432,6.8,16551,217,52,0,0,1,7,5,2,-3,0.2
"2482","Blue","Blue","Red","Blue",21,4,4,5,1,17201,7.2,18839,234,56,1070,1159,18,5,4,2,1,16131,6.8,17680,215,62,0,3,-1,0,3,19,-6,0.4
"2483","Blue","Blue","Blue","Blue",37,1,6,3,2,18742,7.4,20148,252,68,3725,2903,12,14,3,5,0,15017,6.8,17245,208,52,2,25,-13,3,-2,44,16,0.600000000000001
"2484","Blue","Red","Red","Red",15,2,5,7,0,16519,7.2,19018,210,76,-180,2299,17,1,8,7,0,16699,6.6,16719,192,48,0,-2,1,-3,0,18,28,0.600000000000001
"2485","Red","Blue","Neither","Red",12,0,1,1,0,13727,6.6,16509,207,62,-5000,-4822,27,2,9,6,0,18727,7.6,21331,254,77,0,-15,-2,-8,-5,-47,-15,-1
"2486","Red","Blue","Neither","Red",15,2,8,10,0,17617,7,18094,217,50,685,1449,14,0,9,12,0,16932,6.6,16645,180,56,0,1,2,-1,-2,37,-6,0.4
"2487","Blue","Red","Neither","Blue",15,3,11,15,0,19432,7.2,19227,228,43,3857,2660,19,2,4,6,0,15575,6.6,16567,210,53,0,-4,1,7,9,18,-10,0.600000000000001
"2488","Red","Red","Neither","Blue",40,4,4,4,0,15280,6.6,16650,202,47,-770,-1875,17,16,7,4,0,16050,7.2,18525,217,51,0,23,-12,-3,0,-15,-4,-0.600000000000001
"2489","Blue","Red","Red","Red",16,3,3,3,0,15496,7,17876,214,52,-1406,-1328,56,2,4,5,0,16902,7.2,19204,234,68,0,-40,1,-1,-2,-20,-16,-0.2
"2490","Red","Red","Neither","Blue",20,1,4,4,0,15263,6.6,15892,176,47,-2711,-282,15,1,12,21,0,17974,6.6,16174,186,28,0,5,0,-8,-17,-10,19,0
"2491","Blue","Red","Neither","Blue",44,4,6,5,0,17012,7.2,19091,225,52,324,106,19,2,4,5,0,16688,7.2,18985,229,71,0,25,2,2,0,-4,-19,0
"2492","Blue","Red","Red","Red",13,2,1,2,0,14168,6.6,16884,217,56,-3344,-2671,18,3,6,7,0,17512,7.6,19555,225,77,0,-5,-1,-5,-5,-8,-21,-1
"2493","Blue","Blue","Neither","Blue",13,16,9,13,0,17060,6.8,17673,207,64,143,845,39,3,8,7,0,16917,6.6,16828,212,48,0,-26,13,1,6,-5,16,0.2
"2494","Blue","Red","Red","Blue",37,5,7,10,0,17053,7,17515,219,50,1126,71,17,1,4,5,0,15927,6.8,17444,217,49,0,20,4,3,5,2,1,0.2
"2495","Blue","Red","Red","Blue",28,3,7,9,0,17185,6.6,16416,200,32,-2557,-2229,17,3,12,19,0,19742,7.2,18645,210,37,0,11,0,-5,-10,-10,-5,-0.600000000000001
"2496","Red","Red","Red","Red",18,0,3,6,1,16690,6.8,17992,248,48,-1060,-586,43,1,5,7,1,17750,7,18578,214,75,0,-25,-1,-2,-1,34,-27,-0.2
"2497","Blue","Blue","Neither","Blue",14,3,10,12,0,18246,7,18509,229,45,2914,2052,20,0,4,3,0,15332,6.4,16457,209,40,0,-6,3,6,9,20,5,0.6
"2498","Blue","Red","Neither","Red",17,5,7,8,0,16310,6.8,17712,219,44,464,426,16,2,7,4,0,15846,6.8,17286,212,48,0,1,3,0,4,7,-4,0
"2499","Blue","Blue","Neither","Blue",17,3,5,5,0,16766,7.2,18841,232,68,1399,554,36,4,3,5,0,15367,7,18287,240,36,0,-19,-1,2,0,-8,32,0.2
"2500","Red","Neither","Neither","Blue",16,3,12,12,0,19460,7.4,19643,223,43,778,1443,11,3,11,14,0,18682,7,18200,234,32,0,5,0,1,-2,-11,11,0.4
"2501","Blue","Neither","Blue","Blue",14,1,5,4,0,15307,6.8,16772,205,47,-1618,-1224,13,2,6,9,0,16925,7,17996,243,36,0,1,-1,-1,-5,-38,11,-0.2
"2502","Red","Red","Neither","Red",14,0,4,5,0,15908,7,18133,218,68,-1345,169,48,1,6,9,0,17253,6.8,17964,220,68,0,-34,-1,-2,-4,-2,0,0.2
"2503","Blue","Blue","Red","Blue",18,1,6,5,0,16966,7.6,19311,231,58,138,1085,12,1,5,6,0,16828,7,18226,214,58,0,6,0,1,-1,17,0,0.6
"2504","Blue","Blue","Neither","Red",83,3,6,2,0,16995,7.6,19978,241,64,-418,185,14,1,6,8,0,17413,7.4,19793,237,73,0,69,2,0,-6,4,-9,0.199999999999999
"2505","Red","Blue","Blue","Blue",15,0,12,17,0,18292,7,18884,216,48,789,1319,12,2,7,6,0,17503,6.8,17565,220,56,0,3,-2,5,11,-4,-8,0.2
"2506","Blue","Red","Blue","Blue",17,3,6,8,0,16481,7,18642,229,47,760,45,18,0,3,3,0,15721,7,18597,232,65,0,-1,3,3,5,-3,-18,0
"2507","Red","Neither","Neither","Red",13,1,3,4,0,14907,6.6,17149,226,32,-2342,-1982,17,0,6,5,0,17249,7.2,19131,262,51,0,-4,1,-3,-1,-36,-19,-0.600000000000001
"2508","Blue","Blue","Neither","Blue",10,1,6,7,0,15108,6.4,16485,191,36,-2302,-2232,16,1,8,7,0,17410,7,18717,246,39,0,-6,0,-2,0,-55,-3,-0.6
"2509","Red","Blue","Red","Blue",10,2,6,7,0,14779,6.2,15595,137,44,-2932,-2570,13,2,8,5,0,17711,7.2,18165,219,52,0,-3,0,-2,2,-82,-8,-1
"2510","Red","Red","Neither","Red",49,2,6,2,0,15739,7.2,18231,193,54,154,159,13,1,5,5,0,15585,7,18072,211,50,0,36,1,1,-3,-18,4,0.2
"2511","Red","Red","Neither","Blue",23,6,6,9,0,16660,6.8,17061,210,56,99,-1609,20,0,7,3,0,16561,7,18670,214,38,0,3,6,-1,6,-4,18,-0.2
"2512","Red","Red","Neither","Red",12,1,0,0,0,13561,6.6,16632,222,56,-2876,-2098,17,2,5,8,0,16437,7,18730,233,59,0,-5,-1,-5,-8,-11,-3,-0.4
"2513","Red","Neither","Neither","Blue",9,5,8,5,0,17761,7.4,20143,247,48,2501,2298,18,2,1,1,0,15260,6.6,17845,251,56,0,-9,3,7,4,-4,-8,0.800000000000001
"2514","Red","Red","Neither","Red",19,7,1,1,0,14910,6.8,17888,245,56,-1557,-1039,16,7,6,7,0,16467,7.2,18927,225,56,0,3,0,-5,-6,20,0,-0.4
"2515","Blue","Blue","Neither","Blue",17,3,9,8,0,17410,7,18627,190,60,1578,495,15,2,6,6,0,15832,7,18132,195,52,0,2,1,3,2,-5,8,0
"2516","Red","Red","Neither","Red",20,2,4,3,0,15518,6.8,18114,241,44,-1630,-531,16,3,6,8,0,17148,7.2,18645,243,64,0,4,-1,-2,-5,-2,-20,-0.4
"2517","Blue","Blue","Neither","Red",13,3,8,10,0,18261,7.4,18602,248,65,1753,935,15,4,7,8,0,16508,7,17667,218,41,0,-2,-1,1,2,30,24,0.4
"2518","Red","Red","Red","Blue",17,3,4,7,0,15574,6.8,17216,236,47,14,-309,35,3,5,6,0,15560,6.8,17525,224,44,0,-18,0,-1,1,12,3,0
"2519","Red","Neither","Neither","Red",14,2,5,5,0,16565,7,17659,220,48,-245,-1208,15,1,7,3,0,16810,7,18867,244,51,0,-1,1,-2,2,-24,-3,0
"2520","Red","Neither","Red","Blue",15,5,5,8,0,16163,7,18437,242,41,1074,542,40,5,4,8,0,15089,7,17895,224,39,0,-25,0,1,0,18,2,0
"2521","Red","Red","Neither","Red",13,9,3,5,0,14724,6.4,16015,218,42,-3541,-2434,43,2,9,13,0,18265,6.8,18449,244,56,0,-30,7,-6,-8,-26,-14,-0.399999999999999
"2522","Blue","Blue","Neither","Blue",16,5,10,8,0,17953,7.2,18275,213,35,2915,2085,19,2,3,6,0,15038,6.4,16190,200,48,0,-3,3,7,2,13,-13,0.8
"2523","Red","Blue","Neither","Red",16,5,5,5,0,14819,6.8,16721,164,47,-4413,-3537,39,7,12,8,0,19232,7.4,20258,242,42,0,-23,-2,-7,-3,-78,5,-0.600000000000001
"2524","Red","Neither","Neither","Blue",17,4,4,4,0,15025,6.6,16369,212,32,-1517,-1487,30,7,7,5,0,16542,7,17856,221,29,0,-13,-3,-3,-1,-9,3,-0.4
"2525","Blue","Neither","Neither","Blue",35,2,11,14,0,18302,6.8,17304,235,36,2178,31,16,18,8,5,0,16124,6.8,17273,192,44,0,19,-16,3,9,43,-8,0
"2526","Red","Red","Neither","Blue",18,1,11,7,0,18197,7,18621,205,46,1470,1240,11,2,7,7,0,16727,6.8,17381,206,58,0,7,-1,4,0,-1,-12,0.2
"2527","Blue","Blue","Neither","Blue",17,1,8,7,0,18363,7.2,20337,233,68,4507,4079,15,3,3,2,0,13856,6.6,16258,194,44,0,2,-2,5,5,39,24,0.600000000000001
"2528","Blue","Blue","Neither","Blue",17,15,8,7,0,17543,7.2,19535,254,32,4387,3411,43,2,2,0,0,13156,6.6,16124,188,44,0,-26,13,6,7,66,-12,0.600000000000001
"2529","Red","Neither","Neither","Red",13,3,8,9,0,16973,7,18421,204,46,929,1800,17,4,7,4,0,16044,6.8,16621,203,48,0,-4,-1,1,5,1,-2,0.2
"2530","Red","Blue","Neither","Red",16,1,7,8,0,16586,6.8,17047,226,50,-787,-1921,39,7,8,7,0,17373,7.2,18968,207,56,0,-23,-6,-1,1,19,-6,-0.4
"2531","Blue","Red","Neither","Blue",15,4,11,15,0,18106,7,17783,191,44,2695,1787,20,1,5,6,0,15411,6.4,15996,187,52,0,-5,3,6,9,4,-8,0.6
"2532","Red","Red","Neither","Blue",73,3,9,15,0,16300,5.8,13423,141,29,-3173,-4350,14,2,13,18,0,19473,7,17773,207,46,0,59,1,-4,-3,-66,-17,-1.2
"2533","Red","Neither","Neither","Red",17,1,8,7,0,16397,7,18004,183,45,-1253,933,20,2,9,9,0,17650,6.6,17071,199,47,0,-3,-1,-1,-2,-16,-2,0.4
"2534","Blue","Blue","Neither","Blue",19,3,6,5,0,16948,6.8,18641,241,52,2711,1821,19,7,2,0,0,14237,6.4,16820,223,52,0,0,-4,4,5,18,0,0.399999999999999
"2535","Red","Blue","Neither","Blue",20,1,4,6,0,14992,7,17756,213,48,-471,-1021,14,2,3,1,0,15463,7.2,18777,240,52,0,6,-1,1,5,-27,-4,-0.2
"2536","Red","Blue","Red","Red",50,4,5,8,0,16560,6.8,18049,220,49,1319,111,37,2,4,5,0,15241,7,17938,190,51,0,13,2,1,3,30,-2,-0.2
"2537","Red","Neither","Blue","Blue",24,1,5,6,0,15759,6.8,17563,219,46,338,-1062,39,1,3,4,0,15421,7,18625,220,56,0,-15,0,2,2,-1,-10,-0.2
"2538","Blue","Red","Neither","Red",14,4,6,9,0,14711,6.4,15177,154,45,-2263,-2155,17,2,10,11,0,16974,6.8,17332,196,40,0,-3,2,-4,-2,-42,5,-0.399999999999999
"2539","Blue","Neither","Blue","Blue",19,2,6,7,0,16940,7,17896,244,49,2038,357,12,2,4,6,0,14902,6.8,17539,198,48,0,7,0,2,1,46,1,0.2
"2540","Red","Red","Red","Red",17,1,4,4,0,15218,7,19074,203,52,-1911,-1211,15,1,5,7,0,17129,7.4,20285,250,68,0,2,0,-1,-3,-47,-16,-0.4
"2541","Red","Blue","Neither","Blue",18,2,4,6,0,15466,6.8,17220,228,48,488,473,17,3,5,8,0,14978,6.8,16747,182,48,0,1,-1,-1,-2,46,0,0
"2542","Blue","Blue","Neither","Blue",8,0,4,2,0,15278,7,18693,227,49,734,355,13,1,3,3,0,14544,7.2,18338,203,50,0,-5,-1,1,-1,24,-1,-0.2
"2543","Blue","Blue","Neither","Blue",13,2,16,17,1,19651,7,18318,200,36,5195,2289,11,1,4,3,0,14456,6.4,16029,179,52,1,2,1,12,14,21,-16,0.6
"2544","Red","Blue","Blue","Blue",45,2,9,6,0,18233,7.6,21650,244,58,3319,5284,12,15,4,7,0,14914,6.6,16366,177,53,0,33,-13,5,-1,67,5,1
"2545","Blue","Blue","Neither","Blue",36,4,7,13,0,17470,7,18062,206,64,2335,979,12,2,4,4,0,15135,6.8,17083,215,48,0,24,2,3,9,-9,16,0.2
"2546","Red","Red","Neither","Red",18,1,7,5,0,16768,7.2,19368,225,58,-268,-155,15,2,8,9,0,17036,7.2,19523,221,65,0,3,-1,-1,-4,4,-7,0
"2547","Red","Neither","Neither","Blue",21,4,3,3,0,14509,6.8,17194,201,50,-1110,-1148,17,5,4,4,0,15619,6.8,18342,241,44,0,4,-1,-1,-1,-40,6,0
"2548","Blue","Red","Blue","Blue",15,2,7,5,0,16178,7.2,18656,216,47,381,203,16,1,3,3,0,15797,7,18453,253,52,0,-1,1,4,2,-37,-5,0.2
"2549","Red","Red","Neither","Blue",14,2,2,0,0,14333,6.8,16812,223,56,-1636,-1396,16,4,6,5,0,15969,6.8,18208,223,52,0,-2,-2,-4,-5,0,4,0
"2550","Blue","Blue","Blue","Red",18,4,9,12,0,17732,7.2,19451,194,70,-532,298,21,5,9,8,0,18264,7.2,19153,208,72,0,-3,-1,0,4,-14,-2,0
"2551","Red","Red","Neither","Red",20,1,4,3,0,14695,6.8,18090,207,36,-2467,80,77,6,9,10,0,17162,7.2,18010,187,56,0,-57,-5,-5,-7,20,-20,-0.4
"2552","Blue","Red","Neither","Red",14,1,7,13,0,17800,7,19085,223,52,2460,1934,13,1,3,5,0,15340,6.6,17151,205,60,0,1,0,4,8,18,-8,0.4
"2553","Blue","Neither","Neither","Blue",16,1,4,3,0,16048,7.2,19032,255,64,1454,1411,13,1,3,3,0,14594,7,17621,234,34,0,3,0,1,0,21,30,0.2
"2554","Blue","Red","Neither","Blue",15,3,1,0,0,14163,6.8,17413,246,42,450,924,18,1,1,2,0,13713,6.6,16489,211,52,0,-3,2,0,-2,35,-10,0.2
"2555","Blue","Blue","Blue","Red",13,3,4,3,0,15695,7.2,18493,238,44,-300,451,11,2,6,5,0,15995,7.2,18042,203,51,0,2,1,-2,-2,35,-7,0
"2556","Red","Blue","Neither","Red",39,4,3,6,0,14844,6.8,17179,218,48,-2343,-2188,17,2,6,3,0,17187,7.2,19367,256,76,0,22,2,-3,3,-38,-28,-0.4
"2557","Red","Red","Neither","Blue",12,1,9,3,0,15974,6.6,16903,175,36,-1008,-1516,15,3,10,9,0,16982,7,18419,184,56,0,-3,-2,-1,-6,-9,-20,-0.4
"2558","Blue","Red","Neither","Blue",18,0,3,5,0,14995,7,17661,240,50,-2442,-1250,25,1,7,11,0,17437,7.2,18911,264,38,0,-7,-1,-4,-6,-24,12,-0.2
"2559","Red","Red","Red","Red",15,0,4,5,0,14799,6.6,15917,218,35,-4740,-3081,16,2,12,8,0,19539,7,18998,231,69,0,-1,-2,-8,-3,-13,-34,-0.4
"2560","Red","Red","Red","Red",16,5,10,14,0,17056,6.6,17190,167,39,-1603,-1406,19,2,11,11,0,18659,7,18596,229,49,0,-3,3,-1,3,-62,-10,-0.4
"2561","Red","Blue","Red","Red",14,2,7,10,0,16243,6.8,17548,192,47,-555,-1462,40,2,6,6,0,16798,7.2,19010,232,64,0,-26,0,1,4,-40,-17,-0.4
"2562","Red","Blue","Red","Red",17,1,11,14,0,17892,6.8,16641,157,41,-1361,-1031,26,1,10,10,0,19253,6.8,17672,239,52,0,-9,0,1,4,-82,-11,0
"2563","Blue","Blue","Red","Blue",16,3,6,4,0,16508,6.6,17714,243,45,2024,1979,14,2,3,4,0,14484,6.4,15735,213,40,0,2,1,3,0,30,5,0.199999999999999
"2564","Blue","Neither","Neither","Red",20,3,4,4,0,16568,6.8,18658,242,56,1840,1870,14,4,2,2,0,14728,6.6,16788,240,43,0,6,-1,2,2,2,13,0.2
"2565","Blue","Red","Neither","Red",16,1,5,6,0,16503,7.2,18765,231,59,690,365,13,1,5,3,0,15813,7.2,18400,232,52,0,3,0,0,3,-1,7,0
"2566","Red","Blue","Neither","Blue",60,2,9,7,0,17459,7,18018,185,50,-98,-1136,13,5,9,6,0,17557,7.2,19154,219,57,0,47,-3,0,1,-34,-7,-0.2
"2567","Blue","Red","Red","Blue",11,1,7,5,0,17024,7.2,19375,222,68,197,1883,91,2,7,7,0,16827,7,17492,198,63,0,-80,-1,0,-2,24,5,0.2
"2568","Blue","Neither","Neither","Blue",21,3,5,3,0,16660,6.8,18272,252,48,1574,1067,11,5,4,6,0,15086,6.8,17205,197,45,0,10,-2,1,-3,55,3,0
"2569","Red","Red","Neither","Red",15,0,2,0,0,14244,6.6,16850,207,48,-3553,-1730,13,1,9,9,0,17797,7,18580,220,48,0,2,-1,-7,-9,-13,0,-0.4
"2570","Red","Neither","Neither","Blue",14,4,1,1,0,14041,6.4,15172,226,48,-5162,-3610,20,2,10,19,1,19203,7.2,18782,196,46,-1,-6,2,-9,-18,30,2,-0.8
"2571","Blue","Blue","Neither","Blue",37,4,4,1,0,16752,7.4,19777,232,85,2210,2411,23,1,2,0,0,14542,6.6,17366,214,53,0,14,3,2,1,18,32,0.800000000000001
"2572","Blue","Red","Blue","Blue",18,1,8,13,0,17563,7.2,18032,203,64,3410,2058,19,2,2,2,0,14153,6.4,15974,213,48,0,-1,-1,6,11,-10,16,0.8
"2573","Blue","Blue","Neither","Blue",23,2,6,4,0,17262,7,19094,231,65,251,-74,20,6,6,5,0,17011,7.2,19168,236,64,0,3,-4,0,-1,-5,1,-0.2
"2574","Blue","Neither","Neither","Blue",15,2,9,9,0,17438,7,18257,186,48,3018,1995,19,1,3,3,0,14420,6.6,16262,222,39,0,-4,1,6,6,-36,9,0.4
"2575","Red","Red","Red","Red",14,2,3,3,0,14275,6.4,15474,180,56,-3414,-3747,14,2,8,4,0,17689,7.2,19221,228,60,0,0,0,-5,-1,-48,-4,-0.8
"2576","Blue","Blue","Red","Blue",18,3,7,10,0,16753,6.8,17461,220,39,2015,857,17,5,4,2,0,14738,6.4,16604,171,60,0,1,-2,3,8,49,-21,0.399999999999999
"2577","Blue","Blue","Neither","Blue",14,3,8,9,0,17163,7.2,19382,224,52,1422,775,15,4,4,2,0,15741,7.2,18607,218,59,0,-1,-1,4,7,6,-7,0
"2578","Red","Neither","Neither","Red",46,3,5,8,0,15750,7,17334,214,43,-1727,-619,14,4,6,8,0,17477,6.8,17953,223,56,0,32,-1,-1,0,-9,-13,0.2
"2579","Blue","Neither","Red","Blue",18,5,7,6,0,15954,6.8,16128,211,27,654,823,20,1,6,6,0,15300,6.2,15305,190,40,0,-2,4,1,0,21,-13,0.6
"2580","Blue","Blue","Blue","Blue",16,5,9,10,0,18293,7.2,19981,240,59,3691,2805,11,3,3,3,0,14602,7,17176,186,51,0,5,2,6,7,54,8,0.2
"2581","Red","Neither","Neither","Blue",17,2,13,16,0,19336,7.2,19116,212,30,4627,4784,14,3,5,6,0,14709,6,14332,175,29,0,3,-1,8,10,37,1,1.2
"2582","Red","Neither","Blue","Blue",15,3,2,1,0,14014,6.6,16219,205,48,-3443,-2284,17,3,8,8,0,17457,7.2,18503,230,52,0,-2,0,-6,-7,-25,-4,-0.600000000000001
"2583","Red","Blue","Blue","Red",17,1,6,8,0,16207,7,17381,211,50,-819,-1829,13,2,6,3,0,17026,7,19210,223,56,0,4,-1,0,5,-12,-6,0
"2584","Blue","Red","Red","Red",17,2,4,4,0,16654,7.2,19392,255,59,1856,1530,16,1,1,1,0,14798,6.8,17862,244,48,0,1,1,3,3,11,11,0.4
"2585","Blue","Red","Neither","Red",15,5,4,6,0,16711,7.4,19807,233,72,1759,2524,20,5,4,9,0,14952,6.8,17283,203,47,0,-5,0,0,-3,30,25,0.600000000000001
"2586","Red","Blue","Neither","Blue",15,3,7,10,0,16578,7,18139,200,62,1159,1510,14,2,3,3,0,15419,6.6,16629,250,41,0,1,1,4,7,-50,21,0.4
"2587","Blue","Blue","Neither","Red",42,4,4,7,0,16220,6.8,17447,227,60,-444,-184,58,8,8,12,0,16664,7,17631,212,46,0,-16,-4,-4,-5,15,14,-0.2
"2588","Red","Red","Neither","Red",138,4,6,8,0,15096,6.2,15415,199,32,-120,-1620,15,3,4,2,0,15216,6.4,17035,193,67,0,123,1,2,6,6,-35,-0.2
"2589","Blue","Neither","Blue","Blue",18,2,10,13,0,18426,7.2,18454,192,46,1493,202,31,4,8,7,0,16933,7,18252,185,53,0,-13,-2,2,6,7,-7,0.2
"2590","Blue","Blue","Neither","Blue",14,2,11,14,0,18758,7,18710,212,49,4335,2324,13,3,3,3,0,14423,6.6,16386,215,43,0,1,-1,8,11,-3,6,0.4
"2591","Red","Red","Neither","Blue",16,4,4,3,0,15928,7.2,18170,204,64,-935,-4,17,2,7,5,0,16863,6.8,18174,233,52,0,-1,2,-3,-2,-29,12,0.4
"2592","Blue","Blue","Neither","Blue",15,3,6,9,0,16233,7,18524,215,60,1081,199,13,3,3,1,0,15152,7.2,18325,220,60,0,2,0,3,8,-5,0,-0.2
"2593","Blue","Blue","Red","Blue",13,1,8,7,0,16493,7,17450,175,44,-862,-1734,32,2,8,5,0,17355,7.2,19184,223,55,0,-19,-1,0,2,-48,-11,-0.2
"2594","Red","Red","Blue","Red",56,1,6,8,0,15633,6.8,17605,210,36,-2770,-2347,14,2,10,13,0,18403,7.2,19952,218,52,0,42,-1,-4,-5,-8,-16,-0.4
"2595","Blue","Blue","Blue","Red",57,4,7,8,0,17750,7.4,20138,237,56,3673,2756,16,0,2,1,0,14077,6.8,17382,204,56,0,41,4,5,7,33,0,0.600000000000001
"2596","Red","Neither","Red","Red",21,2,5,6,0,16251,6.8,16548,213,46,-4859,-2956,18,3,14,14,2,21110,7.2,19504,226,44,-2,3,-1,-9,-8,-13,2,-0.4
"2597","Blue","Red","Neither","Blue",15,1,7,6,0,17627,7,18282,244,51,428,35,12,2,7,11,0,17199,7,18247,247,51,0,3,-1,0,-5,-3,0,0
"2598","Red","Blue","Neither","Blue",18,5,5,4,0,17315,7.4,19378,253,66,-733,-1569,21,6,10,7,0,18048,7.6,20947,216,54,0,-3,-1,-5,-3,37,12,-0.199999999999999
"2599","Red","Red","Neither","Red",17,4,4,4,0,15663,7,18122,237,44,936,1377,21,2,5,2,0,14727,6.6,16745,191,52,0,-4,2,-1,2,46,-8,0.4
"2600","Red","Red","Red","Red",15,3,2,1,0,14865,7,18385,233,60,-1179,646,17,2,4,4,0,16044,6.8,17739,226,56,0,-2,1,-2,-3,7,4,0.2
"2601","Blue","Neither","Neither","Blue",20,3,5,4,0,16230,7,18489,235,61,932,542,15,5,2,4,0,15298,7.2,17947,247,56,0,5,-2,3,0,-12,5,-0.2
"2602","Blue","Neither","Neither","Red",11,2,5,1,0,16065,7.4,20238,247,74,544,2063,50,0,5,3,0,15521,6.8,18175,222,48,0,-39,2,0,-2,25,26,0.600000000000001
"2603","Red","Blue","Neither","Red",15,2,7,8,0,17049,7.4,20151,223,68,-105,1881,14,3,5,7,0,17154,7.2,18270,231,41,0,1,-1,2,1,-8,27,0.2
"2604","Red","Blue","Neither","Red",14,2,4,5,0,15412,7,18001,212,56,-287,-1045,13,2,3,3,0,15699,7,19046,243,56,0,1,0,1,2,-31,0,0
"2605","Blue","Red","Neither","Blue",14,1,10,10,0,17949,7,19069,200,47,1052,340,28,2,8,6,0,16897,7,18729,223,60,0,-14,-1,2,4,-23,-13,0
"2606","Blue","Neither","Neither","Blue",16,2,6,5,0,16938,7,17614,220,48,2145,-316,36,3,4,5,0,14793,6.8,17930,197,44,0,-20,-1,2,0,23,4,0.2
"2607","Red","Red","Neither","Blue",25,3,4,7,0,14627,6.6,16086,193,47,-3960,-4005,16,8,8,9,0,18587,7.6,20091,247,68,0,9,-5,-4,-2,-54,-21,-1
"2608","Red","Red","Neither","Red",18,5,6,7,0,16485,7,18759,222,44,1097,711,14,1,3,1,0,15388,7,18048,240,63,0,4,4,3,6,-18,-19,0
"2609","Red","Red","Neither","Blue",90,1,4,2,0,15246,7,17687,217,47,-671,-738,18,4,5,2,0,15917,7,18425,227,56,0,72,-3,-1,0,-10,-9,0
"2610","Red","Blue","Neither","Red",58,2,10,19,0,17583,7,17639,201,48,-236,-1078,23,2,9,13,0,17819,7.2,18717,225,60,0,35,0,1,6,-24,-12,-0.2
"2611","Blue","Blue","Neither","Blue",14,2,10,9,0,18655,7.6,19797,254,44,3212,3245,12,2,6,8,0,15443,6.8,16552,170,52,0,2,0,4,1,84,-8,0.8
"2612","Blue","Blue","Neither","Blue",41,3,7,5,0,16875,6.8,18112,219,48,-795,236,19,3,7,9,0,17670,6.8,17876,221,44,0,22,0,0,-4,-2,4,0
"2613","Blue","Red","Blue","Blue",15,4,6,4,1,17872,7.2,19324,247,50,3544,2083,15,3,1,1,0,14328,6.8,17241,219,48,1,0,1,5,3,28,2,0.4
"2614","Blue","Blue","Blue","Blue",14,1,7,9,0,16574,6.8,17377,197,42,969,-42,13,2,6,8,0,15605,6.6,17419,194,37,0,1,-1,1,1,3,5,0.2
"2615","Red","Red","Neither","Blue",15,4,9,7,0,17651,7,18199,222,51,2348,1133,12,5,5,4,0,15303,6.8,17066,195,43,0,3,-1,4,3,27,8,0.2
"2616","Red","Red","Neither","Blue",78,1,4,7,0,15035,6.4,16650,183,60,-3584,-3248,13,2,10,10,0,18619,7.6,19898,238,59,0,65,-1,-6,-3,-55,1,-1.2
"2617","Blue","Blue","Blue","Blue",18,4,5,3,0,16399,7,17698,236,57,330,-475,20,3,5,6,0,16069,6.8,18173,235,46,0,-2,1,0,-3,1,11,0.2
"2618","Red","Neither","Blue","Red",10,4,8,13,0,18236,7,18690,221,48,1112,203,43,0,8,12,0,17124,7,18487,198,44,0,-33,4,0,1,23,4,0
"2619","Blue","Red","Neither","Blue",16,1,5,6,0,15782,7,18450,219,40,279,392,14,4,3,4,0,15503,7,18058,246,63,0,2,-3,2,2,-27,-23,0
"2620","Red","Blue","Neither","Blue",60,4,7,9,0,16938,7,18699,226,56,1516,426,16,6,3,4,0,15422,7,18273,210,60,0,44,-2,4,5,16,-4,0
"2621","Red","Red","Neither","Red",11,0,5,5,0,14740,6.4,15556,156,49,-4229,-4184,16,3,10,12,0,18969,7.4,19740,220,64,0,-5,-3,-5,-7,-64,-15,-1
"2622","Red","Neither","Neither","Red",10,1,5,6,0,15299,7,17019,169,58,-3111,-2286,15,2,12,10,0,18410,7,19305,178,56,0,-5,-1,-7,-4,-9,2,0
"2623","Blue","Neither","Neither","Blue",10,2,8,8,0,17615,7,18307,206,46,3686,1471,17,0,5,4,0,13929,6.6,16836,153,46,0,-7,2,3,4,53,0,0.4
"2624","Blue","Blue","Neither","Blue",16,4,13,14,1,20955,7.2,19806,225,64,5136,2785,13,2,3,3,0,15819,6.8,17021,213,60,1,3,2,10,11,12,4,0.4
"2625","Blue","Neither","Neither","Blue",16,2,6,8,0,16636,7.4,19834,245,56,1394,1368,24,2,2,3,0,15242,7,18466,225,68,0,-8,0,4,5,20,-12,0.4
"2626","Red","Red","Blue","Red",14,2,0,0,0,13805,6.8,17253,221,52,-2009,-2396,59,1,4,5,0,15814,7.2,19649,243,59,0,-45,1,-4,-5,-22,-7,-0.4
"2627","Red","Neither","Neither","Blue",18,4,11,16,0,18453,7,18299,204,34,466,-316,14,4,10,14,0,17987,7.4,18615,186,46,0,4,0,1,2,18,-12,-0.4
"2628","Red","Red","Neither","Red",17,1,5,5,0,14642,6.2,15033,171,41,-4958,-2388,29,4,13,14,0,19600,7,17421,231,24,0,-12,-3,-8,-9,-60,17,-0.8
"2629","Red","Red","Red","Red",39,1,3,4,0,14503,6.8,16807,207,47,-2825,-2497,46,2,7,9,0,17328,7.2,19304,221,68,0,-7,-1,-4,-5,-14,-21,-0.4
"2630","Red","Blue","Neither","Red",18,3,3,3,0,15335,6.6,17368,234,60,-1716,-1601,16,6,7,5,0,17051,7.2,18969,262,36,0,2,-3,-4,-2,-28,24,-0.600000000000001
"2631","Red","Neither","Neither","Blue",43,1,6,10,0,15629,6.8,16806,176,52,-1537,-926,15,4,8,9,0,17166,7,17732,186,36,0,28,-3,-2,1,-10,16,-0.2
"2632","Red","Red","Neither","Red",16,1,5,6,0,15782,6.4,16172,195,44,-2707,-2136,19,3,12,10,0,18489,7,18308,233,40,0,-3,-2,-7,-4,-38,4,-0.6
"2633","Blue","Blue","Neither","Blue",17,2,12,17,0,18685,6.8,18421,234,44,2857,1406,12,4,5,4,0,15828,6.8,17015,214,48,0,5,-2,7,13,20,-4,0
"2634","Blue","Blue","Neither","Red",16,2,2,3,0,14901,6.8,16696,214,72,-3206,-2169,16,1,9,10,0,18107,7.2,18865,238,58,0,0,1,-7,-7,-24,14,-0.4
"2635","Red","Red","Neither","Red",10,2,1,1,0,14012,6.8,17304,230,45,-2670,-1395,17,0,6,6,0,16682,7,18699,218,59,0,-7,2,-5,-5,12,-14,-0.2
"2636","Red","Neither","Neither","Blue",13,2,4,5,0,15913,6.4,16454,193,48,-960,-2502,12,1,8,9,0,16873,7.4,18956,190,54,0,1,1,-4,-4,3,-6,-1
"2637","Red","Blue","Neither","Red",21,4,5,2,0,14969,6.6,16860,200,60,-1579,-1179,18,11,6,1,0,16548,7.2,18039,226,56,0,3,-7,-1,1,-26,4,-0.600000000000001
"2638","Red","Neither","Neither","Blue",60,3,3,2,0,14863,7,18643,230,53,321,-260,14,4,2,2,0,14542,7,18903,230,50,0,46,-1,1,0,0,3,0
"2639","Red","Neither","Neither","Blue",16,2,5,6,0,15985,7,18011,214,52,-12,-1161,12,2,8,4,0,15997,7.2,19172,194,45,0,4,0,-3,2,20,7,-0.2
"2640","Red","Neither","Neither","Red",17,5,9,7,0,17407,7.2,18451,214,44,222,1716,19,2,10,13,0,17185,6.6,16735,205,40,0,-2,3,-1,-6,9,4,0.600000000000001
"2641","Red","Red","Neither","Blue",13,5,5,5,0,15829,6.8,17771,237,45,968,715,18,2,3,2,0,14861,6.8,17056,224,44,0,-5,3,2,3,13,1,0
"2642","Red","Red","Neither","Blue",16,2,5,3,0,14953,6.6,17141,183,60,-3042,-3641,18,0,9,5,0,17995,7.6,20782,224,75,0,-2,2,-4,-2,-41,-15,-1
"2643","Blue","Blue","Neither","Blue",13,1,13,8,0,20389,7.4,20574,235,52,6512,3981,14,2,3,0,0,13877,6.8,16593,185,44,0,-1,-1,10,8,50,8,0.600000000000001
"2644","Blue","Red","Neither","Red",47,3,6,5,0,16789,7,18276,233,48,904,164,18,2,5,4,0,15885,6.8,18112,234,56,0,29,1,1,1,-1,-8,0.2
"2645","Blue","Blue","Blue","Blue",17,2,13,14,0,20403,7.4,20886,238,58,5365,4901,10,2,5,5,0,15038,6.4,15985,178,44,0,7,0,8,9,60,14,1
"2646","Blue","Neither","Red","Blue",15,2,2,2,0,15318,7,17867,219,50,-1145,-2100,16,1,5,1,0,16463,7.4,19967,261,56,0,-1,1,-3,1,-42,-6,-0.4
"2647","Blue","Red","Blue","Blue",41,13,2,3,0,15180,7,18148,225,68,-986,-1508,40,1,4,3,0,16166,7.6,19656,235,76,0,1,12,-2,0,-10,-8,-0.6
"2648","Blue","Blue","Neither","Blue",19,14,8,11,0,18200,7.2,19337,218,67,3719,1813,62,3,3,1,0,14481,6.8,17524,214,60,0,-43,11,5,10,4,7,0.4
"2649","Red","Red","Red","Blue",12,2,5,5,0,15646,6.6,16889,186,50,-201,-1702,19,0,5,2,0,15847,7.2,18591,247,58,0,-7,2,0,3,-61,-8,-0.600000000000001
"2650","Red","Red","Neither","Blue",13,2,5,6,0,15747,6.8,17503,192,41,-1123,-1230,14,2,7,6,0,16870,7,18733,227,59,0,-1,0,-2,0,-35,-18,-0.2
"2651","Red","Red","Neither","Red",30,3,3,3,0,14668,6.6,16196,197,52,-2440,-2239,21,5,7,6,0,17108,7.2,18435,230,55,0,9,-2,-4,-3,-33,-3,-0.600000000000001
"2652","Blue","Red","Blue","Blue",17,3,8,7,0,19318,7.8,21508,257,71,4787,4701,31,2,3,1,0,14531,6.6,16807,230,50,0,-14,1,5,6,27,21,1.2
"2653","Blue","Blue","Neither","Blue",14,5,10,8,0,18302,7.2,19223,237,47,851,709,16,3,7,8,0,17451,7,18514,251,51,0,-2,2,3,0,-14,-4,0.2
"2654","Red","Blue","Neither","Red",18,2,5,6,0,15167,7,17584,200,52,-1315,-1049,45,4,6,8,0,16482,7,18633,222,46,0,-27,-2,-1,-2,-22,6,0
"2655","Red","Red","Red","Red",12,2,3,4,0,15330,6.4,16378,205,66,-3277,-1680,16,1,8,12,1,18607,6.8,18058,220,56,-1,-4,1,-5,-8,-15,10,-0.399999999999999
"2656","Red","Blue","Neither","Red",18,3,2,1,0,14579,6.8,17772,218,67,-1684,-772,15,3,5,3,0,16263,7.2,18544,226,64,0,3,0,-3,-2,-8,3,-0.4
"2657","Red","Red","Neither","Red",10,1,5,7,0,15828,6.6,16976,195,40,-2330,-1189,13,3,12,12,0,18158,7,18165,215,40,0,-3,-2,-7,-5,-20,0,-0.4
"2658","Red","Blue","Neither","Blue",16,4,10,11,0,18001,7,18571,216,50,1510,151,14,2,6,6,0,16491,6.8,18420,231,45,0,2,2,4,5,-15,5,0.2
"2659","Red","Red","Neither","Blue",16,3,5,4,1,17305,7.2,18581,246,40,2319,135,15,2,4,2,0,14986,7,18446,217,59,1,1,1,1,2,29,-19,0.2
"2660","Blue","Neither","Blue","Blue",13,2,11,10,0,18706,7.2,19465,243,55,3787,2856,15,0,4,4,0,14919,6.8,16609,202,48,0,-2,2,7,6,41,7,0.4
"2661","Red","Red","Neither","Red",9,4,7,6,0,16939,6.8,17715,223,43,-398,-1977,40,2,9,8,0,17337,7.2,19692,202,60,0,-31,2,-2,-2,21,-17,-0.4
"2662","Blue","Blue","Blue","Blue",16,1,5,5,2,17645,7,18081,224,52,2864,1182,74,3,3,3,0,14781,6.6,16899,207,40,2,-58,-2,2,2,17,12,0.4
"2663","Red","Red","Red","Red",16,1,6,5,0,15985,7,17976,176,52,-2993,-2498,15,1,10,7,0,18978,7.4,20474,218,58,0,1,0,-4,-2,-42,-6,-0.4
"2664","Red","Red","Blue","Red",17,1,12,11,0,18325,7.4,19498,190,55,793,1612,10,0,9,7,0,17532,6.8,17886,208,40,0,7,1,3,4,-18,15,0.600000000000001
"2665","Blue","Blue","Blue","Red",18,5,6,7,0,18050,7.2,18264,238,60,284,681,58,5,9,15,0,17766,6.8,17583,207,52,0,-40,0,-3,-8,31,8,0.4
"2666","Blue","Blue","Neither","Red",17,4,11,12,0,18585,7.2,19498,221,55,1139,1170,14,0,9,9,0,17446,7,18328,218,54,0,3,4,2,3,3,1,0.2
"2667","Red","Neither","Red","Blue",16,4,2,4,0,14367,6.4,16705,203,47,-2901,-2666,14,2,7,8,0,17268,7.2,19371,229,60,0,2,2,-5,-4,-26,-13,-0.8
"2668","Red","Blue","Neither","Red",14,4,7,7,0,16743,7.2,18562,215,45,1323,457,13,0,4,8,0,15420,7,18105,209,52,0,1,4,3,-1,6,-7,0.2
"2669","Blue","Neither","Neither","Red",19,3,13,7,0,18388,7,18350,185,36,535,776,18,3,10,10,0,17853,7,17574,198,56,0,1,0,3,-3,-13,-20,0
"2670","Red","Red","Neither","Blue",43,3,4,3,0,15710,6.8,17789,242,48,-682,-323,16,1,5,4,0,16392,6.8,18112,227,56,0,27,2,-1,-1,15,-8,0
"2671","Red","Red","Neither","Blue",86,3,6,10,0,17275,7.2,19289,241,44,1702,1352,14,1,4,4,0,15573,6.8,17937,234,60,0,72,2,2,6,7,-16,0.4
"2672","Red","Red","Blue","Red",38,1,7,9,0,16623,6.8,17503,206,59,-389,329,16,1,8,10,0,17012,6.8,17174,225,43,0,22,0,-1,-1,-19,16,0
"2673","Blue","Blue","Neither","Red",15,0,6,6,0,17402,7.2,19869,262,51,3250,3073,14,2,1,1,0,14152,6.4,16796,232,52,0,1,-2,5,5,30,-1,0.8
"2674","Blue","Blue","Blue","Red",35,1,7,6,0,17555,7.8,20887,248,63,2678,3150,15,1,3,3,0,14877,7,17737,200,58,0,20,0,4,3,48,5,0.8
"2675","Blue","Neither","Neither","Blue",39,4,2,3,0,14952,6.8,17963,264,43,-2262,-668,19,4,8,4,0,17214,7.4,18631,244,49,0,20,0,-6,-1,20,-6,-0.600000000000001
"2676","Red","Neither","Neither","Blue",17,4,6,6,0,15487,6,14798,187,36,-1796,-2222,17,4,9,7,0,17283,6.8,17020,213,40,0,0,0,-3,-1,-26,-4,-0.8
"2677","Blue","Red","Neither","Blue",11,2,7,6,0,18351,7.4,19217,222,72,3827,3161,15,1,3,3,0,14524,6.4,16056,201,53,0,-4,1,4,3,21,19,1
"2678","Red","Red","Red","Red",16,1,1,1,0,13797,6.2,15622,173,60,-5533,-4951,35,2,9,10,0,19330,7.4,20573,256,59,0,-19,-1,-8,-9,-83,1,-1.2
"2679","Blue","Neither","Neither","Blue",16,3,6,3,0,16241,7.2,18124,238,47,-602,-905,16,3,7,5,0,16843,7.2,19029,232,68,0,0,0,-1,-2,6,-21,0
"2680","Blue","Red","Red","Red",16,4,6,5,0,17065,7.4,19124,257,47,1525,873,14,3,5,5,0,15540,7,18251,189,51,0,2,1,1,0,68,-4,0.4
"2681","Blue","Red","Neither","Blue",18,2,8,6,0,18609,7.2,19904,244,64,5109,3009,14,2,0,0,0,13500,6.6,16895,216,56,0,4,0,8,6,28,8,0.600000000000001
"2682","Blue","Blue","Red","Red",23,1,8,8,0,16259,6.8,16785,171,59,656,-718,19,2,5,3,0,15603,6.8,17503,230,48,0,4,-1,3,5,-59,11,0
"2683","Red","Blue","Neither","Blue",14,2,8,6,0,17858,7.2,18694,267,52,1886,460,15,3,4,4,0,15972,7,18234,219,52,0,-1,-1,4,2,48,0,0.2
"2684","Blue","Red","Red","Blue",16,2,12,12,0,19055,7,18944,225,51,982,1653,37,3,7,8,1,18073,6.6,17291,188,53,-1,-21,-1,5,4,37,-2,0.4
"2685","Blue","Blue","Blue","Red",15,3,8,10,0,17217,7.2,18214,185,60,-414,-47,14,2,7,3,1,17631,7,18261,198,68,-1,1,1,1,7,-13,-8,0.2
"2686","Red","Red","Neither","Red",17,1,6,7,0,16091,7,18518,238,38,356,122,14,4,4,4,0,15735,7,18396,217,64,0,3,-3,2,3,21,-26,0
"2687","Red","Blue","Neither","Red",14,1,8,13,0,17174,6.8,17921,244,56,-516,-4,12,2,10,13,0,17690,6.8,17925,183,40,0,2,-1,-2,0,61,16,0
"2688","Red","Blue","Neither","Blue",14,5,3,2,0,14961,6.6,16723,220,55,-2212,-2725,41,4,7,5,0,17173,7.4,19448,235,56,0,-27,1,-4,-3,-15,-1,-0.800000000000001
"2689","Blue","Red","Neither","Blue",21,0,7,8,0,16076,6.8,16620,187,37,-923,-803,14,4,9,11,0,16999,6.8,17423,197,52,0,7,-4,-2,-3,-10,-15,0
"2690","Red","Red","Neither","Red",14,0,5,3,0,15905,6.8,17772,203,43,-1798,-1804,14,4,9,5,0,17703,7,19576,218,58,0,0,-4,-4,-2,-15,-15,-0.2
"2691","Red","Red","Blue","Blue",41,5,6,7,0,15075,6.4,16260,179,32,-3996,-3131,23,10,10,11,0,19071,7.4,19391,210,78,0,18,-5,-4,-4,-31,-46,-1
"2692","Blue","Neither","Neither","Red",18,3,7,9,0,16711,6.6,17570,207,48,259,-527,14,3,6,3,0,16452,6.8,18097,221,51,0,4,0,1,6,-14,-3,-0.2
"2693","Red","Neither","Neither","Blue",38,3,7,11,0,17371,6.6,17488,209,47,3058,1096,15,4,2,2,0,14313,6.6,16392,230,35,0,23,-1,5,9,-21,12,0
"2694","Red","Red","Neither","Red",12,3,3,5,0,15537,7,18851,231,64,-937,-89,16,5,4,5,0,16474,7.2,18940,251,68,0,-4,-2,-1,0,-20,-4,-0.2
"2695","Red","Red","Neither","Blue",15,0,2,2,0,13751,6.2,15189,183,40,-5551,-2712,15,2,12,15,1,19302,6.8,17901,201,40,-1,0,-2,-10,-13,-18,0,-0.6
"2696","Blue","Neither","Neither","Blue",17,0,8,10,0,18888,7.2,18408,232,42,4662,2019,12,1,1,1,0,14226,6.6,16389,207,64,0,5,-1,7,9,25,-22,0.600000000000001
"2697","Red","Red","Red","Red",13,0,3,2,0,13962,6.4,15298,192,27,-5812,-5009,13,1,11,7,1,19774,7.4,20307,225,44,-1,0,-1,-8,-5,-33,-17,-1
"2698","Blue","Red","Neither","Red",15,2,5,4,0,16697,7,18216,214,62,-63,-779,37,3,8,4,0,16760,7.2,18995,219,58,0,-22,-1,-3,0,-5,4,-0.2
"2699","Red","Blue","Blue","Blue",18,3,4,3,0,15815,7.2,18069,245,41,-1110,-391,14,7,8,10,0,16925,7,18460,229,45,0,4,-4,-4,-7,16,-4,0.2
"2700","Blue","Red","Neither","Red",13,3,6,5,0,17047,7.2,19108,260,52,1604,1599,14,0,4,5,0,15443,6.8,17509,209,44,0,-1,3,2,0,51,8,0.4
"2701","Red","Red","Red","Red",15,1,5,2,0,15118,6.6,16774,214,39,-3673,-3603,12,1,13,11,0,18791,7.4,20377,206,50,0,3,0,-8,-9,8,-11,-0.800000000000001
"2702","Red","Red","Neither","Blue",17,7,6,7,0,16035,6.6,17041,196,52,-2257,-2894,40,3,9,5,0,18292,7.4,19935,230,52,0,-23,4,-3,2,-34,0,-0.800000000000001
"2703","Blue","Blue","Neither","Blue",16,4,8,7,0,16225,6.8,17748,179,44,195,428,17,0,3,4,0,16030,6.6,17320,239,39,0,-1,4,5,3,-60,5,0.2
"2704","Red","Blue","Neither","Red",122,1,3,4,0,15033,6.8,18279,211,59,6,205,107,2,2,2,0,15027,7.2,18074,221,57,0,15,-1,1,2,-10,2,-0.4
"2705","Red","Red","Blue","Blue",16,4,8,11,0,17064,6.6,16813,185,41,-574,-1413,24,4,10,14,0,17638,6.8,18226,217,55,0,-8,0,-2,-3,-32,-14,-0.2
"2706","Red","Blue","Neither","Red",14,2,13,12,0,18043,6.8,17743,186,48,468,302,15,1,8,9,0,17575,6.8,17441,219,60,0,-1,1,5,3,-33,-12,0
"2707","Red","Red","Blue","Red",18,4,5,7,0,15710,7.2,18847,239,43,-152,713,17,3,4,5,0,15862,7,18134,218,74,0,1,1,1,2,21,-31,0.2
"2708","Red","Red","Neither","Blue",14,2,6,7,0,17476,7.2,19471,226,68,3460,2275,17,2,0,0,0,14016,6.8,17196,242,64,0,-3,0,6,7,-16,4,0.4
"2709","Blue","Neither","Neither","Blue",34,5,1,1,0,14745,6.8,17469,236,60,-2556,-325,24,2,7,9,0,17301,7,17794,238,44,0,10,3,-6,-8,-2,16,-0.2
"2710","Red","Blue","Neither","Blue",16,3,6,8,0,16052,7,17653,221,45,-1558,-500,16,3,9,9,0,17610,7,18153,212,40,0,0,0,-3,-1,9,5,0
"2711","Blue","Blue","Neither","Blue",14,3,10,14,0,18888,7.2,18447,242,43,4780,2748,15,1,2,2,0,14108,6.4,15699,203,46,0,-1,2,8,12,39,-3,0.8
"2712","Red","Red","Neither","Red",13,2,3,5,0,15423,7.2,18610,241,52,-2523,-732,13,4,7,7,0,17946,7.4,19342,248,48,0,0,-2,-4,-2,-7,4,-0.2
"2713","Red","Blue","Neither","Blue",18,1,7,6,0,15927,6.6,15756,192,44,-2390,-2971,13,2,7,13,0,18317,7.2,18727,219,70,0,5,-1,0,-7,-27,-26,-0.600000000000001
"2714","Red","Red","Red","Red",16,3,5,3,0,15967,6.4,16964,223,44,-1578,-598,276,1,8,10,0,17545,7,17562,206,40,0,-260,2,-3,-7,17,4,-0.6
"2715","Blue","Blue","Neither","Blue",146,5,13,13,0,19929,7.6,20672,224,67,2558,2349,38,1,9,14,0,17371,7.2,18323,208,38,0,108,4,4,-1,16,29,0.399999999999999
"2716","Red","Neither","Neither","Blue",20,2,5,7,0,16110,7,18673,222,53,-146,557,15,4,5,7,0,16256,7,18116,217,64,0,5,-2,0,0,5,-11,0
"2717","Blue","Neither","Neither","Red",15,5,9,9,0,17631,7,18106,214,41,1564,86,16,2,8,7,0,16067,7,18020,193,47,0,-1,3,1,2,21,-6,0
"2718","Blue","Blue","Blue","Red",15,1,4,4,0,16337,7,18992,251,67,1260,1487,35,1,4,2,0,15077,6.8,17505,204,48,0,-20,0,0,2,47,19,0.2
"2719","Blue","Blue","Neither","Blue",14,1,6,8,0,16693,7,18416,240,67,1722,1857,13,2,5,2,0,14971,6.6,16559,193,52,0,1,-1,1,6,47,15,0.4
"2720","Blue","Blue","Blue","Blue",16,3,5,7,1,18334,7.4,19247,231,70,1111,26,18,4,7,7,0,17223,7.4,19221,240,56,1,-2,-1,-2,0,-9,14,0
"2721","Blue","Red","Blue","Red",14,4,4,7,0,14641,6.6,16376,171,60,-3174,-1926,22,1,9,14,0,17815,7,18302,194,56,0,-8,3,-5,-7,-23,4,-0.4
"2722","Red","Neither","Neither","Blue",13,0,2,2,0,14524,6.8,17686,214,50,-1333,-1832,14,3,4,2,0,15857,7,19518,260,49,0,-1,-3,-2,0,-46,1,-0.2
"2723","Red","Red","Neither","Red",18,2,6,10,0,16111,6.4,16723,219,44,1039,-79,14,3,5,3,0,15072,6.8,16802,213,48,0,4,-1,1,7,6,-4,-0.399999999999999
"2724","Red","Red","Blue","Red",17,3,3,4,0,15284,7,17637,207,72,-3712,-3375,35,6,9,6,0,18996,7.6,21012,246,61,0,-18,-3,-6,-2,-39,11,-0.6
"2725","Blue","Blue","Neither","Red",19,3,2,1,0,14107,6.6,17015,180,72,-1699,-364,20,3,6,10,0,15806,6.8,17379,220,40,0,-1,0,-4,-9,-40,32,-0.2
"2726","Blue","Red","Neither","Red",10,3,7,7,0,17152,6.8,18219,223,48,629,753,16,1,7,9,0,16523,6.8,17466,212,44,0,-6,2,0,-2,11,4,0
"2727","Blue","Neither","Red","Blue",15,2,7,8,0,16025,6.4,16142,197,42,-2344,-1592,17,2,9,7,1,18369,6.8,17734,211,40,-1,-2,0,-2,1,-14,2,-0.399999999999999
"2728","Blue","Blue","Blue","Blue",16,2,2,2,0,15130,7.2,18930,234,50,-27,281,14,0,3,3,0,15157,7.4,18649,250,53,0,2,2,-1,-1,-16,-3,-0.2
"2729","Red","Neither","Neither","Red",15,2,7,11,0,16230,6.6,16813,181,52,-30,-965,13,3,5,5,0,16260,6.8,17778,231,51,0,2,-1,2,6,-50,1,-0.2
"2730","Red","Red","Neither","Red",18,0,7,4,0,16113,6.8,17158,205,47,-211,320,41,3,7,9,0,16324,6.6,16838,191,40,0,-23,-3,0,-5,14,7,0.2
"2731","Red","Blue","Neither","Blue",22,4,10,8,0,17394,7,18046,195,28,-614,-846,14,3,9,8,0,18008,7,18892,187,92,0,8,1,1,0,8,-64,0
"2732","Red","Blue","Red","Blue",13,3,2,0,0,13803,6.6,16366,203,55,-4410,-4163,12,1,9,3,0,18213,7.4,20529,236,72,0,1,2,-7,-3,-33,-17,-0.800000000000001
"2733","Red","Red","Red","Blue",14,4,3,2,0,13893,6.4,15277,171,40,-4054,-3806,18,3,9,11,0,17947,7,19083,218,80,0,-4,1,-6,-9,-47,-40,-0.6
"2734","Red","Red","Neither","Blue",13,5,5,5,0,16312,7,18684,239,41,-77,260,97,2,6,11,0,16389,7,18424,230,42,0,-84,3,-1,-6,9,-1,0
"2735","Blue","Blue","Neither","Blue",17,24,11,15,0,18205,7,18119,207,38,2002,1791,40,4,6,9,0,16203,6.4,16328,208,36,0,-23,20,5,6,-1,2,0.6
"2736","Blue","Blue","Neither","Red",12,2,5,6,0,16484,6.6,17799,242,44,-94,-844,13,4,7,7,0,16578,7,18643,201,48,0,-1,-2,-2,-1,41,-4,-0.4
"2737","Red","Neither","Neither","Blue",16,2,6,10,0,16661,7,18206,233,44,171,807,18,3,8,10,0,16490,7,17399,229,29,0,-2,-1,-2,0,4,15,0
"2738","Red","Red","Neither","Red",15,4,5,7,0,15381,6.4,16749,202,51,-2099,-1505,19,4,10,15,0,17480,7,18254,206,52,0,-4,0,-5,-8,-4,-1,-0.6
"2739","Red","Blue","Blue","Blue",12,1,13,14,0,19234,6.8,17699,179,48,3274,1603,18,2,6,6,0,15960,6.4,16096,206,40,0,-6,-1,7,8,-27,8,0.399999999999999
"2740","Blue","Neither","Neither","Red",17,6,11,14,1,19350,7.4,19830,234,39,4553,3000,16,0,4,2,0,14797,6.4,16830,208,52,1,1,6,7,12,26,-13,1
"2741","Red","Red","Blue","Blue",41,2,5,3,1,17389,7.4,19074,224,53,760,120,13,3,6,6,0,16629,7.2,18954,235,57,1,28,-1,-1,-3,-11,-4,0.2
"2742","Red","Blue","Neither","Blue",13,2,8,9,0,16138,6.6,16973,195,40,611,-139,11,2,6,5,0,15527,6.8,17112,215,43,0,2,0,2,4,-20,-3,-0.2
"2743","Blue","Neither","Neither","Blue",60,4,3,2,0,15271,7,18182,199,59,356,58,16,0,2,2,0,14915,7,18124,232,39,0,44,4,1,0,-33,20,0
"2744","Blue","Neither","Neither","Blue",32,4,10,7,0,17584,6.4,16118,159,47,316,-1561,39,2,9,8,0,17268,6.6,17679,202,47,0,-7,2,1,-1,-43,0,-0.199999999999999
"2745","Red","Red","Neither","Blue",18,5,8,10,0,17297,7,18369,211,50,1961,564,38,1,4,5,0,15336,6.8,17805,211,46,0,-20,4,4,5,0,4,0.2
"2746","Blue","Blue","Neither","Red",15,3,9,14,0,17693,6.8,17892,201,36,4282,1993,14,4,3,1,0,13411,6.6,15899,149,47,0,1,-1,6,13,52,-11,0.2
"2747","Blue","Neither","Neither","Blue",12,7,4,5,0,14703,6.6,16749,232,33,-1323,-591,41,2,7,15,0,16026,6.8,17340,191,39,0,-29,5,-3,-10,41,-6,-0.2
"2748","Blue","Neither","Neither","Blue",15,3,6,12,0,17394,7,18668,233,55,285,-352,16,1,6,9,0,17109,7,19020,228,61,0,-1,2,0,3,5,-6,0
"2749","Red","Red","Red","Red",35,3,9,14,0,16563,6.8,17202,182,56,-1292,-1426,13,1,5,3,1,17855,7,18628,237,57,-1,22,2,4,11,-55,-1,-0.2
"2750","Red","Red","Neither","Blue",11,1,4,3,0,15270,6.8,17913,225,44,-375,-1283,9,1,2,1,0,15645,7.4,19196,207,88,0,2,0,2,2,18,-44,-0.600000000000001
"2751","Red","Neither","Neither","Red",16,3,3,3,0,14906,6.6,16779,195,56,-1198,-599,17,3,6,1,0,16104,6.8,17378,250,44,0,-1,0,-3,2,-55,12,-0.2
"2752","Blue","Blue","Neither","Blue",13,1,14,8,0,19085,7.2,19432,226,40,4784,3335,14,1,3,2,0,14301,6.2,16097,178,47,0,-1,0,11,6,48,-7,1
"2753","Blue","Blue","Blue","Blue",17,4,2,3,0,15290,7,17983,253,47,-9,-307,19,1,2,2,0,15299,7,18290,243,58,0,-2,3,0,1,10,-11,0
"2754","Red","Red","Red","Blue",16,5,4,7,0,15557,6.6,17145,212,50,-2101,-2009,18,3,8,11,0,17658,7.2,19154,249,50,0,-2,2,-4,-4,-37,0,-0.600000000000001
"2755","Blue","Blue","Neither","Red",13,3,8,7,0,17318,7.4,19714,244,54,2789,3223,15,1,3,2,0,14529,6.4,16491,203,60,0,-2,2,5,5,41,-6,1
"2756","Red","Red","Neither","Blue",15,2,7,5,0,16359,7,17684,219,40,117,-113,13,2,6,7,0,16242,6.8,17797,229,44,0,2,0,1,-2,-10,-4,0.2
"2757","Red","Red","Neither","Red",14,1,3,4,0,14722,6.4,16433,218,48,-3784,-3051,17,4,8,12,0,18506,7.2,19484,239,44,0,-3,-3,-5,-8,-21,4,-0.8
"2758","Red","Red","Neither","Red",12,1,3,3,0,15035,6.4,15909,202,50,-2930,-2300,16,3,8,9,0,17965,7,18209,238,48,0,-4,-2,-5,-6,-36,2,-0.6
"2759","Red","Red","Neither","Red",13,3,2,2,0,14663,6.4,15958,228,44,-3148,-2856,17,2,9,13,0,17811,7.2,18814,215,64,0,-4,1,-7,-11,13,-20,-0.8
"2760","Red","Red","Neither","Red",17,1,4,3,0,15504,7,17911,222,47,-1471,-1204,15,6,7,10,0,16975,7,19115,214,50,0,2,-5,-3,-7,8,-3,0
"2761","Red","Red","Neither","Blue",16,1,4,2,0,16463,7.2,18904,247,71,801,1090,10,0,6,7,0,15662,6.8,17814,197,60,0,6,1,-2,-5,50,11,0.4
"2762","Blue","Neither","Neither","Red",26,4,7,6,0,17009,7.2,19047,241,43,45,1199,22,1,8,9,0,16964,7,17848,211,36,0,4,3,-1,-3,30,7,0.2
"2763","Blue","Red","Blue","Blue",15,2,6,6,0,16866,6.8,17542,218,47,69,-552,18,1,6,9,0,16797,6.8,18094,247,40,0,-3,1,0,-3,-29,7,0
"2764","Red","Red","Neither","Blue",14,3,6,4,0,16982,7,18435,242,51,1277,297,54,2,3,4,0,15705,6.8,18138,218,75,0,-40,1,3,0,24,-24,0.2
"2765","Red","Neither","Neither","Red",13,3,3,5,0,15051,6.8,17568,211,47,-4401,-3035,14,3,12,12,0,19452,7.6,20603,239,48,0,-1,0,-9,-7,-28,-1,-0.8
"2766","Red","Red","Neither","Blue",15,4,10,11,0,18719,7.4,19257,236,52,3523,1757,14,0,3,2,0,15196,6.6,17500,220,64,0,1,4,7,9,16,-12,0.800000000000001
"2767","Red","Neither","Neither","Red",17,2,7,11,0,15541,6.2,15120,180,45,-3711,-2987,13,3,13,16,0,19252,7,18107,207,45,0,4,-1,-6,-5,-27,0,-0.8
"2768","Blue","Blue","Neither","Red",19,1,14,24,0,20114,7,19069,220,34,2397,3292,18,3,10,9,0,17717,6.4,15777,144,60,0,1,-2,4,15,76,-26,0.6
"2769","Blue","Red","Blue","Blue",14,1,10,8,1,20173,7.4,20931,248,56,6281,4551,16,0,3,0,0,13892,6.6,16380,204,40,1,-2,1,7,8,44,16,0.800000000000001
"2770","Red","Neither","Neither","Blue",11,1,9,14,0,17058,6.4,16359,174,40,-1004,-2008,17,0,9,14,0,18062,7,18367,213,56,0,-6,1,0,0,-39,-16,-0.6
"2771","Red","Blue","Neither","Blue",13,4,11,17,1,19900,7,17323,200,41,4027,701,19,3,6,9,0,15873,6.6,16622,197,58,1,-6,1,5,8,3,-17,0.4
"2772","Blue","Blue","Red","Blue",15,2,5,5,0,15536,6.8,17751,179,52,-833,-1021,13,2,6,6,0,16369,7.2,18772,240,60,0,2,0,-1,-1,-61,-8,-0.4
"2773","Red","Red","Neither","Blue",9,3,5,5,0,15946,6.8,16743,208,36,-2267,-2010,18,3,11,14,0,18213,7,18753,227,48,0,-9,0,-6,-9,-19,-12,-0.2
"2774","Blue","Neither","Neither","Blue",23,2,17,29,0,22449,7.4,19137,209,60,4624,2511,85,3,9,17,0,17825,6.6,16626,180,40,0,-62,-1,8,12,29,20,0.800000000000001
"2775","Red","Red","Neither","Red",13,1,6,8,0,15087,6.6,17017,177,43,-3782,-3060,14,1,9,10,0,18869,7.4,20077,245,65,0,-1,0,-3,-2,-68,-22,-0.800000000000001
"2776","Blue","Neither","Red","Blue",20,2,3,6,0,14632,6.4,16037,198,53,-1134,-906,15,4,4,5,0,15766,6.8,16943,223,46,0,5,-2,-1,1,-25,7,-0.399999999999999
"2777","Blue","Blue","Neither","Blue",16,2,8,4,0,16883,7.2,18957,215,52,955,642,16,1,6,5,0,15928,7,18315,206,59,0,0,1,2,-1,9,-7,0.2
"2778","Red","Red","Red","Red",11,5,7,5,0,15463,6.4,16063,208,20,-3882,-2253,15,1,15,15,0,19345,7,18316,213,40,0,-4,4,-8,-10,-5,-20,-0.6
"2779","Red","Red","Red","Blue",21,0,5,6,0,16158,7.4,19418,175,83,-811,1024,15,4,4,2,1,16969,7.2,18394,232,48,-1,6,-4,1,4,-57,35,0.2
"2780","Blue","Neither","Neither","Red",19,0,4,6,0,15295,6.8,16951,225,45,-1755,-1014,15,7,7,13,0,17050,7,17965,218,54,0,4,-7,-3,-7,7,-9,-0.2
"2781","Blue","Neither","Blue","Blue",34,3,8,5,0,17540,7.4,19850,232,56,1499,2433,15,3,6,4,0,16041,7,17417,187,48,0,19,0,2,1,45,8,0.4
"2782","Blue","Neither","Red","Blue",14,3,6,6,0,17066,7.6,20061,239,75,3215,2650,11,1,1,0,0,13851,6.8,17411,220,56,0,3,2,5,6,19,19,0.8
"2783","Red","Red","Neither","Red",21,7,5,6,0,16110,6.8,17732,245,38,-1519,-1488,20,5,5,10,0,17629,7.2,19220,228,76,0,1,2,0,-4,17,-38,-0.4
"2784","Blue","Neither","Neither","Red",18,1,9,6,0,17707,7.2,18993,205,46,2488,2913,14,3,5,5,0,15219,6.4,16080,190,44,0,4,-2,4,1,15,2,0.8
"2785","Blue","Neither","Blue","Red",15,1,6,5,0,16461,7,18295,173,64,-667,1243,17,3,7,9,0,17128,6.6,17052,224,39,0,-2,-2,-1,-4,-51,25,0.4
"2786","Red","Neither","Neither","Red",16,2,5,4,0,16429,7,18899,242,54,-172,1254,18,1,4,5,0,16601,6.8,17645,219,47,0,-2,1,1,-1,23,7,0.2
"2787","Red","Blue","Neither","Blue",15,2,3,3,0,15495,7,17827,226,60,-1972,-1613,29,3,7,9,0,17467,7.2,19440,233,62,0,-14,-1,-4,-6,-7,-2,-0.2
"2788","Red","Blue","Neither","Blue",8,2,4,4,0,15875,7,17873,235,51,-396,-1091,29,3,5,6,0,16271,7.2,18964,210,58,0,-21,-1,-1,-2,25,-7,-0.2
"2789","Red","Neither","Neither","Blue",13,5,7,10,0,16521,7,17150,223,35,413,-857,43,1,5,5,0,16108,7,18007,197,56,0,-30,4,2,5,26,-21,0
"2790","Blue","Red","Red","Blue",39,4,7,10,0,16781,7,18289,195,55,439,751,13,4,6,6,0,16342,7,17538,203,59,0,26,0,1,4,-8,-4,0
"2791","Red","Neither","Red","Red",16,4,10,12,0,17748,7.2,19278,175,41,2329,2416,16,2,4,4,0,15419,6.6,16862,218,55,0,0,2,6,8,-43,-14,0.600000000000001
"2792","Red","Red","Neither","Red",33,1,5,2,0,16145,7,17749,221,40,-2746,-1939,13,1,13,14,0,18891,7.2,19688,229,58,0,20,0,-8,-12,-8,-18,-0.2
"2793","Red","Red","Red","Red",14,2,3,3,0,15049,6.8,17845,200,47,-964,-271,18,1,6,4,0,16013,7,18116,196,46,0,-4,1,-3,-1,4,1,-0.2
"2794","Blue","Blue","Neither","Blue",19,4,8,13,0,16712,6.8,17797,194,48,2357,1436,54,3,4,3,0,14355,6.4,16361,162,52,0,-35,1,4,10,32,-4,0.399999999999999
"2795","Red","Red","Blue","Blue",15,4,8,11,0,17662,7.2,19112,219,60,1016,310,20,3,6,8,0,16646,7.2,18802,231,60,0,-5,1,2,3,-12,0,0
"2796","Red","Red","Red","Red",25,1,3,2,0,15197,6.8,17692,223,60,-3960,-1446,93,4,12,15,0,19157,7,19138,216,52,0,-68,-3,-9,-13,7,8,-0.2
"2797","Blue","Blue","Neither","Blue",58,1,6,6,0,17604,7.4,20758,248,67,2547,2796,36,0,3,2,0,15057,6.6,17962,195,60,0,22,1,3,4,53,7,0.800000000000001
"2798","Red","Neither","Neither","Red",12,5,10,7,0,17431,6.8,17722,202,48,-1294,-267,17,2,12,20,0,18725,6.8,17989,195,65,0,-5,3,-2,-13,7,-17,0
"2799","Red","Red","Neither","Red",12,1,2,2,0,14346,6.4,15676,200,49,-3886,-3453,15,3,11,10,0,18232,7.2,19129,220,53,0,-3,-2,-9,-8,-20,-4,-0.8
"2800","Red","Blue","Neither","Blue",15,2,8,8,0,17623,7,17787,229,48,3100,1006,26,2,3,2,0,14523,6.8,16781,209,47,0,-11,0,5,6,20,1,0.2
"2801","Red","Red","Blue","Red",93,4,8,8,0,18683,7.2,19031,218,52,1874,1408,16,4,8,8,0,16809,6.8,17623,215,44,0,77,0,0,0,3,8,0.4
"2802","Blue","Blue","Neither","Red",16,3,4,5,0,15561,6.8,17448,226,47,246,-549,15,2,4,1,0,15315,7,17997,228,51,0,1,1,0,4,-2,-4,-0.2
"2803","Red","Blue","Neither","Blue",15,3,10,11,0,18172,7.2,18893,218,48,-347,393,16,2,10,10,0,18519,7,18500,219,48,0,-1,1,0,1,-1,0,0.2
"2804","Blue","Red","Blue","Red",12,1,6,2,1,16753,6.8,17350,190,61,1936,1799,10,0,6,3,0,14817,6,15551,190,57,1,2,1,0,-1,0,4,0.8
"2805","Red","Neither","Neither","Red",15,5,6,7,0,15800,6.8,17954,203,48,-966,111,19,3,6,7,0,16766,7,17843,220,47,0,-4,2,0,0,-17,1,-0.2
"2806","Red","Red","Neither","Red",21,8,1,1,0,13525,6.4,15625,210,46,-5423,-4119,39,6,12,14,0,18948,7.4,19744,206,46,0,-18,2,-11,-13,4,0,-1
"2807","Blue","Red","Red","Red",40,1,5,5,0,16418,7.2,19182,242,60,1234,962,18,14,3,3,0,15184,6.8,18220,215,56,0,22,-13,2,2,27,4,0.4
"2808","Red","Neither","Neither","Red",12,6,3,2,0,14867,6.8,18057,222,47,-822,-592,39,1,4,4,0,15689,7,18649,209,57,0,-27,5,-1,-2,13,-10,-0.2
"2809","Red","Red","Neither","Red",18,4,1,0,0,14288,6.4,15711,237,36,-3358,-2837,18,2,8,6,0,17646,7.2,18548,240,52,0,0,2,-7,-6,-3,-16,-0.8
"2810","Blue","Red","Blue","Red",16,6,6,7,0,16106,6.8,18229,216,47,-443,396,16,3,5,6,0,16549,7,17833,240,59,0,0,3,1,1,-24,-12,-0.2
"2811","Red","Neither","Neither","Blue",14,2,7,4,0,16068,6.8,17309,193,42,-466,608,20,2,7,9,0,16534,6.4,16701,224,29,0,-6,0,0,-5,-31,13,0.399999999999999
"2812","Blue","Red","Neither","Red",13,2,6,6,0,16559,7,18024,208,54,-1192,-1896,13,5,7,6,0,17751,7.4,19920,242,77,0,0,-3,-1,0,-34,-23,-0.4
"2813","Blue","Blue","Red","Red",16,6,5,5,0,16388,7,18495,256,32,178,882,17,6,5,5,0,16210,6.8,17613,216,63,0,-1,0,0,0,40,-31,0.2
"2814","Blue","Blue","Neither","Blue",13,3,4,6,0,15077,7,17523,208,42,-2035,-1237,15,2,8,7,0,17112,7,18760,231,54,0,-2,1,-4,-1,-23,-12,0
"2815","Red","Red","Red","Red",17,2,2,2,0,15106,6.8,17144,237,40,-4579,-3361,62,5,7,7,2,19685,7.4,20505,246,62,-2,-45,-3,-5,-5,-9,-22,-0.600000000000001
"2816","Red","Red","Neither","Red",13,1,4,6,0,16569,7,18534,228,52,77,-875,13,1,5,6,0,16492,7.2,19409,246,60,0,0,0,-1,0,-18,-8,-0.2
"2817","Blue","Blue","Neither","Red",17,1,9,11,0,16863,7,18740,227,32,296,1370,12,2,6,3,0,16567,7,17370,222,48,0,5,-1,3,8,5,-16,0
"2818","Red","Red","Neither","Blue",20,1,7,7,0,16171,6.4,16252,166,52,-2171,-2897,21,5,11,13,0,18342,7,19149,220,43,0,-1,-4,-4,-6,-54,9,-0.6
"2819","Blue","Blue","Neither","Blue",12,2,7,12,0,17149,7,19250,216,53,3370,2895,15,0,1,0,0,13779,6.4,16355,209,52,0,-3,2,6,12,7,1,0.6
"2820","Blue","Blue","Blue","Blue",20,4,5,4,0,16071,6.8,17618,224,44,1723,1090,19,2,2,3,0,14348,6.6,16528,210,47,0,1,2,3,1,14,-3,0.2
"2821","Blue","Red","Neither","Blue",15,4,8,12,0,18498,7.2,18641,232,48,2759,980,18,0,4,2,0,15739,7,17661,215,43,0,-3,4,4,10,17,5,0.2
"2822","Red","Neither","Neither","Blue",14,2,3,3,0,14936,6.6,16574,225,30,-1703,-2550,19,2,7,7,0,16639,7.2,19124,221,48,0,-5,0,-4,-4,4,-18,-0.600000000000001
"2823","Blue","Blue","Neither","Blue",14,1,12,17,0,18901,7,17651,210,40,2699,1015,13,1,6,8,0,16202,6.6,16636,203,48,0,1,0,6,9,7,-8,0.4
"2824","Blue","Neither","Neither","Blue",17,2,6,6,0,16372,6.8,17187,191,52,2201,374,13,1,3,2,0,14171,6.8,16813,187,43,0,4,1,3,4,4,9,0
"2825","Blue","Blue","Neither","Blue",17,2,10,11,0,17959,7.2,19184,222,44,3136,1557,34,2,3,1,0,14823,6.8,17627,221,48,0,-17,0,7,10,1,-4,0.4
"2826","Red","Red","Red","Red",16,2,2,1,0,13550,6.8,16368,194,44,-4982,-3368,16,3,10,5,0,18532,7.4,19736,258,48,0,0,-1,-8,-4,-64,-4,-0.600000000000001
"2827","Blue","Neither","Blue","Red",16,5,4,4,0,15767,7,17903,233,52,-953,-677,19,5,8,8,0,16720,7,18580,226,40,0,-3,0,-4,-4,7,12,0
"2828","Blue","Blue","Blue","Blue",17,5,10,6,0,17156,7.4,19115,235,32,777,977,18,3,5,3,0,16379,7,18138,254,31,0,-1,2,5,3,-19,1,0.4
"2829","Red","Red","Red","Red",36,6,2,2,0,13802,6.8,17008,202,52,-5571,-2139,18,20,12,16,0,19373,7.2,19147,247,48,0,18,-14,-10,-14,-45,4,-0.4
"2830","Red","Red","Red","Blue",40,4,5,5,0,15184,6.2,15748,199,35,-2098,-1464,18,7,9,9,0,17282,6.8,17212,220,50,0,22,-3,-4,-4,-21,-15,-0.6
"2831","Blue","Blue","Red","Blue",18,2,3,3,0,15923,7,18062,248,50,1916,1404,17,3,3,3,0,14007,6.8,16658,193,40,0,1,-1,0,0,55,10,0.2
"2832","Blue","Red","Blue","Blue",17,2,4,3,0,15222,7,18238,228,40,712,1633,14,2,4,5,0,14510,6.8,16605,198,32,0,3,0,0,-2,30,8,0.2
"2833","Red","Red","Neither","Red",8,3,2,1,0,14856,6.8,18155,240,51,-1129,-1348,34,0,4,4,0,15985,7.4,19503,225,51,0,-26,3,-2,-3,15,0,-0.600000000000001
"2834","Red","Blue","Red","Red",17,2,6,7,0,15336,6.6,16676,187,56,-2735,-2136,15,1,10,9,0,18071,7,18812,226,46,0,2,1,-4,-2,-39,10,-0.4
"2835","Blue","Blue","Neither","Red",22,3,10,15,0,18488,7.4,19504,224,49,3096,2404,152,5,3,2,0,15392,6.8,17100,210,54,0,-130,-2,7,13,14,-5,0.600000000000001
"2836","Blue","Blue","Neither","Red",15,0,5,4,0,15681,6.6,16896,205,50,-1058,-1404,15,2,7,10,0,16739,7,18300,224,49,0,0,-2,-2,-6,-19,1,-0.4
"2837","Red","Red","Blue","Blue",89,2,3,3,1,17159,7,18318,250,56,1075,525,19,4,5,7,0,16084,7,17793,225,48,1,70,-2,-2,-4,25,8,0
"2838","Blue","Red","Neither","Red",26,5,3,2,0,15221,6.8,17841,218,60,-531,28,17,3,5,6,0,15752,7,17813,240,44,0,9,2,-2,-4,-22,16,-0.2
"2839","Red","Red","Neither","Blue",18,4,8,10,0,16746,6.8,17772,188,48,409,-292,17,5,7,8,0,16337,7,18064,216,52,0,1,-1,1,2,-28,-4,-0.2
"2840","Red","Neither","Red","Blue",15,3,6,8,1,18235,6.8,17856,229,52,517,-151,17,4,8,11,0,17718,6.8,18007,213,41,1,-2,-1,-2,-3,16,11,0
"2841","Blue","Red","Neither","Blue",21,6,5,5,0,16514,6.8,18012,244,48,-17,-514,17,4,7,10,0,16531,7,18526,209,48,0,4,2,-2,-5,35,0,-0.2
"2842","Red","Neither","Neither","Blue",49,2,8,14,0,17346,6.8,16570,191,41,1399,1293,21,5,8,14,0,15947,6.2,15277,193,34,0,28,-3,0,0,-2,7,0.6
"2843","Red","Neither","Blue","Blue",19,5,3,5,0,14838,6.8,16485,208,44,-1278,-1387,21,4,5,9,0,16116,7,17872,221,39,0,-2,1,-2,-4,-13,5,-0.2
"2844","Red","Red","Neither","Red",16,2,3,4,0,14471,7,17643,208,40,-3385,-2781,16,7,9,8,0,17856,7.4,20424,223,44,0,0,-5,-6,-4,-15,-4,-0.4
"2845","Blue","Blue","Red","Blue",35,2,5,5,0,16214,7.2,18849,225,52,136,365,13,2,2,2,1,16078,7,18484,236,56,-1,22,0,3,3,-11,-4,0.2
"2846","Red","Blue","Blue","Red",15,6,8,12,0,17839,7,18405,217,52,1339,1176,41,0,5,5,0,16500,6.6,17229,212,44,0,-26,6,3,7,5,8,0.4
"2847","Blue","Neither","Blue","Blue",15,2,6,7,0,17674,7.2,19752,225,80,2521,3096,56,1,5,8,0,15153,6.6,16656,217,36,0,-41,1,1,-1,8,44,0.600000000000001
"2848","Blue","Neither","Neither","Blue",16,2,11,13,0,19008,7.4,18920,206,52,4255,2387,95,2,3,1,0,14753,6.6,16533,202,63,0,-79,0,8,12,4,-11,0.800000000000001
"2849","Blue","Neither","Neither","Red",13,2,4,6,0,15800,7.4,19395,231,72,-302,764,10,5,4,4,0,16102,7.2,18631,236,49,0,3,-3,0,2,-5,23,0.2
"2850","Red","Red","Neither","Red",15,3,6,3,0,16225,7,17831,203,49,-2741,-425,20,4,11,16,1,18966,7,18256,220,34,-1,-5,-1,-5,-13,-17,15,0
"2851","Blue","Blue","Blue","Blue",47,1,8,8,1,18237,7,18102,230,48,3675,2389,12,0,3,4,0,14562,6,15713,170,62,1,35,1,5,4,60,-14,1
"2852","Red","Blue","Neither","Red",13,4,6,5,0,16512,6.8,17751,225,56,46,-1299,17,3,6,8,0,16466,7.2,19050,232,44,0,-4,1,0,-3,-7,12,-0.4
"2853","Blue","Blue","Red","Blue",15,4,9,17,0,17478,7.2,18671,257,47,1071,107,15,2,3,1,0,16407,7,18564,274,60,0,0,2,6,16,-17,-13,0.2
"2854","Blue","Blue","Blue","Red",15,3,3,2,0,15804,7.2,18768,222,75,-427,1475,36,1,6,10,0,16231,6.6,17293,217,44,0,-21,2,-3,-8,5,31,0.600000000000001
"2855","Red","Blue","Blue","Red",21,1,7,6,0,16158,6.8,17789,224,46,1184,1807,49,3,5,3,0,14974,6.6,15982,177,55,0,-28,-2,2,3,47,-9,0.2
"2856","Red","Red","Neither","Red",15,5,5,7,0,15799,7,17703,225,49,56,-694,37,2,5,4,0,15743,7.2,18397,208,59,0,-22,3,0,3,17,-10,-0.2
"2857","Blue","Red","Neither","Red",16,3,9,12,0,18876,7,18843,235,50,2201,615,15,3,5,7,0,16675,7,18228,196,66,0,1,0,4,5,39,-16,0
"2858","Red","Red","Neither","Blue",15,1,2,1,0,15193,7,17619,252,48,-610,-1156,39,1,4,6,0,15803,7.4,18775,215,60,0,-24,0,-2,-5,37,-12,-0.4
"2859","Blue","Blue","Blue","Blue",16,2,8,8,1,19528,7.4,19755,257,56,3974,2785,15,2,4,5,0,15554,6.8,16970,220,44,1,1,0,4,3,37,12,0.600000000000001
"2860","Red","Blue","Neither","Red",22,3,7,6,0,17597,7.2,18452,244,36,118,299,14,3,7,7,0,17479,7,18153,224,62,0,8,0,0,-1,20,-26,0.2
"2861","Red","Neither","Neither","Red",15,2,5,3,0,16495,7,18518,230,46,955,748,36,3,6,6,0,15540,6.8,17770,164,58,0,-21,-1,-1,-3,66,-12,0.2
"2862","Red","Red","Red","Blue",41,2,5,3,0,16042,7,18424,238,56,-686,-893,16,4,8,4,0,16728,7.2,19317,216,71,0,25,-2,-3,-1,22,-15,-0.2
"2863","Blue","Blue","Red","Red",18,2,3,3,0,15636,6.8,17293,220,63,-1086,-637,40,4,5,10,0,16722,7,17930,216,51,0,-22,-2,-2,-7,4,12,-0.2
"2864","Blue","Red","Blue","Blue",30,6,11,11,0,19063,7.2,19391,237,56,2411,875,15,2,7,5,0,16652,7.2,18516,221,52,0,15,4,4,6,16,4,0
"2865","Blue","Red","Neither","Blue",19,3,11,20,0,18963,7.4,19079,239,40,5337,3334,15,4,2,2,0,13626,6.6,15745,179,44,0,4,-1,9,18,60,-4,0.800000000000001
"2866","Blue","Neither","Red","Blue",15,1,9,9,1,18391,6.6,17080,183,43,2040,725,16,0,5,3,1,16351,6.6,16355,203,44,0,-1,1,4,6,-20,-1,0
"2867","Red","Red","Blue","Red",16,4,3,5,0,15492,7,17768,245,55,-2139,868,38,2,9,12,0,17631,6.6,16900,195,48,0,-22,2,-6,-7,50,7,0.4
"2868","Red","Blue","Blue","Blue",14,2,5,6,0,16142,6.8,16958,230,51,-1231,-888,25,2,9,11,0,17373,6.8,17846,221,53,0,-11,0,-4,-5,9,-2,0
"2869","Blue","Red","Blue","Red",22,1,6,4,0,16926,7.2,19020,229,52,1947,1677,17,3,4,1,0,14979,6.8,17343,230,44,0,5,-2,2,3,-1,8,0.4
"2870","Red","Red","Neither","Blue",29,5,4,7,0,15517,6.6,16917,231,35,653,-556,15,2,3,1,0,14864,6.6,17473,226,48,0,14,3,1,6,5,-13,0
"2871","Blue","Neither","Neither","Blue",25,4,7,7,0,16929,7,17547,228,41,-1149,-1888,15,3,9,7,0,18078,7.2,19435,232,50,0,10,1,-2,0,-4,-9,-0.2
"2872","Red","Blue","Neither","Red",68,3,3,3,0,15094,6.6,16864,237,48,-911,-870,17,18,6,7,0,16005,6.8,17734,204,34,0,51,-15,-3,-4,33,14,-0.2
"2873","Red","Blue","Neither","Red",14,3,5,6,0,14604,6.2,15280,146,52,-4752,-2451,39,2,10,11,1,19356,6.8,17731,210,47,-1,-25,1,-5,-5,-64,5,-0.6
"2874","Blue","Red","Blue","Blue",16,7,1,1,0,15268,7.2,18685,269,56,296,440,21,2,0,0,0,14972,7.2,18245,251,71,0,-5,5,1,1,18,-15,0
"2875","Blue","Red","Neither","Red",19,4,6,9,0,16317,6.8,16936,210,39,1163,-539,19,4,4,1,0,15154,6.8,17475,241,32,0,0,0,2,8,-31,7,0
"2876","Red","Red","Neither","Red",57,4,3,4,0,15426,7.2,18766,212,79,-1672,-470,60,9,6,6,0,17098,7.2,19236,259,56,0,-3,-5,-3,-2,-47,23,0
"2877","Red","Neither","Neither","Red",16,1,0,0,0,14052,6.6,16542,229,48,-2502,-3183,38,4,4,4,0,16554,7,19725,249,60,0,-22,-3,-4,-4,-20,-12,-0.4
"2878","Blue","Red","Neither","Red",18,1,6,4,0,15369,6.8,17402,200,40,-1833,-917,14,1,7,4,0,17202,7,18319,245,49,0,4,0,-1,0,-45,-9,-0.2
"2879","Red","Red","Neither","Blue",18,3,9,8,0,16961,6.6,17237,191,48,531,-881,17,2,6,13,0,16430,7.2,18118,198,60,0,1,1,3,-5,-7,-12,-0.600000000000001
"2880","Blue","Blue","Neither","Blue",17,1,8,9,0,18177,7.4,19922,256,48,3710,2326,16,2,1,2,0,14467,7,17596,226,58,0,1,-1,7,7,30,-10,0.4
"2881","Blue","Red","Red","Red",21,6,9,10,0,17329,6.8,17577,223,48,675,691,28,6,7,6,0,16654,6.8,16886,227,30,0,-7,0,2,4,-4,18,0
"2882","Blue","Blue","Neither","Blue",19,3,13,13,0,19161,7,18599,232,40,2783,2368,15,4,7,3,0,16378,6.8,16231,195,40,0,4,-1,6,10,37,0,0.2
"2883","Red","Red","Neither","Red",18,3,3,3,0,14649,6.6,15693,200,48,-1945,-2496,13,3,6,7,0,16594,7,18189,216,61,0,5,0,-3,-4,-16,-13,-0.4
"2884","Blue","Red","Red","Red",15,2,2,2,0,15367,7,18723,238,72,183,-231,49,1,2,2,0,15184,7.2,18954,233,67,0,-34,1,0,0,5,5,-0.2
"2885","Red","Blue","Neither","Blue",12,3,4,4,0,16229,7.2,18834,247,48,960,813,16,3,5,5,0,15269,6.8,18021,201,51,0,-4,0,-1,-1,46,-3,0.4
"2886","Red","Blue","Blue","Blue",19,4,6,8,0,17258,7,18225,239,58,1191,-311,16,1,6,5,0,16067,6.8,18536,213,60,0,3,3,0,3,26,-2,0.2
"2887","Blue","Blue","Red","Blue",16,3,13,15,2,22177,7.8,21202,230,58,8450,6098,19,2,1,2,0,13727,6.2,15104,201,48,2,-3,1,12,13,29,10,1.6
"2888","Red","Red","Neither","Red",18,2,9,12,0,18004,7.4,20025,251,46,-305,685,19,4,8,8,0,18309,7.2,19340,249,64,0,-1,-2,1,4,2,-18,0.2
"2889","Blue","Blue","Blue","Blue",27,5,15,14,1,20567,7.4,19536,221,42,6487,4018,19,6,3,1,0,14080,6.2,15518,197,46,1,8,-1,12,13,24,-4,1.2
"2890","Red","Red","Neither","Red",32,3,7,7,0,16650,7.2,17869,212,53,-1213,-1099,16,5,8,6,0,17863,7.2,18968,229,59,0,16,-2,-1,1,-17,-6,0
"2891","Red","Red","Red","Red",16,3,2,2,0,14710,6.8,17302,231,44,-3673,-2499,56,3,6,7,1,18383,7.4,19801,225,71,-1,-40,0,-4,-5,6,-27,-0.600000000000001
"2892","Red","Red","Neither","Red",16,2,3,5,0,15442,6.6,17224,237,47,-2109,-1475,20,4,7,10,0,17551,7.2,18699,233,50,0,-4,-2,-4,-5,4,-3,-0.600000000000001
"2893","Red","Red","Neither","Red",14,1,10,7,0,18923,7.4,20387,241,59,1219,1356,15,1,7,8,0,17704,7,19031,207,70,0,-1,0,3,-1,34,-11,0.4
"2894","Red","Red","Neither","Blue",12,4,3,2,0,14783,6.2,15957,206,50,-1905,-2223,18,3,8,5,0,16688,7,18180,224,60,0,-6,1,-5,-3,-18,-10,-0.8
"2895","Blue","Red","Neither","Red",15,2,12,17,0,18074,6.8,16950,211,35,2170,1207,50,0,7,11,0,15904,6.4,15743,188,34,0,-35,2,5,6,23,1,0.399999999999999
"2896","Blue","Blue","Red","Red",12,3,9,8,0,17684,7.4,19834,224,48,620,146,30,2,7,5,0,17064,7.2,19688,197,68,0,-18,1,2,3,27,-20,0.2
"2897","Red","Red","Red","Red",16,2,5,4,0,15476,6.8,16908,184,57,-1972,-1621,16,1,8,10,0,17448,7.2,18529,213,48,0,0,1,-3,-6,-29,9,-0.4
"2898","Red","Blue","Blue","Blue",36,4,8,6,0,17622,7.2,19988,252,72,1530,2220,51,6,5,9,0,16092,7,17768,239,41,0,-15,-2,3,-3,13,31,0.2
"2899","Blue","Blue","Red","Blue",15,2,6,6,0,16385,6.6,16580,208,45,1163,-1176,14,0,4,4,0,15222,6.8,17756,194,52,0,1,2,2,2,14,-7,-0.2
"2900","Red","Red","Neither","Red",14,2,3,5,0,14425,6.6,16191,198,47,-2619,-1506,17,3,8,9,0,17044,6.6,17697,212,49,0,-3,-1,-5,-4,-14,-2,0
"2901","Blue","Neither","Neither","Blue",12,2,6,3,0,16059,7.2,18356,212,59,584,1023,19,2,5,8,0,15475,6.8,17333,207,36,0,-7,0,1,-5,5,23,0.4
"2902","Blue","Red","Neither","Blue",13,3,9,13,0,18633,7,18698,246,50,2910,856,13,2,3,4,0,15723,6.8,17842,226,56,0,0,1,6,9,20,-6,0.2
"2903","Red","Red","Neither","Red",16,3,3,2,0,15731,6.6,17150,251,42,-1057,-1798,20,1,6,9,0,16788,7.2,18948,220,64,0,-4,2,-3,-7,31,-22,-0.600000000000001
"2904","Blue","Red","Neither","Blue",10,2,7,9,0,17371,7,18243,227,41,-50,563,19,2,8,9,0,17421,6.8,17680,222,56,0,-9,0,-1,0,5,-15,0.2
"2905","Red","Red","Red","Blue",13,2,5,9,0,15631,6.4,15075,199,36,-2084,-2025,18,2,12,11,0,17715,7,17100,165,52,0,-5,0,-7,-2,34,-16,-0.6
"2906","Blue","Neither","Neither","Red",18,4,8,4,0,16935,7,18740,210,60,469,1328,17,6,7,12,0,16466,7,17412,212,32,0,1,-2,1,-8,-2,28,0
"2907","Blue","Red","Neither","Red",38,1,7,6,0,16639,6.8,18068,214,48,-293,-818,15,4,7,5,0,16932,7.2,18886,232,52,0,23,-3,0,1,-18,-4,-0.4
"2908","Blue","Red","Neither","Red",38,4,7,6,0,16738,7.4,19318,219,61,1031,1909,15,3,3,1,0,15707,7,17409,218,61,0,23,1,4,5,1,0,0.4
"2909","Red","Red","Red","Blue",18,3,3,4,0,15419,6.8,18138,251,52,-726,-1168,19,7,4,4,0,16145,7.4,19306,236,64,0,-1,-4,-1,0,15,-12,-0.600000000000001
"2910","Blue","Blue","Blue","Red",18,3,4,2,0,14752,6.8,16831,209,44,-2511,-2094,17,8,8,10,0,17263,7.4,18925,242,61,0,1,-5,-4,-8,-33,-17,-0.600000000000001
"2911","Red","Neither","Red","Blue",14,1,6,7,0,16508,7,18227,204,47,489,-1163,34,2,4,5,0,16019,7.2,19390,235,58,0,-20,-1,2,2,-31,-11,-0.2
"2912","Red","Red","Neither","Red",20,3,6,8,0,16544,6.8,16885,223,56,-999,-955,20,4,10,9,0,17543,6.8,17840,221,52,0,0,-1,-4,-1,2,4,0
"2913","Blue","Red","Neither","Red",24,8,4,3,0,15597,7,18695,238,61,-1366,-242,27,6,5,3,0,16963,7.2,18937,266,50,0,-3,2,-1,0,-28,11,-0.2
"2914","Red","Blue","Neither","Blue",18,6,8,14,0,18022,7,18610,242,56,2958,983,18,0,3,2,0,15064,7,17627,226,44,0,0,6,5,12,16,12,0
"2915","Red","Blue","Neither","Blue",15,4,5,5,0,15714,6.8,17362,208,59,-3095,-2200,16,3,10,12,0,18809,7.2,19562,244,40,0,-1,1,-5,-7,-36,19,-0.4
"2916","Red","Red","Neither","Red",23,3,7,9,0,16219,7.2,17966,197,40,709,1449,17,5,5,5,0,15510,6.4,16517,199,44,0,6,-2,2,4,-2,-4,0.8
"2917","Red","Neither","Neither","Red",16,4,9,8,0,16956,6.8,17632,219,39,-540,238,15,1,8,8,0,17496,6.8,17394,205,44,0,1,3,1,0,14,-5,0
"2918","Blue","Blue","Neither","Blue",12,1,11,9,0,19280,7.6,20813,252,51,5041,3996,19,4,2,3,0,14239,6.8,16817,215,59,0,-7,-3,9,6,37,-8,0.8
"2919","Blue","Neither","Red","Red",45,6,10,22,0,19540,7.2,18969,247,60,1714,1487,17,12,8,8,0,17826,7,17482,211,48,0,28,-6,2,14,36,12,0.2
"2920","Blue","Red","Neither","Red",10,3,5,7,0,16038,7.2,19227,228,54,-844,139,14,3,5,5,0,16882,7.2,19088,226,68,0,-4,0,0,2,2,-14,0
"2921","Blue","Blue","Neither","Blue",16,2,5,5,0,16594,7.4,20008,227,76,1737,1565,13,0,2,3,0,14857,7,18443,217,72,0,3,2,3,2,10,4,0.4
"2922","Blue","Red","Neither","Red",16,1,4,6,0,16040,7,17545,214,64,109,66,16,3,6,6,0,15931,6.8,17479,221,40,0,0,-2,-2,0,-7,24,0.2
"2923","Blue","Blue","Red","Blue",19,5,7,8,0,16282,6.8,16565,211,44,686,-89,55,3,7,6,0,15596,6.6,16654,180,51,0,-36,2,0,2,31,-7,0.2
"2924","Red","Red","Red","Red",16,3,4,7,0,15527,6.8,17554,202,44,-1537,93,20,7,6,5,0,17064,6.8,17461,216,52,0,-4,-4,-2,2,-14,-8,0
"2925","Red","Red","Neither","Red",10,0,7,4,0,15933,6.8,16916,221,48,-1790,-1980,14,3,9,10,0,17723,7.2,18896,223,64,0,-4,-3,-2,-6,-2,-16,-0.4
"2926","Red","Neither","Neither","Red",108,2,6,9,0,17070,7,17907,208,60,1044,662,12,4,6,8,0,16026,7,17245,208,32,0,96,-2,0,1,0,28,0
"2927","Red","Red","Neither","Red",14,1,3,0,0,15084,7.2,19173,224,68,-1302,1008,14,1,4,5,0,16386,7,18165,226,60,0,0,0,-1,-5,-2,8,0.2
"2928","Red","Red","Neither","Red",148,3,8,10,0,16600,7.2,18932,192,52,1627,1723,16,2,4,2,0,14973,6.6,17209,194,64,0,132,1,4,8,-2,-12,0.600000000000001
"2929","Blue","Neither","Neither","Red",9,4,6,7,0,15982,6.6,18257,186,63,-2221,-365,17,0,8,15,0,18203,7.2,18622,219,48,0,-8,4,-2,-8,-33,15,-0.600000000000001
"2930","Blue","Neither","Red","Red",59,2,5,4,0,16355,6.6,17606,221,52,-1874,-1002,17,1,5,5,2,18229,7.2,18608,205,60,-2,42,1,0,-1,16,-8,-0.600000000000001
"2931","Blue","Red","Neither","Blue",86,3,6,5,0,17040,7,17805,215,50,-545,-1102,17,6,10,9,0,17585,7,18907,214,40,0,69,-3,-4,-4,1,10,0
"2932","Blue","Blue","Red","Blue",19,5,6,9,0,16737,6.8,17593,243,44,2423,295,19,1,2,2,0,14314,6.8,17298,232,52,0,0,4,4,7,11,-8,0
"2933","Red","Blue","Neither","Red",13,4,7,3,0,17090,7,18662,222,72,-2001,-1137,19,1,13,20,0,19091,7.6,19799,217,24,0,-6,3,-6,-17,5,48,-0.6
"2934","Red","Red","Neither","Blue",9,2,5,5,0,14689,6,14871,168,36,-7206,-6046,16,1,15,10,0,21895,7.4,20917,279,58,0,-7,1,-10,-5,-111,-22,-1.4
"2935","Blue","Neither","Neither","Blue",19,3,7,8,0,16135,6.8,17313,196,48,494,-1338,16,3,6,2,0,15641,7.2,18651,214,64,0,3,0,1,6,-18,-16,-0.4
"2936","Red","Red","Blue","Red",70,11,6,5,0,16500,6.8,18497,202,47,496,1530,47,1,5,6,0,16004,6.8,16967,222,40,0,23,10,1,-1,-20,7,0
"2937","Red","Red","Red","Blue",14,2,6,8,0,17318,7,18742,237,72,568,-205,18,1,7,8,0,16750,7.4,18947,202,60,0,-4,1,-1,0,35,12,-0.4
"2938","Blue","Red","Neither","Blue",20,5,9,14,0,18202,7,18332,232,58,3424,1624,20,3,2,2,0,14778,6.4,16708,228,50,0,0,2,7,12,4,8,0.6
"2939","Red","Blue","Neither","Red",33,3,5,10,0,17208,7.2,19055,260,60,549,429,17,4,5,6,0,16659,6.8,18626,258,60,0,16,-1,0,4,2,0,0.4
"2940","Red","Blue","Red","Red",11,6,5,8,0,16496,6.8,18200,251,64,1506,-169,46,2,2,1,0,14990,7,18369,224,68,0,-35,4,3,7,27,-4,-0.2
"2941","Blue","Neither","Neither","Blue",26,2,10,6,0,17915,7.4,19494,222,62,2833,3175,14,4,5,6,0,15082,6.6,16319,206,25,0,12,-2,5,0,16,37,0.800000000000001
"2942","Red","Red","Neither","Red",15,4,10,16,0,18917,7.2,18476,210,49,773,1125,15,2,8,11,0,18144,6.6,17351,207,65,0,0,2,2,5,3,-16,0.600000000000001
"2943","Red","Blue","Neither","Red",13,1,8,8,0,16484,6.4,16372,176,39,-2146,-3245,15,4,12,7,0,18630,7.2,19617,204,55,0,-2,-3,-4,1,-28,-16,-0.8
"2944","Red","Blue","Neither","Blue",20,5,13,10,0,19402,7,18727,213,51,2399,1719,18,2,7,8,0,17003,6.6,17008,212,32,0,2,3,6,2,1,19,0.4
"2945","Red","Blue","Blue","Blue",13,1,4,5,0,15869,7.2,18711,249,64,453,76,20,4,1,1,0,15416,7,18635,265,68,0,-7,-3,3,4,-16,-4,0.2
"2946","Blue","Neither","Blue","Blue",15,0,6,5,0,17338,7.4,19907,256,63,2533,1568,16,5,2,3,0,14805,7.2,18339,242,53,0,-1,-5,4,2,14,10,0.2
"2947","Blue","Neither","Neither","Blue",16,3,12,10,0,18849,7.4,19281,231,43,5077,3251,16,4,1,0,0,13772,6.6,16030,224,41,0,0,-1,11,10,7,2,0.800000000000001
"2948","Red","Red","Neither","Red",17,2,6,8,0,15250,6.2,15780,183,50,-4699,-4580,16,3,11,12,0,19949,7.4,20360,237,56,0,1,-1,-5,-4,-54,-6,-1.2
"2949","Red","Red","Red","Red",23,1,4,6,0,15210,6.6,16010,207,40,-2161,-3222,35,1,7,8,0,17371,7.4,19232,214,72,0,-12,0,-3,-2,-7,-32,-0.800000000000001
"2950","Blue","Neither","Neither","Red",34,3,8,9,0,16692,7,17643,181,68,-795,-117,35,1,8,14,0,17487,7,17760,222,32,0,-1,2,0,-5,-41,36,0
"2951","Blue","Neither","Neither","Blue",19,3,4,3,0,16621,6.8,18305,255,50,875,-391,15,4,4,7,0,15746,7,18696,238,65,0,4,-1,0,-4,17,-15,-0.2
"2952","Red","Blue","Neither","Red",15,2,3,4,0,15698,7,18184,226,61,-1556,-887,36,3,6,7,0,17254,7,19071,237,57,0,-21,-1,-3,-3,-11,4,0
"2953","Red","Red","Blue","Red",17,4,2,3,0,14593,6.6,16673,199,53,-4019,-2008,17,3,10,14,0,18612,7,18681,232,43,0,0,1,-8,-11,-33,10,-0.4
"2954","Blue","Red","Neither","Blue",16,2,7,8,0,16712,6.8,16923,221,21,-609,-1114,24,3,8,11,0,17321,6.8,18037,229,43,0,-8,-1,-1,-3,-8,-22,0
"2955","Red","Red","Red","Red",16,3,6,8,0,16837,7.2,17911,191,59,-2152,-2041,16,4,10,8,0,18989,7.4,19952,237,56,0,0,-1,-4,0,-46,3,-0.2
"2956","Red","Blue","Neither","Red",17,2,5,5,0,15514,7,18547,200,56,-1509,-358,14,3,5,4,0,17023,7,18905,259,58,0,3,-1,0,1,-59,-2,0
"2957","Blue","Red","Neither","Blue",53,3,8,4,0,17236,7.2,19937,235,64,-308,1739,17,2,8,10,0,17544,6.8,18198,220,60,0,36,1,0,-6,15,4,0.4
"2958","Red","Red","Neither","Red",33,4,7,10,0,16204,7,17704,182,49,-4473,-3040,17,1,14,19,0,20677,7.4,20744,237,80,0,16,3,-7,-9,-55,-31,-0.4
"2959","Blue","Neither","Neither","Blue",11,5,9,10,0,18422,7,18184,219,49,2991,1357,16,2,6,6,0,15431,6.6,16827,200,54,0,-5,3,3,4,19,-5,0.4
"2960","Red","Neither","Neither","Red",20,13,5,6,0,15356,6.8,16700,207,36,-2416,-3217,42,3,8,8,0,17772,7.4,19917,239,62,0,-22,10,-3,-2,-32,-26,-0.600000000000001
"2961","Red","Red","Neither","Blue",146,3,2,1,0,14848,6.8,17467,205,65,-132,119,15,2,4,3,0,14980,6.8,17348,213,44,0,131,1,-2,-2,-8,21,0
"2962","Blue","Neither","Neither","Red",17,1,4,3,0,15688,6.8,18341,237,51,91,591,21,5,4,6,0,15597,6.8,17750,239,54,0,-4,-4,0,-3,-2,-3,0
"2963","Blue","Neither","Red","Blue",20,3,4,2,0,14926,7,19450,203,59,-842,2032,15,4,4,7,0,15768,7,17418,243,47,0,5,-1,0,-5,-40,12,0
"2964","Red","Neither","Neither","Red",39,1,7,5,0,16190,6.6,16496,207,34,-2302,-997,17,5,14,16,0,18492,6.6,17493,173,52,0,22,-4,-7,-11,34,-18,0
"2965","Blue","Blue","Neither","Blue",15,4,6,8,0,16318,7,18426,226,59,2463,1390,56,2,2,1,0,13855,6.8,17036,200,56,0,-41,2,4,7,26,3,0.2
"2966","Red","Red","Red","Red",30,4,6,8,0,15376,6.6,16758,196,28,-4264,-3932,16,4,11,6,0,19640,7.4,20690,262,72,0,14,0,-5,2,-66,-44,-0.800000000000001
"2967","Red","Red","Neither","Red",18,3,1,1,0,14666,6.2,16186,233,49,-3480,-1368,45,2,10,22,0,18146,7,17554,193,46,0,-27,1,-9,-21,40,3,-0.8
"2968","Blue","Blue","Neither","Red",17,6,6,3,0,16301,7.2,18968,235,60,-1207,606,25,6,9,10,0,17508,7,18362,230,45,0,-8,0,-3,-7,5,15,0.2
"2969","Red","Red","Red","Red",16,8,4,9,0,15124,6.8,17488,213,37,-4664,-2707,22,2,11,7,0,19788,7.4,20195,249,66,0,-6,6,-7,2,-36,-29,-0.600000000000001
"2970","Blue","Blue","Blue","Blue",46,2,10,13,0,19031,7.4,20293,212,71,4888,3753,12,12,2,3,0,14143,6.8,16540,182,56,0,34,-10,8,10,30,15,0.600000000000001
"2971","Blue","Red","Neither","Blue",19,10,11,9,0,18581,7.2,19012,239,36,1433,508,30,5,9,7,0,17148,7,18504,218,44,0,-11,5,2,2,21,-8,0.2
"2972","Red","Blue","Blue","Red",14,1,7,9,0,17144,7,18638,230,56,1713,1673,15,1,3,1,0,15431,6.6,16965,216,56,0,-1,0,4,8,14,0,0.4
"2973","Red","Blue","Blue","Red",58,2,9,10,0,18368,7.2,19062,204,52,-328,137,14,1,10,13,0,18696,7.2,18925,230,52,0,44,1,-1,-3,-26,0,0
"2974","Blue","Blue","Neither","Red",21,4,6,6,0,16844,7,18805,243,45,2726,1990,39,4,2,1,0,14118,6.8,16815,210,50,0,-18,0,4,5,33,-5,0.2
"2975","Red","Red","Neither","Red",16,4,8,13,0,16707,6.6,16612,204,43,-648,-1422,18,3,10,12,0,17355,6.8,18034,193,52,0,-2,1,-2,1,11,-9,-0.2
"2976","Blue","Blue","Blue","Red",17,1,10,9,0,17868,7,17858,177,56,-286,-916,20,5,9,11,0,18154,7,18774,247,56,0,-3,-4,1,-2,-70,0,0
"2977","Blue","Neither","Red","Blue",38,3,13,9,0,20043,7.8,21800,264,64,5300,4813,34,12,2,0,0,14743,6.6,16987,230,52,0,4,-9,11,9,34,12,1.2
"2978","Red","Red","Neither","Blue",11,0,3,3,0,14852,6.6,16246,194,66,-4835,-3655,9,1,11,11,1,19687,7.2,19901,195,57,-1,2,-1,-8,-8,-1,9,-0.600000000000001
"2979","Red","Neither","Neither","Blue",15,7,7,8,0,16302,6.2,15434,183,37,-592,-2438,18,4,8,10,0,16894,6.8,17872,216,50,0,-3,3,-1,-2,-33,-13,-0.6
"2980","Blue","Neither","Neither","Blue",57,4,17,25,2,23359,7.4,20348,237,56,7776,6703,14,5,5,7,0,15583,5.8,13645,134,41,2,43,-1,12,18,103,15,1.6
"2981","Blue","Blue","Neither","Red",21,4,8,12,0,18352,7.2,18953,242,42,1909,1099,14,5,6,5,0,16443,7,17854,225,40,0,7,-1,2,7,17,2,0.2
"2982","Blue","Neither","Blue","Blue",42,6,3,1,1,16873,6.8,17662,240,53,1942,450,38,5,6,4,0,14931,6.8,17212,168,42,1,4,1,-3,-3,72,11,0
"2983","Red","Red","Red","Red",23,7,7,6,0,16949,7,18440,236,61,16,560,22,7,6,7,0,16933,7.2,17880,232,40,0,1,0,1,-1,4,21,-0.2
"2984","Blue","Red","Neither","Red",43,3,5,3,0,16344,7.4,19207,230,64,-860,949,13,8,8,6,0,17204,7.2,18258,202,52,0,30,-5,-3,-3,28,12,0.2
"2985","Red","Red","Neither","Red",16,3,5,6,0,15268,6.6,17072,211,49,-2308,-1946,12,2,6,8,0,17576,7.2,19018,263,56,0,4,1,-1,-2,-52,-7,-0.600000000000001
"2986","Blue","Neither","Blue","Red",15,5,8,8,0,16463,6.4,16544,186,40,-460,-1189,18,3,7,4,0,16923,6.8,17733,238,48,0,-3,2,1,4,-52,-8,-0.399999999999999
"2987","Blue","Neither","Red","Red",18,1,7,6,0,17049,6.8,17357,221,36,799,440,20,2,4,3,0,16250,6.6,16917,215,48,0,-2,-1,3,3,6,-12,0.2
"2988","Blue","Blue","Neither","Blue",15,18,4,3,0,15811,7.2,18673,242,52,886,355,42,2,2,1,0,14925,7.2,18318,236,55,0,-27,16,2,2,6,-3,0
"2989","Red","Neither","Neither","Red",16,1,1,1,0,14109,6.4,16353,205,52,-3300,-3318,12,0,9,7,0,17409,7.2,19671,231,39,0,4,1,-8,-6,-26,13,-0.8
"2990","Red","Neither","Red","Red",15,0,2,2,0,12292,5.8,13648,152,36,-9341,-6317,15,1,8,11,2,21633,7.4,19965,239,84,-2,0,-1,-6,-9,-87,-48,-1.6
"2991","Blue","Blue","Neither","Blue",89,4,10,16,0,18487,7.2,18183,211,49,3851,1574,17,1,3,3,0,14636,6.4,16609,211,52,0,72,3,7,13,0,-3,0.8
"2992","Red","Blue","Neither","Red",18,1,8,7,0,16860,7.2,18713,198,71,-147,21,14,1,5,5,0,17007,7.2,18692,257,56,0,4,0,3,2,-59,15,0
"2993","Blue","Neither","Blue","Blue",16,1,7,14,0,17798,7,19047,222,64,1698,1171,22,3,5,7,0,16100,6.8,17876,241,46,0,-6,-2,2,7,-19,18,0.2
"2994","Red","Red","Neither","Red",18,3,6,4,0,15789,6.6,17312,230,35,-966,-901,15,3,6,5,0,16755,7,18213,231,48,0,3,0,0,-1,-1,-13,-0.4
"2995","Red","Blue","Neither","Red",16,0,13,19,0,19609,7,17551,207,32,3454,175,13,2,7,6,0,16155,6.8,17376,201,45,0,3,-2,6,13,6,-13,0.2
"2996","Red","Red","Blue","Red",16,1,5,6,0,14853,6.4,16170,174,48,-2673,-1867,56,5,6,8,0,17526,7,18037,246,56,0,-40,-4,-1,-2,-72,-8,-0.6
"2997","Red","Red","Neither","Red",14,2,3,2,0,15369,7,17785,221,57,-482,-349,19,6,4,5,0,15851,7,18134,257,56,0,-5,-4,-1,-3,-36,1,0
"2998","Blue","Red","Neither","Blue",20,6,6,7,0,17053,7,18362,219,46,-298,0,18,4,8,7,0,17351,7.2,18362,213,45,0,2,2,-2,0,6,1,-0.2
"2999","Blue","Blue","Neither","Blue",21,0,11,10,0,17307,6.6,16527,161,42,-224,-765,107,3,9,9,0,17531,6.8,17292,210,30,0,-86,-3,2,1,-49,12,-0.2
"3000","Red","Red","Neither","Blue",15,1,3,3,0,14881,6.4,15603,195,64,-1683,-377,15,4,9,17,0,16564,6.4,15980,185,55,0,0,-3,-6,-14,10,9,0
"3001","Blue","Neither","Neither","Red",15,5,9,7,0,17928,7.4,20419,250,60,2514,2924,36,1,4,5,0,15414,7,17495,180,61,0,-21,4,5,2,70,-1,0.4
"3002","Red","Blue","Red","Red",15,4,3,2,0,14876,7,17630,221,51,81,450,41,2,3,6,0,14795,7,17180,218,52,0,-26,2,0,-4,3,-1,0
"3003","Blue","Blue","Neither","Red",16,2,3,3,0,15356,7,18787,212,64,420,521,20,4,2,1,0,14936,7,18266,230,57,0,-4,-2,1,2,-18,7,0
"3004","Blue","Neither","Blue","Red",15,1,7,7,0,16122,6.8,18226,168,57,-1167,259,15,1,7,3,0,17289,7,17967,210,47,0,0,0,0,4,-42,10,-0.2
"3005","Blue","Red","Blue","Red",44,1,4,4,0,15426,7,17981,211,54,-99,151,16,1,4,2,0,15525,6.8,17830,230,56,0,28,0,0,2,-19,-2,0.2
"3006","Blue","Neither","Neither","Blue",16,3,7,5,0,16448,7.2,19097,216,52,387,1781,15,1,7,2,0,16061,6.8,17316,210,48,0,1,2,0,3,6,4,0.4
"3007","Red","Neither","Neither","Red",16,2,2,1,0,14182,6.8,16753,220,52,-1700,-1053,12,2,5,3,0,15882,6.8,17806,223,43,0,4,0,-3,-2,-3,9,0
"3008","Blue","Red","Blue","Red",12,1,4,4,0,15891,7.2,19024,200,59,-820,-298,35,1,7,7,0,16711,7.4,19322,214,48,0,-23,0,-3,-3,-14,11,-0.2
"3009","Blue","Red","Blue","Red",16,1,5,5,0,15858,6.4,16120,219,29,-3945,-1758,13,5,13,19,1,19803,7.2,17878,196,47,-1,3,-4,-8,-14,23,-18,-0.8
"3010","Red","Red","Blue","Red",12,3,4,5,0,14949,6.4,16818,180,44,-3238,-1130,18,4,8,9,0,18187,7,17948,259,40,0,-6,-1,-4,-4,-79,4,-0.6
"3011","Red","Blue","Neither","Blue",13,1,2,3,0,14377,7,17055,210,48,-2511,-2347,33,2,6,8,0,16888,7.2,19402,249,60,0,-20,-1,-4,-5,-39,-12,-0.2
"3012","Red","Blue","Neither","Blue",16,2,5,6,0,15946,7,18587,223,51,1433,1278,46,4,3,2,0,14513,7,17309,183,54,0,-30,-2,2,4,40,-3,0
"3013","Red","Neither","Neither","Blue",14,3,2,3,0,15584,6.8,17939,234,53,-1037,-1057,15,4,6,13,0,16621,7.2,18996,222,56,0,-1,-1,-4,-10,12,-3,-0.4
"3014","Blue","Blue","Neither","Red",11,7,4,3,0,15800,7,18316,244,58,1344,1628,16,2,3,1,0,14456,6.6,16688,210,37,0,-5,5,1,2,34,21,0.4
"3015","Red","Blue","Blue","Red",13,0,6,7,0,16210,7.2,18620,231,49,-245,330,15,1,6,8,0,16455,7.2,18290,220,55,0,-2,-1,0,-1,11,-6,0
"3016","Blue","Blue","Neither","Blue",20,6,13,7,1,20587,7.4,19713,229,48,5920,2703,16,3,4,3,0,14667,6.8,17010,168,58,1,4,3,9,4,61,-10,0.600000000000001
"3017","Blue","Blue","Neither","Blue",16,2,3,3,0,15735,7,18331,233,52,539,774,19,2,5,4,0,15196,7,17557,220,40,0,-3,0,-2,-1,13,12,0
"3018","Red","Neither","Neither","Blue",15,2,8,7,0,17378,7.2,18525,242,39,708,302,13,1,7,6,0,16670,7,18223,235,45,0,2,1,1,1,7,-6,0.2
"3019","Red","Neither","Neither","Red",15,0,10,14,0,17993,6.6,16834,222,36,2876,2805,14,3,5,8,0,15117,6,14029,180,36,0,1,-3,5,6,42,0,0.6
"3020","Blue","Neither","Neither","Blue",20,0,5,9,0,16072,6.8,16945,236,32,-184,408,12,5,7,7,0,16256,6.8,16537,195,39,0,8,-5,-2,2,41,-7,0
"3021","Red","Blue","Neither","Red",20,4,3,4,0,15557,7,18380,251,56,-101,-380,14,1,5,2,0,15658,7.2,18760,210,64,0,6,3,-2,2,41,-8,-0.2
"3022","Red","Red","Red","Red",17,4,3,3,0,14467,6.6,16331,209,44,-5563,-4698,18,2,13,8,0,20030,7.6,21029,235,70,0,-1,2,-10,-5,-26,-26,-1
"3023","Blue","Blue","Neither","Blue",19,4,8,12,0,16096,6.4,15907,197,48,-447,-2127,40,5,9,7,0,16543,7,18034,193,36,0,-21,-1,-1,5,4,12,-0.6
"3024","Blue","Blue","Neither","Blue",16,1,7,8,0,16351,6.8,17063,171,55,1487,1143,15,0,4,2,0,14864,6.4,15920,224,28,0,1,1,3,6,-53,27,0.399999999999999
"3025","Blue","Blue","Red","Red",22,0,6,5,0,16538,7,18735,227,44,1126,878,12,1,4,2,0,15412,6.8,17857,225,45,0,10,-1,2,3,2,-1,0.2
"3026","Blue","Neither","Neither","Red",18,3,5,3,0,16337,7.2,19371,259,48,1795,1933,15,6,2,2,0,14542,6.8,17438,238,48,0,3,-3,3,1,21,0,0.4
"3027","Blue","Blue","Neither","Blue",44,1,10,13,0,17519,6.8,17753,209,37,4216,2141,11,2,2,1,0,13303,6.4,15612,197,38,0,33,-1,8,12,12,-1,0.399999999999999
"3028","Red","Blue","Red","Blue",11,1,2,5,0,14305,6.8,17323,214,47,-1517,-972,16,0,3,3,0,15822,7,18295,225,68,0,-5,1,-1,2,-11,-21,-0.2
"3029","Red","Red","Red","Red",16,5,12,9,0,18279,7.4,18909,174,54,1236,149,15,4,5,3,0,17043,7,18760,224,60,0,1,1,7,6,-50,-6,0.4
"3030","Blue","Blue","Blue","Blue",21,2,8,9,0,17808,7,18545,246,44,2489,1473,17,3,6,4,0,15319,6.6,17072,191,42,0,4,-1,2,5,55,2,0.4
"3031","Red","Red","Blue","Blue",16,3,6,5,0,17360,7.4,19151,250,48,1259,1281,19,2,6,8,0,16101,7,17870,201,60,0,-3,1,0,-3,49,-12,0.4
"3032","Blue","Red","Blue","Blue",36,1,11,10,0,18849,7.2,19086,220,65,3281,1747,9,4,6,3,0,15568,6.8,17339,202,56,0,27,-3,5,7,18,9,0.4
"3033","Red","Red","Neither","Red",16,3,4,6,0,15641,7.2,17857,244,40,-1136,-1235,61,2,4,3,0,16777,7.2,19092,234,71,0,-45,1,0,3,10,-31,0
"3034","Red","Red","Neither","Red",18,1,2,2,0,13408,6.6,15571,185,43,-5838,-4101,15,2,6,4,0,19246,7.2,19672,255,72,0,3,-1,-4,-2,-70,-29,-0.600000000000001
"3035","Blue","Red","Neither","Blue",14,0,13,15,0,19366,7,18628,229,56,1973,1461,11,2,10,13,0,17393,6.8,17167,164,43,0,3,-2,3,2,65,13,0.2
"3036","Red","Blue","Neither","Blue",16,3,7,8,0,16646,6.6,16213,204,44,592,-875,30,3,6,8,0,16054,6.6,17088,204,56,0,-14,0,1,0,0,-12,0
"3037","Red","Blue","Neither","Blue",13,1,3,4,0,15009,6.8,17067,207,56,-2492,-1526,16,1,9,13,0,17501,7.4,18593,204,50,0,-3,0,-6,-9,3,6,-0.600000000000001
"3038","Red","Blue","Neither","Blue",17,3,5,5,0,15921,6.8,17353,210,68,-1490,-1624,16,4,9,14,0,17411,7.2,18977,215,52,0,1,-1,-4,-9,-5,16,-0.4
"3039","Blue","Blue","Neither","Blue",15,3,8,12,0,18012,6.6,16748,210,53,2957,2549,47,2,6,5,0,15055,6,14199,177,41,0,-32,1,2,7,33,12,0.6
"3040","Red","Blue","Neither","Red",13,1,5,5,0,15224,6.6,16423,203,45,-4927,-5216,40,2,12,11,0,20151,7.8,21639,231,63,0,-27,-1,-7,-6,-28,-18,-1.2
"3041","Red","Red","Neither","Red",16,4,6,7,0,15484,6.6,16418,165,46,-4879,-3465,44,5,15,16,0,20363,7.4,19883,250,39,0,-28,-1,-9,-9,-85,7,-0.800000000000001
"3042","Blue","Blue","Blue","Blue",12,2,3,2,0,15550,7.2,18425,249,56,-424,-1075,15,4,3,5,0,15974,7.2,19500,245,68,0,-3,-2,0,-3,4,-12,0
"3043","Red","Red","Neither","Blue",18,2,6,5,0,15895,6.8,17705,225,48,-1018,-1531,15,3,4,6,0,16913,7.4,19236,232,80,0,3,-1,2,-1,-7,-32,-0.600000000000001
"3044","Blue","Red","Blue","Blue",57,2,8,7,0,16776,7,18113,207,64,907,-86,18,2,5,8,0,15869,7,18199,228,42,0,39,0,3,-1,-21,22,0
"3045","Red","Neither","Neither","Red",8,1,1,2,0,13444,6.4,16544,197,52,-3445,-2015,14,0,5,5,0,16889,7,18559,246,53,0,-6,1,-4,-3,-49,-1,-0.6
"3046","Blue","Neither","Neither","Red",37,1,11,11,0,17971,7.2,18271,162,71,152,-486,16,0,9,9,0,17819,7.2,18757,192,48,0,21,1,2,2,-30,23,0
"3047","Red","Neither","Neither","Red",14,1,1,3,0,12959,6.4,15381,172,43,-4456,-2336,52,3,7,17,0,17415,6.8,17717,196,51,0,-38,-2,-6,-14,-24,-8,-0.399999999999999
"3048","Blue","Neither","Neither","Blue",15,5,9,7,0,17225,7,17613,217,38,69,-232,13,4,9,12,0,17156,7,17845,210,32,0,2,1,0,-5,7,6,0
"3049","Red","Red","Neither","Blue",15,2,9,8,0,17848,7.4,19890,212,67,868,1728,18,1,6,8,0,16980,7.2,18162,216,56,0,-3,1,3,0,-4,11,0.2
"3050","Red","Neither","Blue","Red",13,0,2,1,0,15448,7,18033,215,63,209,1023,49,3,4,4,0,15239,6.8,17010,224,43,0,-36,-3,-2,-3,-9,20,0.2
"3051","Red","Blue","Neither","Blue",18,3,5,7,0,15425,7,17540,208,51,-1611,-1931,16,6,6,6,0,17036,7.4,19471,246,56,0,2,-3,-1,1,-38,-5,-0.4
"3052","Blue","Blue","Neither","Blue",18,3,5,10,0,15717,7,17819,211,59,385,-71,21,1,3,3,0,15332,7,17890,231,61,0,-3,2,2,7,-20,-2,0
"3053","Red","Red","Neither","Red",11,0,5,1,0,14589,6,15373,195,48,-3750,-4961,66,2,8,14,0,18339,7.4,20334,229,59,0,-55,-2,-3,-13,-34,-11,-1.4
"3054","Blue","Neither","Neither","Blue",20,12,4,5,0,15463,7.2,18378,215,60,25,327,50,7,5,5,0,15438,7,18051,215,44,0,-30,5,-1,0,0,16,0.2
"3055","Red","Blue","Neither","Red",16,4,7,7,0,16019,6.6,16667,174,50,-388,-619,18,3,8,8,0,16407,6.8,17286,207,45,0,-2,1,-1,-1,-33,5,-0.2
"3056","Blue","Neither","Neither","Blue",14,4,8,7,1,17634,6.8,17330,219,45,1930,425,17,1,4,5,0,15704,6.4,16905,226,46,1,-3,3,4,2,-7,-1,0.399999999999999
"3057","Red","Neither","Neither","Blue",51,3,8,12,0,16017,6.2,15395,157,40,517,-593,16,4,8,7,0,15500,6.4,15988,170,44,0,35,-1,0,5,-13,-4,-0.2
"3058","Blue","Blue","Blue","Blue",18,4,6,10,0,17259,7,19074,236,67,-214,1004,84,3,7,8,0,17473,7,18070,225,46,0,-66,1,-1,2,11,21,0
"3059","Blue","Blue","Neither","Red",12,5,5,3,0,16226,7,18917,250,56,2229,2851,15,3,2,2,0,13997,6.4,16066,197,40,0,-3,2,3,1,53,16,0.6
"3060","Red","Blue","Blue","Blue",15,2,10,11,0,17816,6.8,18684,202,58,1953,1494,16,5,4,6,0,15863,7,17190,224,41,0,-1,-3,6,5,-22,17,-0.2
"3061","Red","Red","Red","Red",15,2,4,3,0,15532,6.8,18026,210,64,-781,-1296,22,1,6,4,0,16313,7.2,19322,220,58,0,-7,1,-2,-1,-10,6,-0.4
"3062","Blue","Red","Red","Red",20,4,7,9,0,16946,6.8,17971,217,55,380,1750,16,1,7,10,0,16566,6.6,16221,230,36,0,4,3,0,-1,-13,19,0.2
"3063","Red","Neither","Neither","Red",43,3,5,4,0,16019,6.8,18530,222,48,-758,733,21,4,6,7,0,16777,7,17797,215,56,0,22,-1,-1,-3,7,-8,-0.2
"3064","Blue","Red","Neither","Red",14,3,8,8,0,17938,7.2,18237,232,48,3072,1589,15,2,4,4,0,14866,6.8,16648,207,42,0,-1,1,4,4,25,6,0.4
"3065","Blue","Red","Blue","Red",18,1,9,10,0,17512,7,18140,186,51,2549,1269,17,0,6,6,0,14963,6.6,16871,174,41,0,1,1,3,4,12,10,0.4
"3066","Blue","Blue","Blue","Blue",35,4,8,7,0,16712,6.8,17310,208,41,2427,2303,12,2,5,7,0,14285,6.4,15007,172,33,0,23,2,3,0,36,8,0.399999999999999
"3067","Red","Red","Blue","Red",15,5,5,7,0,15913,6.8,17592,202,41,-844,-689,16,3,6,3,0,16757,7.2,18281,247,56,0,-1,2,-1,4,-45,-15,-0.4
"3068","Red","Blue","Neither","Blue",9,3,6,6,0,17108,6.8,17877,211,59,-1394,-2258,17,1,9,10,0,18502,7.6,20135,210,67,0,-8,2,-3,-4,1,-8,-0.8
"3069","Blue","Blue","Blue","Blue",10,0,16,11,3,23349,7.6,21214,223,52,7128,6117,11,0,9,13,0,16221,6.2,15097,140,40,3,-1,0,7,-2,83,12,1.4
"3070","Red","Blue","Blue","Blue",38,0,5,3,0,15548,7.4,18820,229,56,-826,38,10,20,5,6,0,16374,7.2,18782,225,66,0,28,-20,0,-3,4,-10,0.2
"3071","Red","Blue","Neither","Red",18,1,5,5,0,15950,7,18633,247,44,1233,251,14,2,2,2,0,14717,6.8,18382,204,60,0,4,-1,3,3,43,-16,0.2
"3072","Blue","Neither","Blue","Blue",59,1,5,3,0,16014,7,18969,225,58,476,467,21,6,2,1,0,15538,7.2,18502,257,53,0,38,-5,3,2,-32,5,-0.2
"3073","Red","Blue","Neither","Red",13,1,9,8,0,17419,7,17316,178,46,-2587,-1470,15,3,15,23,0,20006,7.2,18786,214,50,0,-2,-2,-6,-15,-36,-4,-0.2
"3074","Red","Neither","Neither","Blue",15,0,11,13,1,19979,7.2,18500,207,39,3763,874,11,1,5,6,0,16216,7,17626,194,51,1,4,-1,6,7,13,-12,0.2
"3075","Red","Blue","Neither","Red",15,6,3,2,0,14122,6.6,15708,188,40,-2968,-2159,19,4,8,7,0,17090,7,17867,182,47,0,-4,2,-5,-5,6,-7,-0.4
"3076","Blue","Neither","Neither","Blue",18,2,10,13,0,17447,6.4,16191,173,38,-384,-1658,12,1,11,9,0,17831,7,17849,208,40,0,6,1,-1,4,-35,-2,-0.6
"3077","Red","Neither","Neither","Red",14,3,7,9,0,16122,6.8,17858,196,39,-1673,-327,16,1,8,8,0,17795,7,18185,231,52,0,-2,2,-1,1,-35,-13,-0.2
"3078","Red","Neither","Neither","Blue",28,1,12,12,0,18336,7,17626,179,55,-466,-26,15,2,11,19,0,18802,6.6,17652,211,32,0,13,-1,1,-7,-32,23,0.4
"3079","Red","Neither","Neither","Red",14,0,0,0,0,12002,6,13961,151,44,-8461,-7340,58,3,12,9,1,20463,7.8,21301,238,52,-1,-44,-3,-12,-9,-87,-8,-1.8
"3080","Red","Red","Red","Blue",15,6,3,5,0,14378,6.4,16230,209,39,-3682,-3599,14,3,5,2,1,18060,7.4,19829,245,66,-1,1,3,-2,3,-36,-27,-1
"3081","Red","Neither","Neither","Blue",18,2,8,18,0,17691,7,18548,222,60,3544,2399,14,3,4,4,0,14147,6.4,16149,184,44,0,4,-1,4,14,38,16,0.6
"3082","Blue","Neither","Neither","Blue",15,2,15,13,0,19402,7.2,18717,195,39,2008,2566,15,2,11,12,0,17394,6.4,16151,180,44,0,0,0,4,1,15,-5,0.8
"3083","Blue","Neither","Neither","Blue",23,2,3,3,0,16468,6.8,18574,249,54,3100,1653,19,2,1,0,0,13368,6.6,16921,192,41,0,4,0,2,3,57,13,0.2
"3084","Red","Neither","Red","Red",16,2,2,5,0,14486,6.4,15896,207,51,-3576,-3516,88,3,11,11,0,18062,7.2,19412,205,56,0,-72,-1,-9,-6,2,-5,-0.8
"3085","Blue","Neither","Red","Red",16,2,9,9,0,17652,7.4,18869,225,50,775,1702,17,2,8,3,0,16877,6.6,17167,210,44,0,-1,0,1,6,15,6,0.800000000000001
"3086","Blue","Blue","Neither","Blue",18,6,7,12,0,15494,6.6,15724,165,38,1515,857,15,3,3,2,0,13979,6.4,14867,186,49,0,3,3,4,10,-21,-11,0.199999999999999
"3087","Red","Red","Neither","Blue",16,2,6,11,0,16270,6.8,17661,200,54,-82,117,15,3,8,4,0,16352,6.8,17544,221,37,0,1,-1,-2,7,-21,17,0
"3088","Red","Red","Neither","Blue",14,4,5,3,0,15899,6.8,17722,232,47,-903,-1584,33,5,6,7,0,16802,7.2,19306,249,45,0,-19,-1,-1,-4,-17,2,-0.4
"3089","Red","Red","Neither","Red",39,1,3,3,0,14277,7,17550,201,53,-5802,-3559,12,4,12,9,0,20079,7.6,21109,240,58,0,27,-3,-9,-6,-39,-5,-0.6
"3090","Blue","Red","Neither","Red",18,4,5,4,1,17350,7.2,18857,202,72,1492,1607,17,5,6,9,0,15858,7,17250,191,44,1,1,-1,-1,-5,11,28,0.2
"3091","Blue","Red","Neither","Blue",12,5,8,15,0,18315,7,18534,209,51,246,1266,17,0,9,8,0,18069,6.8,17268,208,46,0,-5,5,-1,7,1,5,0.2
"3092","Blue","Red","Neither","Blue",36,3,9,13,0,19570,7.8,21203,259,74,4826,4472,17,3,2,4,0,14744,6.6,16731,229,52,0,19,0,7,9,30,22,1.2
"3093","Blue","Red","Neither","Blue",16,3,6,5,1,16529,6.8,16649,198,52,1085,775,17,3,5,8,0,15444,6.4,15874,179,55,1,-1,0,1,-3,19,-3,0.399999999999999
"3094","Blue","Blue","Neither","Blue",14,2,11,18,0,18324,7,18016,205,47,2158,640,15,2,5,8,0,16166,7,17376,219,45,0,-1,0,6,10,-14,2,0
"3095","Blue","Red","Red","Blue",15,1,8,6,0,17263,7.2,19913,234,65,3181,3298,11,2,3,3,0,14082,6.8,16615,159,51,0,4,-1,5,3,75,14,0.4
"3096","Blue","Blue","Neither","Blue",15,2,4,3,0,15282,6.8,17848,211,45,1629,677,38,0,0,0,0,13653,6.8,17171,246,44,0,-23,2,4,3,-35,1,0
"3097","Red","Red","Neither","Red",20,5,5,4,0,15960,7.2,18478,232,64,782,1903,16,4,4,5,0,15178,6.4,16575,211,43,0,4,1,1,-1,21,21,0.8
"3098","Red","Blue","Red","Blue",9,8,5,5,0,15103,6.6,17162,198,39,-1328,-317,18,2,5,7,0,16431,7,17479,227,36,0,-9,6,0,-2,-29,3,-0.4
"3099","Blue","Neither","Neither","Red",14,1,7,6,0,16060,7,18431,228,44,794,577,16,1,3,4,0,15266,7,17854,213,44,0,-2,0,4,2,15,0,0
"3100","Red","Red","Neither","Red",17,0,7,6,0,15463,6.8,17772,162,44,-2809,-1673,34,2,9,7,0,18272,7.2,19445,219,68,0,-17,-2,-2,-1,-57,-24,-0.4
"3101","Red","Neither","Red","Red",21,6,6,7,1,17225,6.6,16572,210,44,-833,-1786,56,8,10,10,0,18058,7,18358,220,53,1,-35,-2,-4,-3,-10,-9,-0.4
"3102","Red","Neither","Neither","Red",16,3,3,2,0,14861,6.8,16993,225,38,-3337,-1701,30,3,9,10,0,18198,7.2,18694,223,51,0,-14,0,-6,-8,2,-13,-0.4
"3103","Blue","Blue","Neither","Red",46,6,4,10,0,15966,7.2,18955,229,59,1532,1453,61,7,1,1,0,14434,7.2,17502,229,60,0,-15,-1,3,9,0,-1,0
"3104","Red","Red","Neither","Blue",16,1,4,2,0,15172,7,18276,205,55,-1066,10,14,3,6,7,0,16238,6.8,18266,241,36,0,2,-2,-2,-5,-36,19,0.2
"3105","Blue","Neither","Neither","Red",15,2,4,4,0,15953,6.8,17960,260,44,-477,-513,13,3,7,9,0,16430,7,18473,234,40,0,2,-1,-3,-5,26,4,-0.2
"3106","Blue","Red","Neither","Red",17,4,9,7,0,17959,7.6,20494,239,56,1696,2266,19,5,5,3,0,16263,6.8,18228,225,56,0,-2,-1,4,4,14,0,0.8
"3107","Blue","Blue","Blue","Blue",17,3,7,11,0,17176,7,18575,200,62,2889,1215,17,2,2,2,0,14287,6.8,17360,217,58,0,0,1,5,9,-17,4,0.2
"3108","Blue","Neither","Blue","Blue",15,7,8,7,0,17328,7,18867,234,56,2156,3157,22,1,4,8,0,15172,6.2,15710,225,35,0,-7,6,4,-1,9,21,0.8
"3109","Red","Neither","Neither","Red",16,2,2,3,0,15144,7.2,17995,236,52,-1281,-602,15,2,6,10,0,16425,7.2,18597,219,44,0,1,0,-4,-7,17,8,0
"3110","Red","Neither","Blue","Red",17,1,6,4,0,16533,7,18187,217,61,85,765,14,2,6,9,0,16448,6.8,17422,214,46,0,3,-1,0,-5,3,15,0.2
"3111","Red","Red","Neither","Blue",19,6,11,9,0,18475,7.4,19732,196,47,1761,1895,19,3,8,9,0,16714,6.8,17837,196,52,0,0,3,3,0,0,-5,0.600000000000001
"3112","Red","Blue","Neither","Red",16,2,3,2,0,15252,7,18024,224,56,-1293,-380,38,3,7,8,0,16545,7,18404,219,48,0,-22,-1,-4,-6,5,8,0
"3113","Blue","Red","Neither","Red",35,4,4,1,0,14621,7,17862,179,62,-3644,-1277,15,0,9,12,0,18265,7,19139,243,44,0,20,4,-5,-11,-64,18,0
"3114","Red","Red","Neither","Red",14,2,6,7,0,15953,6.6,17372,221,29,-1095,-249,16,3,8,8,0,17048,6.8,17621,218,52,0,-2,-1,-2,-1,3,-23,-0.2
"3115","Blue","Blue","Blue","Blue",14,4,5,5,0,16627,6.8,18676,223,50,2359,1681,14,3,2,3,0,14268,6.6,16995,221,45,0,0,1,3,2,2,5,0.2
"3116","Blue","Red","Neither","Blue",16,3,8,4,0,17240,7,18845,248,48,699,944,17,3,8,6,0,16541,6.8,17901,179,57,0,-1,0,0,-2,69,-9,0.2
"3117","Red","Red","Neither","Red",21,6,5,4,0,15796,7,18152,221,58,453,1426,17,2,2,4,0,15343,6.4,16726,256,55,0,4,4,3,0,-35,3,0.6
"3118","Blue","Red","Red","Blue",16,0,8,10,0,18330,7.4,19257,232,52,1769,319,38,1,2,1,1,16561,7.2,18938,251,67,-1,-22,-1,6,9,-19,-15,0.2
"3119","Red","Blue","Red","Blue",11,0,6,8,0,15684,6.6,17219,202,39,-3240,-2396,16,1,7,8,1,18924,7,19615,257,60,-1,-5,-1,-1,0,-55,-21,-0.4
"3120","Blue","Blue","Neither","Blue",20,1,7,3,0,17120,6.8,18300,233,59,1936,1098,12,4,4,4,0,15184,6.8,17202,206,50,0,8,-3,3,-1,27,9,0
"3121","Blue","Blue","Neither","Blue",18,4,4,2,0,15261,6.6,17058,233,46,-393,-1504,18,4,5,5,0,15654,7.2,18562,208,52,0,0,0,-1,-3,25,-6,-0.600000000000001
"3122","Red","Neither","Blue","Red",16,4,11,17,0,18053,6.6,17357,189,47,620,339,16,4,8,10,0,17433,6.4,17018,196,38,0,0,0,3,7,-7,9,0.199999999999999
"3123","Red","Red","Blue","Blue",19,4,3,3,0,15417,6.8,16990,224,56,-691,-666,17,4,6,11,0,16108,6.8,17656,213,48,0,2,0,-3,-8,11,8,0
"3124","Blue","Blue","Neither","Blue",14,3,8,5,0,16523,7.2,18718,193,56,1357,614,17,2,5,2,0,15166,6.8,18104,208,52,0,-3,1,3,3,-15,4,0.4
"3125","Red","Blue","Neither","Blue",14,0,8,6,0,16809,7,18470,210,44,-12,-151,13,2,8,6,0,16821,7.2,18621,221,48,0,1,-2,0,0,-11,-4,-0.2
"3126","Red","Red","Red","Blue",15,5,5,6,0,15627,6.8,17457,199,56,-2690,-3245,58,1,8,9,0,18317,7.6,20702,230,92,0,-43,4,-3,-3,-31,-36,-0.8
"3127","Red","Red","Blue","Red",38,4,0,0,0,13793,6.8,17022,223,58,-2240,-1623,14,2,3,1,0,16033,7,18645,247,59,0,24,2,-3,-1,-24,-1,-0.2
"3128","Blue","Red","Red","Blue",16,2,3,4,0,14481,6.4,15768,214,40,-2765,-2274,16,3,8,16,0,17246,7.2,18042,226,51,0,0,-1,-5,-12,-12,-11,-0.8
"3129","Red","Blue","Neither","Blue",13,5,8,11,0,16357,6.6,17543,196,48,-82,280,11,2,4,4,0,16439,6.8,17263,241,45,0,2,3,4,7,-45,3,-0.2
"3130","Blue","Neither","Red","Red",46,3,10,11,0,18582,7.4,19549,222,51,2230,2112,42,17,6,8,0,16352,6.8,17437,196,43,0,4,-14,4,3,26,8,0.600000000000001
"3131","Red","Neither","Neither","Red",15,1,1,1,0,13943,6.8,17418,235,37,-1661,-1064,14,0,3,2,0,15604,7,18482,241,48,0,1,1,-2,-1,-6,-11,-0.2
"3132","Red","Neither","Neither","Blue",16,4,10,8,0,18410,7.2,19835,241,54,1720,1364,19,3,7,6,0,16690,7.4,18471,212,46,0,-3,1,3,2,29,8,-0.2
"3133","Red","Neither","Neither","Red",24,3,6,6,0,16689,7,18369,240,50,211,880,16,5,7,7,0,16478,7,17489,214,41,0,8,-2,-1,-1,26,9,0
"3134","Red","Red","Neither","Blue",14,3,6,4,0,16060,6.4,16764,200,60,-27,-1847,87,3,7,7,0,16087,7,18611,194,53,0,-73,0,-1,-3,6,7,-0.6
"3135","Red","Red","Neither","Red",17,2,3,4,0,14035,6.2,14801,185,32,-5142,-3023,19,4,12,14,0,19177,7,17824,210,55,0,-2,-2,-9,-10,-25,-23,-0.8
"3136","Blue","Blue","Blue","Blue",16,3,9,10,0,17757,7,18305,218,48,1818,1761,18,4,6,7,0,15939,6.8,16544,204,50,0,-2,-1,3,3,14,-2,0.2
"3137","Red","Red","Red","Red",17,4,2,3,0,14267,6.6,16538,204,43,-5571,-3921,15,5,9,10,1,19838,7.6,20459,268,56,-1,2,-1,-7,-7,-64,-13,-1
"3138","Red","Red","Red","Red",13,0,6,6,0,15951,6.6,16512,223,40,-1734,-3696,16,3,12,5,0,17685,7.6,20208,221,44,0,-3,-3,-6,1,2,-4,-1
"3139","Red","Red","Neither","Blue",13,3,8,4,0,16688,6.8,17926,216,44,704,-123,16,0,8,4,0,15984,7.2,18049,190,56,0,-3,3,0,0,26,-12,-0.4
"3140","Red","Blue","Blue","Red",17,7,3,2,0,14303,6.2,15787,187,58,-2657,-2095,21,2,5,6,0,16960,7,17882,237,51,0,-4,5,-2,-4,-50,7,-0.8
"3141","Blue","Blue","Red","Blue",38,6,9,12,0,17396,7,17804,205,48,-377,842,19,4,8,10,0,17773,6.6,16962,223,40,0,19,2,1,2,-18,8,0.4
"3142","Blue","Red","Blue","Blue",17,1,9,9,0,18159,7.4,19769,245,52,3037,2677,20,4,3,4,0,15122,6.6,17092,213,50,0,-3,-3,6,5,32,2,0.800000000000001
"3143","Red","Red","Blue","Red",89,3,7,8,0,16269,7.2,18306,202,52,459,1388,16,2,5,8,0,15810,6.6,16918,212,44,0,73,1,2,0,-10,8,0.600000000000001
"3144","Blue","Blue","Neither","Blue",41,1,4,5,0,15316,6.6,17118,198,52,-2986,-3369,13,9,9,3,0,18302,7.4,20487,247,64,0,28,-8,-5,2,-49,-12,-0.800000000000001
"3145","Blue","Blue","Neither","Blue",17,5,5,4,0,16498,6.8,17738,237,45,1699,638,15,3,4,3,0,14799,6.8,17100,202,46,0,2,2,1,1,35,-1,0
"3146","Blue","Blue","Neither","Blue",16,1,16,17,0,20603,7.4,20443,245,44,7873,5225,12,1,0,0,0,12730,6.6,15218,188,44,0,4,0,16,17,57,0,0.800000000000001
"3147","Blue","Red","Blue","Red",17,3,10,7,1,19606,7.2,18619,220,45,3534,2345,16,2,7,8,0,16072,6.6,16274,170,60,1,1,1,3,-1,50,-15,0.600000000000001
"3148","Blue","Red","Blue","Blue",14,2,7,6,0,16940,6.8,17305,234,42,400,-213,14,3,8,10,0,16540,6.8,17518,222,52,0,0,-1,-1,-4,12,-10,0
"3149","Blue","Red","Neither","Red",40,4,6,11,0,16814,7,18612,238,56,2247,1262,14,2,4,0,0,14567,6.8,17350,220,55,0,26,2,2,11,18,1,0.2
"3150","Blue","Neither","Blue","Blue",15,3,9,13,0,18146,6.6,17263,199,40,383,-1655,19,2,8,10,0,17763,7.4,18918,201,60,0,-4,1,1,3,-2,-20,-0.800000000000001
"3151","Red","Neither","Neither","Red",19,4,3,3,0,15242,7.2,17856,216,44,-774,334,33,0,5,4,0,16016,6.8,17522,243,45,0,-14,4,-2,-1,-27,-1,0.4
"3152","Red","Blue","Neither","Blue",16,3,10,5,0,17454,6.8,18029,204,58,617,128,12,1,7,5,0,16837,6.8,17901,178,60,0,4,2,3,0,26,-2,0
"3153","Red","Blue","Neither","Blue",17,4,5,6,0,16053,7,17817,227,52,1614,1179,51,6,3,4,0,14439,6.6,16638,206,50,0,-34,-2,2,2,21,2,0.4
"3154","Blue","Red","Neither","Blue",16,3,2,1,0,14975,6.4,16649,222,67,-2206,-2548,18,3,9,12,0,17181,7.4,19197,216,48,0,-2,0,-7,-11,6,19,-1
"3155","Blue","Blue","Neither","Blue",31,5,4,4,0,16095,7,18669,241,65,-262,-375,24,3,4,2,0,16357,7.2,19044,257,55,0,7,2,0,2,-16,10,-0.2
"3156","Blue","Neither","Neither","Red",39,1,8,11,0,17123,6.8,17944,223,52,1012,-620,29,4,5,3,0,16111,7.4,18564,220,52,0,10,-3,3,8,3,0,-0.600000000000001
"3157","Red","Blue","Red","Blue",21,5,6,14,0,16986,7,17323,231,55,313,-1776,16,8,5,3,0,16673,7.2,19099,236,56,0,5,-3,1,11,-5,-1,-0.2
"3158","Red","Red","Neither","Red",17,2,3,3,0,14731,7,17886,204,52,-1148,708,19,3,3,4,0,15879,6.8,17178,237,52,0,-2,-1,0,-1,-33,0,0.2
"3159","Blue","Blue","Neither","Blue",44,1,8,9,0,17316,7.2,18689,227,68,3172,2797,14,1,3,4,0,14144,6.2,15892,200,40,0,30,0,5,5,27,28,1
"3160","Blue","Neither","Neither","Red",16,1,1,2,0,14889,6.8,17345,256,48,-819,-1709,23,1,3,4,0,15708,7,19054,246,62,0,-7,0,-2,-2,10,-14,-0.2
"3161","Red","Red","Blue","Red",19,2,5,4,0,16416,6.8,18647,253,44,-205,-41,12,4,6,7,0,16621,7,18688,239,40,0,7,-2,-1,-3,14,4,-0.2
"3162","Blue","Red","Neither","Red",18,1,7,10,0,16943,6.8,17177,215,52,-1228,-1785,41,4,11,11,0,18171,7.4,18962,217,56,0,-23,-3,-4,-1,-2,-4,-0.600000000000001
"3163","Blue","Neither","Blue","Blue",11,3,13,13,1,19940,7.4,20030,192,52,5521,4435,15,4,3,2,0,14419,6.6,15595,212,31,1,-4,-1,10,11,-20,21,0.800000000000001
"3164","Red","Red","Neither","Blue",57,3,8,5,0,16204,6.6,17473,184,47,-1016,-1306,17,4,7,7,0,17220,7,18779,210,51,0,40,-1,1,-2,-26,-4,-0.4
"3165","Blue","Blue","Neither","Blue",12,3,7,7,0,17062,7.2,18221,220,50,-1246,150,17,2,10,12,0,18308,6.8,18071,203,58,0,-5,1,-3,-5,17,-8,0.4
"3166","Red","Red","Red","Red",16,2,6,6,0,15691,7,17592,212,48,456,-69,13,1,5,3,0,15235,6.8,17661,192,52,0,3,1,1,3,20,-4,0.2
"3167","Red","Neither","Neither","Red",14,0,1,0,0,13511,6.6,16013,200,46,-5087,-2795,117,0,11,18,0,18598,7.2,18808,226,55,0,-103,0,-10,-18,-26,-9,-0.600000000000001
"3168","Blue","Neither","Neither","Blue",17,2,12,11,0,18927,7.4,19861,231,44,4006,3678,16,2,2,2,0,14921,6.4,16183,176,60,0,1,0,10,9,55,-16,1
"3169","Blue","Blue","Neither","Red",45,3,7,10,0,16164,7,17989,196,48,-876,-1141,19,6,6,4,0,17040,7,19130,239,60,0,26,-3,1,6,-43,-12,0
"3170","Blue","Neither","Neither","Blue",15,1,4,8,0,15572,6.8,17404,221,48,-1216,-1810,15,3,4,3,0,16788,7.4,19214,256,57,0,0,-2,0,5,-35,-9,-0.600000000000001
"3171","Red","Red","Blue","Blue",14,1,5,2,1,17469,6.6,17964,229,53,1432,-889,13,3,7,6,0,16037,7.2,18853,203,64,1,1,-2,-2,-4,26,-11,-0.600000000000001
"3172","Blue","Blue","Neither","Red",16,3,3,4,0,14686,7,17582,206,60,-3593,-3240,24,3,10,5,0,18279,7.6,20822,226,68,0,-8,0,-7,-1,-20,-8,-0.6
"3173","Red","Red","Neither","Red",15,4,8,10,0,16325,6.8,17831,193,40,2,-345,24,1,6,4,0,16323,7,18176,227,48,0,-9,3,2,6,-34,-8,-0.2
"3174","Blue","Blue","Neither","Red",15,2,9,12,0,17233,6.8,17651,202,48,2034,884,14,1,4,4,0,15199,6.6,16767,200,48,0,1,1,5,8,2,0,0.2
"3175","Red","Neither","Neither","Red",17,2,3,4,0,16004,7.2,18128,241,64,-966,-455,12,4,8,9,0,16970,7.2,18583,213,48,0,5,-2,-5,-5,28,16,0
"3176","Blue","Red","Neither","Blue",16,1,6,9,0,16651,6.6,16985,218,48,1167,-461,16,4,6,4,0,15484,6.8,17446,207,48,0,0,-3,0,5,11,0,-0.2
"3177","Blue","Red","Neither","Blue",43,2,2,2,0,14959,7,17503,229,48,-2128,-1289,84,5,6,7,0,17087,7.2,18792,219,51,0,-41,-3,-4,-5,10,-3,-0.2
"3178","Red","Red","Red","Blue",14,4,5,4,0,15917,6.8,17246,200,60,-1971,-2626,16,2,10,13,0,17888,7.2,19872,200,56,0,-2,2,-5,-9,0,4,-0.4
"3179","Blue","Neither","Neither","Red",37,15,6,9,0,15754,6.6,16844,198,36,-708,-1311,104,3,6,5,0,16462,7,18155,207,36,0,-67,12,0,4,-9,0,-0.4
"3180","Red","Blue","Neither","Blue",16,3,8,9,0,16891,7,17845,201,51,-1296,4,15,3,8,9,0,18187,7,17841,217,48,0,1,0,0,0,-16,3,0
"3181","Red","Red","Red","Red",18,3,3,3,0,14878,6.6,16826,197,61,-5924,-3368,17,5,15,20,0,20802,7.2,20194,226,64,0,1,-2,-12,-17,-29,-3,-0.600000000000001
"3182","Blue","Neither","Neither","Blue",18,3,7,7,0,17150,7.2,19389,225,60,1443,2143,17,2,3,5,0,15707,6.8,17246,229,44,0,1,1,4,2,-4,16,0.4
"3183","Red","Blue","Neither","Blue",17,1,5,6,0,15941,7,17661,236,55,-2,-1484,29,3,4,2,0,15943,7.2,19145,237,67,0,-12,-2,1,4,-1,-12,-0.2
"3184","Blue","Neither","Red","Blue",13,4,7,11,0,17802,7.4,19422,239,40,1070,1731,14,2,3,3,1,16732,7,17691,211,64,-1,-1,2,4,8,28,-24,0.4
"3185","Blue","Blue","Neither","Blue",11,0,5,4,0,15548,7,18653,181,68,-1238,-1708,17,1,6,5,0,16786,7.4,20361,219,60,0,-6,-1,-1,-1,-38,8,-0.4
"3186","Blue","Neither","Neither","Red",16,1,5,6,0,15556,7,17886,219,44,1300,1228,16,3,2,3,0,14256,6.6,16658,218,44,0,0,-2,3,3,1,0,0.4
"3187","Blue","Blue","Red","Blue",38,4,6,6,0,16098,6.8,18103,209,50,-282,-192,16,4,5,5,0,16380,7,18295,224,62,0,22,0,1,1,-15,-12,-0.2
"3188","Blue","Red","Blue","Red",15,0,6,6,0,16107,7,17538,213,56,-456,-1135,14,1,5,5,0,16563,7,18673,203,56,0,1,-1,1,1,10,0,0
"3189","Red","Neither","Neither","Blue",14,4,7,6,0,16315,7,18067,201,60,1167,510,17,2,2,2,0,15148,6.8,17557,240,59,0,-3,2,5,4,-39,1,0.2
"3190","Red","Red","Blue","Blue",15,0,6,13,0,16587,6.6,16824,199,47,457,-383,15,2,7,13,0,16130,6.8,17207,194,40,0,0,-2,-1,0,5,7,-0.2
"3191","Red","Red","Neither","Red",15,1,8,9,0,16112,6.6,16844,201,32,276,377,29,3,6,7,0,15836,6.6,16467,167,57,0,-14,-2,2,2,34,-25,0
"3192","Blue","Blue","Blue","Blue",20,2,10,12,0,18212,7.2,18905,196,54,4429,3004,14,4,2,1,0,13783,6.6,15901,180,48,0,6,-2,8,11,16,6,0.600000000000001
"3193","Red","Red","Neither","Red",13,5,3,2,0,14761,7,17479,204,64,-907,414,16,2,5,6,0,15668,6.6,17065,225,46,0,-3,3,-2,-4,-21,18,0.4
"3194","Red","Blue","Neither","Blue",39,3,5,5,0,17613,7.2,19706,251,76,914,1227,15,5,5,7,0,16699,7,18479,224,50,0,24,-2,0,-2,27,26,0.2
"3195","Red","Neither","Neither","Blue",46,0,8,13,0,16384,6.8,16954,218,37,-232,-1633,10,3,5,3,0,16616,7.2,18587,242,72,0,36,-3,3,10,-24,-35,-0.4
"3196","Blue","Neither","Neither","Red",40,0,6,3,0,17001,7.2,19154,230,68,344,1270,17,2,6,5,0,16657,7,17884,255,32,0,23,-2,0,-2,-25,36,0.2
"3197","Red","Neither","Red","Blue",120,2,4,3,0,15084,6.6,16366,211,44,-2904,-2819,18,2,9,8,0,17988,7.2,19185,237,47,0,102,0,-5,-5,-26,-3,-0.600000000000001
"3198","Blue","Red","Neither","Red",17,2,8,5,0,16918,6.8,18396,216,60,355,-336,18,2,8,6,0,16563,6.8,18732,214,44,0,-1,0,0,-1,2,16,0
"3199","Blue","Red","Neither","Red",16,1,9,13,0,18562,7,18633,203,66,1911,1969,13,4,8,12,0,16651,6.6,16664,206,48,0,3,-3,1,1,-3,18,0.4
"3200","Blue","Blue","Red","Blue",10,1,5,9,0,15822,7,17481,219,48,-1572,-2164,24,1,6,3,0,17394,7.2,19645,248,56,0,-14,0,-1,6,-29,-8,-0.2
"3201","Red","Blue","Neither","Blue",41,6,9,10,0,17405,6.8,18506,187,46,1996,860,20,5,4,3,0,15409,7,17646,236,40,0,21,1,5,7,-49,6,-0.2
"3202","Blue","Blue","Blue","Blue",11,1,11,12,1,19696,7.2,18881,222,48,3802,1762,21,0,5,6,0,15894,6.8,17119,209,60,1,-10,1,6,6,13,-12,0.4
"3203","Blue","Red","Neither","Blue",11,1,9,11,0,17322,6.4,16229,182,52,-956,-1451,14,1,11,12,0,18278,6.8,17680,207,49,0,-3,0,-2,-1,-25,3,-0.399999999999999
"3204","Blue","Neither","Neither","Blue",16,10,4,4,0,15532,6.8,17669,227,47,240,131,41,1,2,2,0,15292,6.8,17538,240,56,0,-25,9,2,2,-13,-9,0
"3205","Red","Red","Neither","Blue",21,3,10,7,0,17823,6.6,17275,237,36,828,-79,17,1,8,5,0,16995,6.8,17354,200,47,0,4,2,2,2,37,-11,-0.2
"3206","Red","Red","Red","Red",16,2,1,0,0,13291,6.4,15898,201,48,-5102,-3977,41,3,12,18,0,18393,7.4,19875,227,52,0,-25,-1,-11,-18,-26,-4,-1
"3207","Blue","Red","Neither","Blue",16,6,7,7,0,16851,6.8,16674,216,42,-778,-752,13,4,11,14,0,17629,6.8,17426,200,34,0,3,2,-4,-7,16,8,0
"3208","Blue","Neither","Neither","Blue",17,4,7,8,0,16830,7.2,18443,232,54,2431,1886,31,1,2,2,0,14399,6.6,16557,209,48,0,-14,3,5,6,23,6,0.600000000000001
"3209","Blue","Neither","Neither","Blue",16,3,5,7,0,16061,7,18238,210,60,530,1280,14,2,5,5,0,15531,6.8,16958,204,44,0,2,1,0,2,6,16,0.2
"3210","Red","Neither","Neither","Red",18,2,2,2,0,15608,6.8,17516,260,47,766,331,37,5,2,2,0,14842,7,17185,229,52,0,-19,-3,0,0,31,-5,-0.2
"3211","Red","Neither","Neither","Blue",15,0,5,3,0,15144,6.6,16696,205,36,-4172,-2185,15,4,9,9,1,19316,7.2,18881,221,47,-1,0,-4,-4,-6,-16,-11,-0.600000000000001
"3212","Red","Red","Red","Red",15,2,7,7,0,15778,6.2,15796,213,19,-1578,-2563,13,1,6,3,1,17356,7.2,18359,201,56,-1,2,1,1,4,12,-37,-1
"3213","Blue","Red","Neither","Red",14,4,2,1,0,14721,7,18073,234,51,-964,72,19,0,4,4,0,15685,7,18001,238,48,0,-5,4,-2,-3,-4,3,0
"3214","Blue","Red","Red","Red",33,2,8,6,0,16154,7,18075,192,52,1764,1515,38,1,3,2,0,14390,6.4,16560,210,44,0,-5,1,5,4,-18,8,0.6
"3215","Red","Red","Neither","Red",17,3,6,4,0,15136,7,18082,170,67,-3212,-786,81,6,9,9,0,18348,7,18868,227,52,0,-64,-3,-3,-5,-57,15,0
"3216","Red","Red","Neither","Blue",11,0,2,3,0,14231,6.6,16339,201,56,-2259,-2256,17,0,4,5,0,16490,7,18595,234,60,0,-6,0,-2,-2,-33,-4,-0.4
"3217","Blue","Red","Blue","Blue",16,5,4,4,0,16470,7.2,19232,232,59,1718,2947,14,2,2,3,0,14752,6.6,16285,218,48,0,2,3,2,1,14,11,0.600000000000001
"3218","Blue","Red","Neither","Red",19,4,0,0,0,13674,6.8,17384,229,52,-1159,-157,18,2,3,3,0,14833,6.8,17541,230,40,0,1,2,-3,-3,-1,12,0
"3219","Red","Red","Red","Red",15,3,5,5,0,15251,6.4,16852,210,31,-3232,-2573,18,2,10,13,0,18483,7.4,19425,215,80,0,-3,1,-5,-8,-5,-49,-1
"3220","Blue","Red","Blue","Blue",15,3,11,14,0,18856,7.2,19227,231,51,3248,2152,19,3,5,7,0,15608,6.6,17075,189,58,0,-4,0,6,7,42,-7,0.600000000000001
"3221","Blue","Neither","Neither","Blue",68,2,7,8,0,16274,6.8,17652,204,41,-1248,-843,14,1,9,13,0,17522,7.2,18495,211,41,0,54,1,-2,-5,-7,0,-0.4
"3222","Red","Red","Blue","Red",17,2,7,5,0,17241,7,18072,242,48,-136,-583,15,5,8,7,0,17377,7.4,18655,234,48,0,2,-3,-1,-2,8,0,-0.4
"3223","Blue","Red","Blue","Blue",15,4,4,4,1,16201,6.4,15667,204,47,-468,-1886,18,4,8,10,0,16669,6.8,17553,210,51,1,-3,0,-4,-6,-6,-4,-0.399999999999999
"3224","Red","Red","Red","Red",12,4,5,6,0,15622,6.6,16556,200,43,-3909,-2136,17,3,10,8,2,19531,7.2,18692,222,49,-2,-5,1,-5,-2,-22,-6,-0.600000000000001
"3225","Red","Blue","Neither","Blue",19,1,7,8,0,17575,6.4,17019,209,41,961,-973,16,2,6,8,0,16614,7,17992,208,54,0,3,-1,1,0,1,-13,-0.6
"3226","Blue","Blue","Neither","Red",21,1,5,8,0,16408,7,18014,228,42,-2936,-1305,18,2,10,17,0,19344,7,19319,232,68,0,3,-1,-5,-9,-4,-26,0
"3227","Blue","Blue","Red","Blue",16,2,9,13,0,18073,7.4,19907,221,57,1766,1606,40,1,7,11,0,16307,6.8,18301,198,48,0,-24,1,2,2,23,9,0.600000000000001
"3228","Blue","Red","Neither","Red",49,2,4,4,0,15370,6.6,17168,200,72,-2929,-1515,18,2,9,13,0,18299,7,18683,217,62,0,31,0,-5,-9,-17,10,-0.4
"3229","Red","Neither","Red","Blue",20,2,2,1,0,14659,6.8,17566,235,45,-1944,-1062,16,1,4,4,0,16603,7,18628,240,62,0,4,1,-2,-3,-5,-17,-0.2
"3230","Red","Red","Neither","Red",19,0,11,10,1,18855,7,18139,180,44,3164,287,18,0,5,1,0,15691,7,17852,206,64,1,1,0,6,9,-26,-20,0
"3231","Red","Red","Neither","Red",10,3,2,2,0,14695,6.8,16864,230,42,-1947,-2097,18,3,5,6,0,16642,7.2,18961,255,54,0,-8,0,-3,-4,-25,-12,-0.4
"3232","Red","Red","Blue","Red",14,1,6,7,1,17927,6.8,18100,213,45,396,-1813,36,2,7,8,0,17531,7.4,19913,229,73,1,-22,-1,-1,-1,-16,-28,-0.600000000000001
"3233","Blue","Blue","Red","Blue",17,2,5,5,0,16326,7,18135,217,60,1697,293,11,1,2,2,0,14629,6.6,17842,246,40,0,6,1,3,3,-29,20,0.4
"3234","Blue","Blue","Neither","Blue",24,1,12,13,0,18552,6.6,17072,207,44,4845,2789,13,3,4,4,0,13707,6,14283,183,30,0,11,-2,8,9,24,14,0.6
"3235","Blue","Blue","Neither","Red",42,2,7,3,0,16669,7,18607,226,57,3370,4484,14,3,2,2,0,13299,6,14123,194,28,0,28,-1,5,1,32,29,1
"3236","Red","Neither","Neither","Red",20,0,6,8,0,15304,6.4,15933,175,40,-5191,-3819,13,4,13,15,0,20495,7.2,19752,229,49,0,7,-4,-7,-7,-54,-9,-0.8
"3237","Red","Neither","Neither","Red",20,4,5,6,0,15242,6.6,16792,198,45,-3024,-1285,40,3,6,3,1,18266,7,18077,236,48,-1,-20,1,-1,3,-38,-3,-0.4
"3238","Red","Red","Blue","Red",11,2,2,5,0,14237,6.6,17344,178,73,-2114,-1121,15,3,3,5,0,16351,7,18465,248,64,0,-4,-1,-1,0,-70,9,-0.4
"3239","Red","Red","Neither","Blue",26,3,3,4,0,14280,6.2,15054,190,45,-3555,-3207,15,1,9,10,0,17835,7,18261,220,43,0,11,2,-6,-6,-30,2,-0.8
"3240","Blue","Red","Neither","Blue",18,1,9,15,0,18809,7,18415,225,39,2309,1211,15,1,8,8,0,16500,7,17204,185,55,0,3,0,1,7,40,-16,0
"3241","Red","Neither","Blue","Red",14,6,0,0,0,14238,6.8,16667,234,48,-2554,-2576,15,1,6,11,0,16792,7,19243,225,52,0,-1,5,-6,-11,9,-4,-0.2
"3242","Red","Blue","Neither","Blue",18,3,4,5,0,15101,6.8,17275,205,53,-654,-97,15,3,5,10,0,15755,7,17372,212,48,0,3,0,-1,-5,-7,5,-0.2
"3243","Blue","Neither","Blue","Blue",34,6,8,11,0,18237,7.4,19105,221,57,4824,2940,19,1,1,2,0,13413,6.4,16165,179,55,0,15,5,7,9,42,2,1
"3244","Blue","Blue","Red","Blue",17,2,8,5,2,19820,7.2,19369,247,63,6883,5337,13,1,1,1,0,12937,6,14032,179,37,2,4,1,7,4,68,26,1.2
"3245","Red","Blue","Red","Red",15,2,9,9,0,16884,6.4,17197,193,55,-968,-3,17,3,8,6,0,17852,6.8,17200,210,45,0,-2,-1,1,3,-17,10,-0.399999999999999
"3246","Red","Blue","Neither","Red",23,1,6,7,0,15880,6.6,16941,204,45,-4526,-2062,18,2,14,23,0,20406,7,19003,201,49,0,5,-1,-8,-16,3,-4,-0.4
"3247","Red","Red","Neither","Red",45,4,4,3,0,15430,6.8,18275,240,53,-2850,-832,16,7,9,7,0,18280,7.4,19107,235,48,0,29,-3,-5,-4,5,5,-0.600000000000001
"3248","Red","Red","Red","Red",11,1,2,2,0,14258,7,17644,216,56,-2760,-1872,17,1,5,6,0,17018,7.2,19516,248,57,0,-6,0,-3,-4,-32,-1,-0.2
"3249","Blue","Red","Neither","Red",20,0,0,0,0,14849,7,17923,249,68,-2145,-1335,17,4,5,7,0,16994,7.4,19258,245,68,0,3,-4,-5,-7,4,0,-0.4
"3250","Blue","Neither","Red","Blue",13,1,7,6,0,17023,6.8,17502,198,37,1202,-535,13,4,7,5,0,15821,7,18037,180,46,0,0,-3,0,1,18,-9,-0.2
"3251","Blue","Red","Neither","Blue",19,4,12,9,0,19143,7.4,20064,243,36,3469,3684,18,3,5,8,0,15674,6.6,16380,199,47,0,1,1,7,1,44,-11,0.800000000000001
"3252","Red","Red","Neither","Red",50,1,5,4,0,15620,7,17968,214,63,-1083,-127,23,5,6,10,0,16703,7,18095,218,40,0,27,-4,-1,-6,-4,23,0
"3253","Blue","Blue","Neither","Blue",18,3,8,11,0,18623,7.2,17867,229,60,914,34,13,2,8,9,0,17709,7,17833,237,42,0,5,1,0,2,-8,18,0.2
"3254","Blue","Red","Neither","Red",15,3,5,5,0,16564,7,18605,222,63,1436,1597,14,4,3,5,0,15128,6.8,17008,221,52,0,1,-1,2,0,1,11,0.2
"3255","Blue","Blue","Neither","Red",16,3,11,16,0,18421,7.2,18519,232,44,2256,725,16,3,7,7,0,16165,6.8,17794,222,35,0,0,0,4,9,10,9,0.4
"3256","Red","Red","Blue","Blue",34,1,7,8,0,17364,7,18990,215,68,1206,1055,15,1,5,4,0,16158,7,17935,248,49,0,19,0,2,4,-33,19,0
"3257","Blue","Blue","Neither","Red",37,1,8,14,0,16749,7,17759,174,56,243,-276,20,2,7,1,0,16506,6.8,18035,227,51,0,17,-1,1,13,-53,5,0.2
"3258","Red","Neither","Neither","Red",15,5,9,9,0,17987,6.8,17683,209,41,-368,-612,17,2,10,11,0,18355,7.2,18295,236,54,0,-2,3,-1,-2,-27,-13,-0.4
"3259","Red","Blue","Neither","Blue",14,1,6,4,0,16103,6.8,18017,220,40,-90,-739,14,3,7,5,0,16193,7.2,18756,205,37,0,0,-2,-1,-1,15,3,-0.4
"3260","Blue","Neither","Neither","Blue",19,3,10,12,0,18384,7.2,18718,226,52,1717,1335,17,2,6,10,0,16667,6.8,17383,229,43,0,2,1,4,2,-3,9,0.4
"3261","Blue","Neither","Blue","Blue",16,1,9,14,0,17465,6.6,17463,211,40,875,276,13,2,7,7,0,16590,6.6,17187,183,44,0,3,-1,2,7,28,-4,0
"3262","Red","Red","Neither","Red",15,0,6,8,0,15591,6.6,16788,204,35,-2322,-2808,15,1,9,7,0,17913,7.2,19596,216,60,0,0,-1,-3,1,-12,-25,-0.600000000000001
"3263","Blue","Red","Neither","Blue",19,4,3,2,0,15391,6.6,17387,232,41,1343,1089,17,3,2,1,0,14048,6.4,16298,218,48,0,2,1,1,1,14,-7,0.199999999999999
"3264","Red","Red","Neither","Red",9,1,2,2,0,14953,6.8,17850,228,52,-3084,-1719,15,3,9,9,0,18037,7.4,19569,258,56,0,-6,-2,-7,-7,-30,-4,-0.600000000000001
"3265","Blue","Blue","Neither","Red",14,4,5,11,0,16640,7,18989,247,63,1964,1416,17,1,2,1,0,14676,7,17573,215,58,0,-3,3,3,10,32,5,0
"3266","Blue","Blue","Neither","Red",16,3,3,4,0,15501,7,17414,245,40,-257,-180,55,2,5,7,0,15758,6.8,17594,199,52,0,-39,1,-2,-3,46,-12,0.2
"3267","Red","Blue","Neither","Blue",17,4,11,12,0,18891,7.2,19302,235,50,3024,1980,38,5,6,5,0,15867,7,17322,185,59,0,-21,-1,5,7,50,-9,0.2
"3268","Blue","Blue","Neither","Blue",17,1,6,4,0,16999,7.2,18661,232,66,-647,543,14,3,8,11,0,17646,6.8,18118,226,46,0,3,-2,-2,-7,6,20,0.4
"3269","Blue","Neither","Neither","Red",34,2,11,11,0,18291,7,18744,195,42,939,1327,16,1,8,9,0,17352,7,17417,209,40,0,18,1,3,2,-14,2,0
"3270","Red","Red","Red","Red",16,2,1,1,0,14588,7,18059,234,57,-1159,-73,25,2,4,4,0,15747,7.2,18132,243,53,0,-9,0,-3,-3,-9,4,-0.2
"3271","Blue","Blue","Neither","Blue",36,4,6,4,0,16432,7.4,18849,208,59,2390,1778,15,5,2,1,0,14042,6.6,17071,219,48,0,21,-1,4,3,-11,11,0.800000000000001
"3272","Red","Red","Blue","Blue",16,2,5,3,0,16199,6.8,17974,216,52,-2482,-2515,14,3,10,13,0,18681,7.4,20489,219,60,0,2,-1,-5,-10,-3,-8,-0.600000000000001
"3273","Blue","Blue","Neither","Red",47,3,10,12,0,17342,7,17885,179,48,-447,-955,13,0,8,5,0,17789,7.2,18840,206,44,0,34,3,2,7,-27,4,-0.2
"3274","Red","Red","Blue","Blue",17,5,3,4,0,16247,7,19000,257,56,1351,940,25,3,1,0,0,14896,7,18060,269,60,0,-8,2,2,4,-12,-4,0
"3275","Blue","Blue","Red","Blue",30,4,8,4,0,17038,7.2,18971,233,60,1530,334,37,2,4,2,0,15508,6.8,18637,233,48,0,-7,2,4,2,0,12,0.4
"3276","Red","Red","Red","Blue",12,1,3,2,0,14607,6.8,17527,204,56,-2968,-2262,40,2,6,8,0,17575,7.6,19789,243,56,0,-28,-1,-3,-6,-39,0,-0.8
"3277","Red","Red","Neither","Blue",18,3,5,8,0,14839,6.8,16702,208,32,-2574,-1057,20,4,10,17,0,17413,7,17759,227,29,0,-2,-1,-5,-9,-19,3,-0.2
"3278","Blue","Red","Red","Blue",16,5,3,5,0,15142,7,17554,235,40,-1851,-1813,21,3,7,9,0,16993,7.2,19367,242,59,0,-5,2,-4,-4,-7,-19,-0.2
"3279","Red","Blue","Neither","Blue",17,3,8,10,0,17836,7.4,19239,235,67,840,145,16,2,4,3,0,16996,7,19094,263,68,0,1,1,4,7,-28,-1,0.4
"3280","Blue","Blue","Red","Red",17,11,6,6,0,16538,7.4,18750,231,52,-626,239,42,4,6,10,0,17164,6.8,18511,230,43,0,-25,7,0,-4,1,9,0.600000000000001
"3281","Blue","Blue","Neither","Blue",21,4,15,22,0,20558,7,18104,230,40,4230,1545,16,0,9,5,0,16328,6.8,16559,167,36,0,5,4,6,17,63,4,0.2
"3282","Blue","Blue","Neither","Blue",16,3,13,18,0,19813,7,18543,236,32,4173,1912,14,1,5,7,0,15640,6.6,16631,167,40,0,2,2,8,11,69,-8,0.4
"3283","Blue","Blue","Neither","Blue",16,2,14,11,0,18537,7.2,19024,200,48,1809,1633,15,1,6,5,0,16728,6.8,17391,193,64,0,1,1,8,6,7,-16,0.4
"3284","Blue","Blue","Blue","Blue",15,1,5,5,1,17806,7,18750,244,48,6304,5904,25,0,0,0,0,11502,5.4,12846,155,40,1,-10,1,5,5,89,8,1.6
"3285","Blue","Neither","Neither","Blue",18,17,13,11,0,20853,7.6,20248,270,43,5501,3548,43,0,5,7,0,15352,6.8,16700,188,48,0,-25,17,8,4,82,-5,0.8
"3286","Red","Neither","Red","Red",16,8,5,5,0,16441,7.2,19798,243,50,1218,1167,36,2,2,2,0,15223,7,18631,252,51,0,-20,6,3,3,-9,-1,0.2
"3287","Red","Red","Neither","Blue",13,3,4,5,0,15801,7.2,18475,206,65,-187,-361,17,2,4,3,0,15988,7.2,18836,251,66,0,-4,1,0,2,-45,-1,0
"3288","Red","Blue","Neither","Red",18,3,4,6,0,15871,6.8,17211,229,40,51,-1075,17,5,5,2,0,15820,7,18286,216,52,0,1,-2,-1,4,13,-12,-0.2
"3289","Red","Red","Neither","Blue",17,4,7,6,0,16199,6.6,16645,206,48,-811,-798,15,4,8,8,0,17010,6.8,17443,192,56,0,2,0,-1,-2,14,-8,-0.2
"3290","Red","Red","Red","Red",29,3,5,7,0,15831,6.6,17389,208,59,-2241,-1888,15,2,9,13,0,18072,7.2,19277,218,52,0,14,1,-4,-6,-10,7,-0.600000000000001
"3291","Red","Red","Neither","Red",17,1,2,1,0,14467,6.6,16928,215,48,-3794,-1962,16,2,8,11,0,18261,7.2,18890,234,76,0,1,-1,-6,-10,-19,-28,-0.600000000000001
"3292","Red","Blue","Red","Blue",16,3,6,12,0,17795,7,18362,228,63,426,917,18,2,10,15,0,17369,6.8,17445,194,40,0,-2,1,-4,-3,34,23,0.2
"3293","Blue","Blue","Red","Red",17,3,5,4,0,15832,7,18359,236,44,-1741,-1348,35,3,7,5,0,17573,7.4,19707,234,51,0,-18,0,-2,-1,2,-7,-0.4
"3294","Blue","Blue","Blue","Blue",17,2,13,9,0,18170,7,19022,191,49,3058,3283,13,4,5,6,0,15112,6.4,15739,189,46,0,4,-2,8,3,2,3,0.6
"3295","Red","Blue","Neither","Red",12,17,5,6,0,16196,7,18411,238,46,1106,1014,39,0,2,3,0,15090,6.8,17397,216,55,0,-27,17,3,3,22,-9,0.2
"3296","Red","Red","Red","Red",26,3,2,4,0,14680,7,17465,207,56,-1602,-1412,16,4,3,2,0,16282,7.2,18877,243,68,0,10,-1,-1,2,-36,-12,-0.2
"3297","Blue","Blue","Neither","Blue",13,2,9,8,0,17029,6.8,17944,201,43,569,-1349,17,1,6,3,0,16460,7,19293,204,60,0,-4,1,3,5,-3,-17,-0.2
"3298","Red","Neither","Neither","Red",15,2,3,4,0,14298,6.4,17567,228,40,-873,-736,15,4,3,2,0,15171,7,18303,238,51,0,0,-2,0,2,-10,-11,-0.6
"3299","Red","Red","Red","Red",12,2,1,0,0,14058,6.6,16535,214,64,-5327,-4636,14,2,10,10,1,19385,7.6,21171,234,57,-1,-2,0,-9,-10,-20,7,-1
"3300","Blue","Blue","Blue","Blue",20,1,8,11,0,17385,6.8,18040,221,56,2745,1478,16,3,4,6,0,14640,6.6,16562,203,37,0,4,-2,4,5,18,19,0.2
"3301","Blue","Red","Neither","Blue",17,4,11,10,0,19008,7.6,19915,235,42,2763,2019,13,3,7,6,0,16245,7,17896,216,43,0,4,1,4,4,19,-1,0.6
"3302","Red","Red","Neither","Blue",19,3,8,13,0,18038,7,18690,236,42,-22,86,15,4,9,8,0,18060,7,18604,214,60,0,4,-1,-1,5,22,-18,0
"3303","Blue","Red","Neither","Blue",16,2,6,3,0,16454,7,18902,228,63,1510,1545,13,0,3,2,0,14944,7,17357,222,60,0,3,2,3,1,6,3,0
"3304","Blue","Blue","Neither","Blue",18,2,11,9,0,18313,7,17999,214,40,1099,-673,14,3,9,6,0,17214,6.8,18672,178,60,0,4,-1,2,3,36,-20,0.2
"3305","Blue","Neither","Neither","Blue",15,4,6,7,0,17057,6.8,17917,243,50,2019,138,15,1,3,6,0,15038,6.8,17779,209,61,0,0,3,3,1,34,-11,0
"3306","Red","Neither","Red","Blue",29,3,4,5,0,15046,6.8,17088,214,36,-4939,-3731,16,2,11,16,0,19985,7.6,20819,251,69,0,13,1,-7,-11,-37,-33,-0.8
"3307","Red","Red","Neither","Red",12,3,3,5,0,14455,6.6,16461,199,48,-2471,-2179,16,0,6,4,0,16926,6.8,18640,249,48,0,-4,3,-3,1,-50,0,-0.2
"3308","Blue","Neither","Neither","Blue",15,7,11,12,0,18480,6.8,17912,201,42,2532,1229,14,3,5,10,0,15948,6.6,16683,203,51,0,1,4,6,2,-2,-9,0.2
"3309","Blue","Neither","Neither","Red",15,3,12,11,0,19153,7,18170,217,40,1249,1879,130,3,9,12,1,17904,6.4,16291,177,44,-1,-115,0,3,-1,40,-4,0.6
"3310","Blue","Blue","Neither","Blue",18,4,5,5,0,16688,7.2,18714,226,60,859,128,14,3,4,5,0,15829,7,18586,242,36,0,4,1,1,0,-16,24,0.2
"3311","Red","Red","Neither","Red",30,5,6,6,0,15567,6.6,16972,167,47,-1737,-776,25,2,8,6,0,17304,7,17748,245,52,0,5,3,-2,0,-78,-5,-0.4
"3312","Blue","Blue","Neither","Blue",15,1,3,3,0,15429,6.8,18375,218,64,1453,1251,12,1,0,0,0,13976,6.6,17124,231,64,0,3,0,3,3,-13,0,0.2
"3313","Blue","Red","Blue","Red",13,0,9,10,0,17491,7,18181,194,74,616,43,15,2,6,5,0,16875,6.8,18138,253,36,0,-2,-2,3,5,-59,38,0.2
"3314","Red","Blue","Red","Blue",19,3,9,15,0,17679,6.8,17322,222,32,363,-1888,34,2,6,7,0,17316,7.2,19210,230,79,0,-15,1,3,8,-8,-47,-0.4
"3315","Blue","Blue","Neither","Red",11,4,8,9,0,17397,7.2,19011,244,52,2598,4512,23,0,4,7,0,14799,5.8,14499,186,49,0,-12,4,4,2,58,3,1.4
"3316","Red","Neither","Neither","Red",13,2,7,11,0,14416,5.2,11286,90,30,-5253,-5281,16,1,14,19,0,19669,6.6,16567,203,44,0,-3,1,-7,-8,-113,-14,-1.4
"3317","Red","Red","Neither","Red",20,1,7,10,0,16820,6.8,16714,202,40,-2234,-3264,11,5,11,15,0,19054,7.2,19978,209,63,0,9,-4,-4,-5,-7,-23,-0.4
"3318","Blue","Red","Red","Blue",16,3,6,5,0,15659,6.8,17407,211,47,-127,-445,16,4,4,6,0,15786,6.8,17852,209,64,0,0,-1,2,-1,2,-17,0
"3319","Blue","Neither","Neither","Blue",18,1,10,6,1,19353,6.8,18423,223,60,3458,3204,13,4,8,13,0,15895,6.2,15219,163,48,1,5,-3,2,-7,60,12,0.6
"3320","Red","Red","Neither","Blue",18,2,11,13,0,17794,7.2,18646,211,39,337,-260,13,4,9,7,0,17457,7,18906,218,56,0,5,-2,2,6,-7,-17,0.2
"3321","Blue","Blue","Neither","Blue",17,3,7,2,0,16443,6.8,17912,228,48,-1041,-661,13,3,8,9,0,17484,7,18573,216,47,0,4,0,-1,-7,12,1,-0.2
"3322","Blue","Neither","Neither","Blue",15,2,7,9,0,17773,7.6,20821,242,67,2421,3009,38,2,2,2,0,15352,7,17812,221,64,0,-23,0,5,7,21,3,0.6
"3323","Blue","Blue","Neither","Red",10,3,6,5,0,14996,6.8,17677,181,60,-4822,-2537,16,3,13,15,0,19818,7.4,20214,249,44,0,-6,0,-7,-10,-68,16,-0.600000000000001
"3324","Red","Blue","Red","Red",16,2,5,3,0,15803,7,18061,217,73,-2994,-1007,13,1,9,12,0,18797,7.2,19068,248,67,0,3,1,-4,-9,-31,6,-0.2
"3325","Blue","Red","Neither","Red",48,1,6,8,0,16241,7,18864,211,60,-1539,-601,24,1,9,9,0,17780,7.2,19465,249,52,0,24,0,-3,-1,-38,8,-0.2
"3326","Blue","Blue","Neither","Red",12,4,11,11,0,17774,7,18440,180,49,-76,1386,19,0,9,9,0,17850,6.8,17054,190,60,0,-7,4,2,2,-10,-11,0.2
"3327","Red","Red","Neither","Red",40,4,6,4,0,15823,7,18209,214,52,-1482,256,17,3,6,8,0,17305,6.8,17953,247,62,0,23,1,0,-4,-33,-10,0.2
"3328","Blue","Neither","Neither","Blue",19,3,10,7,0,17684,7.4,19113,224,35,3847,2027,13,3,0,0,0,13837,6.8,17086,217,53,0,6,0,10,7,7,-18,0.600000000000001
"3329","Red","Neither","Neither","Blue",17,2,8,5,0,17898,7.2,18482,247,57,3044,1775,14,4,4,2,0,14854,6.8,16707,213,36,0,3,-2,4,3,34,21,0.4
"3330","Blue","Blue","Blue","Blue",11,0,3,3,0,15562,6.8,16991,222,52,-1176,-1838,16,2,5,9,0,16738,7,18829,201,68,0,-5,-2,-2,-6,21,-16,-0.2
"3331","Red","Red","Neither","Red",38,1,3,4,0,14881,6.6,17401,196,48,-1659,-1134,12,3,4,5,0,16540,7.2,18535,248,63,0,26,-2,-1,-1,-52,-15,-0.600000000000001
"3332","Blue","Blue","Blue","Red",16,2,5,9,0,16636,7,19367,246,64,2547,1517,15,1,2,0,0,14089,6.8,17850,215,56,0,1,1,3,9,31,8,0.2
"3333","Blue","Red","Neither","Blue",20,3,7,5,0,16396,7.2,18362,209,36,-389,-29,13,2,8,10,0,16785,7,18391,213,51,0,7,1,-1,-5,-4,-15,0.2
"3334","Red","Neither","Red","Red",16,5,3,4,0,15396,6.6,16586,218,36,-1193,-843,21,3,7,7,0,16589,6.8,17429,238,36,0,-5,2,-4,-3,-20,0,-0.2
"3335","Blue","Red","Blue","Blue",16,3,11,7,0,18164,7,18492,198,52,-640,403,12,1,11,14,0,18804,7,18089,204,50,0,4,2,0,-7,-6,2,0
"3336","Blue","Neither","Neither","Red",13,3,11,17,0,17774,6.6,17519,193,42,74,-513,15,2,9,10,0,17700,6.8,18032,221,52,0,-2,1,2,7,-28,-10,-0.2
"3337","Red","Red","Neither","Red",17,3,6,8,0,16990,7,18051,244,50,1954,1045,15,3,4,3,0,15036,6.8,17006,225,40,0,2,0,2,5,19,10,0.2
"3338","Blue","Blue","Neither","Blue",18,0,6,6,0,16508,7,18539,228,44,646,407,16,1,2,2,0,15862,6.8,18132,238,57,0,2,-1,4,4,-10,-13,0.2
"3339","Red","Red","Neither","Red",16,3,3,1,0,15533,6.8,18287,244,66,-1585,-280,19,2,6,10,0,17118,7,18567,256,60,0,-3,1,-3,-9,-12,6,-0.2
"3340","Blue","Blue","Neither","Blue",16,3,4,5,0,15391,7,17937,191,64,46,970,17,4,3,2,0,15345,6.8,16967,236,52,0,-1,-1,1,3,-45,12,0.2
"3341","Blue","Neither","Red","Blue",16,4,2,3,0,15076,6.4,16299,196,51,-426,-2349,14,2,3,3,0,15502,6.8,18648,218,64,0,2,2,-1,0,-22,-13,-0.399999999999999
"3342","Blue","Red","Red","Blue",18,5,7,6,0,16119,6.6,16658,217,41,-524,-1029,23,5,7,8,0,16643,6.8,17687,190,50,0,-5,0,0,-2,27,-9,-0.2
"3343","Red","Red","Neither","Blue",14,1,2,2,0,14377,7,17408,194,55,-3773,-3783,14,1,7,8,0,18150,7.8,21191,258,52,0,0,0,-5,-6,-64,3,-0.8
"3344","Blue","Red","Red","Red",17,2,3,0,0,13958,6.6,17193,176,62,-4738,-2857,13,6,7,4,0,18696,7.4,20050,264,66,0,4,-4,-4,-4,-88,-4,-0.800000000000001
"3345","Blue","Blue","Neither","Blue",21,2,13,8,0,18834,6.8,17602,203,56,1059,1185,19,4,11,12,0,17775,6.4,16417,182,44,0,2,-2,2,-4,21,12,0.399999999999999
"3346","Blue","Blue","Neither","Blue",15,4,10,6,0,17895,7,18393,208,45,2330,1713,13,4,7,7,0,15565,6.6,16680,204,31,0,2,0,3,-1,4,14,0.4
"3347","Blue","Neither","Neither","Red",46,4,6,4,0,16526,7,18436,215,60,434,740,15,2,7,3,0,16092,7,17696,226,37,0,31,2,-1,1,-11,23,0
"3348","Red","Red","Neither","Red",16,2,8,9,0,16075,6.8,17316,200,45,-1778,-1128,19,5,9,10,0,17853,7,18444,208,50,0,-3,-3,-1,-1,-8,-5,-0.2
"3349","Red","Red","Blue","Red",12,3,9,10,2,18947,6.8,17963,215,36,412,-655,18,3,10,13,0,18535,7.2,18618,241,50,2,-6,0,-1,-3,-26,-14,-0.4
"3350","Red","Red","Neither","Red",17,3,3,2,0,15137,6.6,16725,214,56,-2645,-1869,60,1,10,7,0,17782,7.2,18594,225,48,0,-43,2,-7,-5,-11,8,-0.600000000000001
"3351","Red","Neither","Neither","Blue",19,3,5,5,0,16157,6.8,17603,240,28,804,365,14,2,4,4,0,15353,7,17238,206,52,0,5,1,1,1,34,-24,-0.2
"3352","Red","Red","Neither","Red",20,2,4,2,0,15152,6.8,17748,229,48,-619,190,15,6,6,13,0,15771,6.6,17558,188,50,0,5,-4,-2,-11,41,-2,0.2
"3353","Blue","Red","Neither","Blue",19,5,8,8,0,17041,6.8,17082,227,47,2263,1326,19,5,4,5,0,14778,6.4,15756,179,55,0,0,0,4,3,48,-8,0.399999999999999
"3354","Blue","Blue","Neither","Blue",19,2,6,7,0,16742,7.4,19873,236,49,2805,2599,15,2,0,0,0,13937,6.6,17274,254,56,0,4,0,6,7,-18,-7,0.800000000000001
"3355","Red","Blue","Neither","Blue",12,4,4,3,0,15660,7,17755,246,52,-2392,-2503,21,1,6,7,0,18052,7.4,20258,266,68,0,-9,3,-2,-4,-20,-16,-0.4
"3356","Blue","Red","Neither","Blue",16,1,6,5,0,16298,7,19052,229,56,823,1225,13,4,3,3,0,15475,6.8,17827,235,52,0,3,-3,3,2,-6,4,0.2
"3357","Blue","Blue","Red","Blue",30,3,4,5,0,15860,7.2,18449,228,63,-1160,-12,145,2,7,9,0,17020,7,18461,203,48,0,-115,1,-3,-4,25,15,0.2
"3358","Blue","Blue","Red","Blue",18,2,6,3,0,15809,7.2,18321,239,53,-1065,502,15,5,8,8,0,16874,7,17819,235,44,0,3,-3,-2,-5,4,9,0.2
"3359","Blue","Red","Neither","Red",18,4,13,18,0,19470,7.4,20453,243,51,6297,5777,16,4,2,1,0,13173,6,14676,189,42,0,2,0,11,17,54,9,1.4
"3360","Red","Blue","Blue","Blue",18,1,15,22,0,19660,7,17870,186,71,5255,2255,16,0,4,4,0,14405,6.2,15615,183,36,0,2,1,11,18,3,35,0.8
"3361","Red","Neither","Neither","Red",16,0,2,4,0,13631,6.6,15864,175,52,-5167,-3200,12,1,9,7,0,18798,7.4,19064,234,44,0,4,-1,-7,-3,-59,8,-0.800000000000001
"3362","Blue","Neither","Neither","Red",58,2,8,11,0,16748,6.8,17343,209,41,873,215,143,2,5,5,0,15875,7,17128,235,48,0,-85,0,3,6,-26,-7,-0.2
"3363","Red","Red","Neither","Red",34,1,1,0,0,14434,6.8,17904,221,67,-920,-451,16,10,3,3,0,15354,6.8,18355,230,48,0,18,-9,-2,-3,-9,19,0
"3364","Blue","Neither","Neither","Blue",13,2,5,5,0,16287,7,16978,235,38,1099,-622,12,1,5,4,0,15188,6.8,17600,183,51,0,1,1,0,1,52,-13,0.2
"3365","Red","Blue","Red","Red",15,6,4,3,0,15102,6.6,16371,201,59,-3465,-897,20,6,8,11,1,18567,6.6,17268,253,28,-1,-5,0,-4,-8,-52,31,0
"3366","Blue","Blue","Blue","Blue",16,6,4,4,0,15492,7,18241,212,56,1412,737,15,2,1,0,0,14080,6.8,17504,236,52,0,1,4,3,4,-24,4,0.2
"3367","Blue","Blue","Neither","Red",16,4,4,3,0,14554,6.8,16715,198,44,-2814,-2772,17,0,6,5,0,17368,7.4,19487,228,64,0,-1,4,-2,-2,-30,-20,-0.600000000000001
"3368","Blue","Red","Neither","Red",16,4,4,5,0,15403,6.8,17661,216,43,-1636,-2200,15,3,6,5,0,17039,7.2,19861,245,60,0,1,1,-2,0,-29,-17,-0.4
"3369","Red","Red","Red","Red",42,5,0,0,0,13024,6.6,15869,192,48,-4912,-4457,19,8,9,5,0,17936,7.4,20326,251,51,0,23,-3,-9,-5,-59,-3,-0.800000000000001
"3370","Blue","Blue","Red","Red",20,4,5,7,0,15799,6.8,17838,242,35,-1827,-1102,18,5,7,10,0,17626,7,18940,243,48,0,2,-1,-2,-3,-1,-13,-0.2
"3371","Red","Red","Blue","Red",14,1,7,8,0,17127,7,17974,243,45,-373,-212,19,2,8,10,0,17500,7,18186,229,47,0,-5,-1,-1,-2,14,-2,0
"3372","Blue","Blue","Blue","Blue",15,1,9,10,0,17208,7.2,18913,201,53,423,1071,12,1,7,7,0,16785,7,17842,222,46,0,3,0,2,3,-21,7,0.2
"3373","Blue","Neither","Neither","Red",14,4,8,17,0,16860,6.2,15585,183,44,-91,-2362,18,2,7,7,0,16951,6.8,17947,204,48,0,-4,2,1,10,-21,-4,-0.6
"3374","Red","Red","Neither","Red",18,2,9,12,0,18082,6.8,17805,215,37,-1097,-674,12,5,13,18,0,19179,7,18479,204,54,0,6,-3,-4,-6,11,-17,-0.2
"3375","Red","Red","Red","Blue",16,6,4,5,0,14813,6,14354,198,20,-5062,-5699,21,7,16,22,0,19875,7.4,20053,250,45,0,-5,-1,-12,-17,-52,-25,-1.4
"3376","Blue","Neither","Neither","Red",15,3,8,14,0,17989,7,18476,254,48,267,427,20,3,7,11,0,17722,7,18049,219,60,0,-5,0,1,3,35,-12,0
"3377","Blue","Red","Neither","Blue",13,8,6,9,0,15815,6.6,16506,206,40,-1053,-2759,37,3,7,7,0,16868,7.4,19265,247,43,0,-24,5,-1,2,-41,-3,-0.800000000000001
"3378","Blue","Blue","Neither","Red",22,2,8,12,0,17991,7.4,19538,219,60,2664,3273,16,5,5,7,0,15327,6.6,16265,187,40,0,6,-3,3,5,32,20,0.800000000000001
"3379","Red","Red","Neither","Blue",16,2,8,5,0,16560,6.8,17640,200,47,-1611,-1380,19,4,9,9,0,18171,7.2,19020,209,56,0,-3,-2,-1,-4,-9,-9,-0.4
"3380","Red","Red","Red","Red",13,0,4,5,0,15260,7,17619,191,59,323,701,89,2,3,0,0,14937,6.6,16918,212,52,0,-76,-2,1,5,-21,7,0.4
"3381","Red","Neither","Neither","Blue",16,3,2,1,0,13544,6.2,15367,206,18,-5820,-4066,15,2,10,8,0,19364,7.2,19433,255,77,0,1,1,-8,-7,-49,-59,-1
"3382","Blue","Red","Neither","Red",39,2,4,4,0,15462,7.2,18980,239,55,-1870,-71,20,2,6,6,0,17332,7.2,19051,238,60,0,19,0,-2,-2,1,-5,0
"3383","Red","Blue","Neither","Blue",15,5,3,2,0,15000,6.6,16731,221,51,-3761,-2552,31,2,9,7,0,18761,7.2,19283,225,48,0,-16,3,-6,-5,-4,3,-0.600000000000001
"3384","Blue","Red","Blue","Blue",16,7,6,6,0,16399,7.4,18784,235,62,2036,2773,177,2,2,2,0,14363,6.6,16011,221,48,0,-161,5,4,4,14,14,0.800000000000001
"3385","Red","Neither","Neither","Red",19,0,5,1,0,14594,6.8,17746,184,47,-1087,-108,15,1,5,3,0,15681,7,17854,220,52,0,4,-1,0,-2,-36,-5,-0.2
"3386","Blue","Neither","Blue","Blue",17,2,13,10,1,21046,7.4,19706,250,45,7995,4733,15,0,2,0,0,13051,6.4,14973,179,49,1,2,2,11,10,71,-4,1
"3387","Red","Blue","Red","Red",14,3,4,5,0,15382,7,17876,218,56,-1182,-944,18,1,6,4,0,16564,7,18820,207,54,0,-4,2,-2,1,11,2,0
"3388","Blue","Neither","Neither","Red",12,2,5,8,0,16095,6.8,17192,222,50,-1905,-2185,13,0,9,12,0,18000,7.2,19377,217,64,0,-1,2,-4,-4,5,-14,-0.4
"3389","Red","Red","Red","Red",11,4,3,1,0,14863,6.8,17880,222,59,-3630,668,20,2,10,15,0,18493,6.8,17212,216,50,0,-9,2,-7,-14,6,9,0
"3390","Red","Red","Neither","Red",13,2,10,9,0,17668,7.2,18625,194,43,-788,-203,35,1,9,18,0,18456,7,18828,185,68,0,-22,1,1,-9,9,-25,0.2
"3391","Red","Red","Red","Red",13,6,6,6,0,16420,6.6,16281,223,40,-3593,-3086,21,2,13,12,0,20013,7.4,19367,229,60,0,-8,4,-7,-6,-6,-20,-0.800000000000001
"3392","Blue","Neither","Neither","Red",25,2,7,8,0,17194,7,18161,233,39,633,-944,19,1,7,5,0,16561,7.2,19105,202,54,0,6,1,0,3,31,-15,-0.2
"3393","Blue","Red","Neither","Blue",19,2,13,9,0,19529,7.2,19763,204,36,3476,2025,35,4,7,5,0,16053,7,17738,182,45,0,-16,-2,6,4,22,-9,0.2
"3394","Blue","Blue","Neither","Red",19,1,9,11,0,17762,7,18599,233,32,849,794,39,2,7,8,0,16913,6.8,17805,200,56,0,-20,-1,2,3,33,-24,0.2
"3395","Blue","Red","Neither","Blue",15,0,5,4,0,16987,7.2,18495,255,44,1153,-5,12,1,4,6,0,15834,7.2,18500,241,56,0,3,-1,1,-2,14,-12,0
"3396","Blue","Red","Neither","Blue",15,1,7,7,0,16985,7.2,18420,248,32,992,393,14,1,4,5,0,15993,6.6,18027,229,65,0,1,0,3,2,19,-33,0.600000000000001
"3397","Red","Red","Neither","Red",17,3,2,4,0,14845,6.4,16713,236,49,-3193,-2101,120,3,8,14,0,18038,7.2,18814,207,61,0,-103,0,-6,-10,29,-12,-0.8
"3398","Red","Red","Neither","Red",19,2,11,10,0,18174,6.8,17137,222,34,-787,-926,17,5,11,16,0,18961,6.6,18063,225,40,0,2,-3,0,-6,-3,-6,0.2
"3399","Blue","Blue","Neither","Blue",15,3,7,7,0,17120,7,18447,205,55,860,284,16,2,6,8,0,16260,7.2,18163,200,48,0,-1,1,1,-1,5,7,-0.2
"3400","Red","Blue","Neither","Blue",14,1,5,6,0,15776,6.8,16824,199,36,-400,-1311,17,1,7,6,0,16176,6.8,18135,217,43,0,-3,0,-2,0,-18,-7,0
"3401","Blue","Red","Neither","Red",22,4,5,6,0,17175,7,18994,264,51,-680,567,14,5,8,11,0,17855,7,18427,239,41,0,8,-1,-3,-5,25,10,0
"3402","Red","Red","Red","Blue",11,3,5,4,0,15656,6.6,16714,206,40,-1458,-618,23,2,10,11,0,17114,6.6,17332,193,45,0,-12,1,-5,-7,13,-5,0
"3403","Red","Blue","Neither","Blue",37,1,4,4,0,14867,7,17173,216,35,-2153,-2348,15,2,7,4,0,17020,7.2,19521,220,75,0,22,-1,-3,0,-4,-40,-0.2
"3404","Blue","Blue","Neither","Blue",12,1,7,5,0,17381,7,18938,232,57,1895,635,13,1,6,5,0,15486,7.2,18303,211,46,0,-1,0,1,0,21,11,-0.2
"3405","Blue","Blue","Blue","Blue",15,4,12,8,0,18821,7.4,20341,225,72,5301,5872,14,1,3,3,0,13520,6.4,14469,167,48,0,1,3,9,5,58,24,1
"3406","Red","Neither","Neither","Red",13,1,4,5,0,14459,6.8,17799,173,49,-2859,143,13,1,5,8,0,17318,7,17656,242,46,0,0,0,-1,-3,-69,3,-0.2
"3407","Red","Blue","Neither","Red",16,3,6,6,0,16654,7,18387,239,42,-959,-1002,88,2,9,12,0,17613,7,19389,211,48,0,-72,1,-3,-6,28,-6,0
"3408","Blue","Red","Red","Red",16,2,6,11,0,17438,7.2,18793,249,71,2152,1936,18,3,4,7,0,15286,6.8,16857,227,41,0,-2,-1,2,4,22,30,0.4
"3409","Blue","Red","Red","Blue",17,4,5,4,0,17431,7.2,18675,272,46,300,427,17,2,4,3,1,17131,7,18248,236,56,-1,0,2,1,1,36,-10,0.2
"3410","Blue","Blue","Neither","Blue",33,2,6,5,0,17327,7.4,19938,240,68,2060,1621,19,4,4,2,0,15267,7,18317,226,48,0,14,-2,2,3,14,20,0.4
"3411","Blue","Blue","Blue","Blue",14,1,7,5,1,17637,6.8,17342,196,56,-430,-1028,14,2,10,16,0,18067,7.2,18370,210,37,1,0,-1,-3,-11,-14,19,-0.4
"3412","Blue","Blue","Neither","Blue",17,1,6,4,0,16021,6.8,18021,199,48,-620,-384,14,5,8,9,0,16641,7.2,18405,217,44,0,3,-4,-2,-5,-18,4,-0.4
"3413","Blue","Blue","Neither","Blue",19,5,7,13,0,16997,6.8,17603,227,44,2107,1105,17,3,3,5,0,14890,6.6,16498,220,48,0,2,2,4,8,7,-4,0.2
"3414","Red","Blue","Red","Blue",14,2,5,7,0,15530,6.8,17375,220,60,-2141,-52,40,7,9,12,0,17671,6.8,17427,236,35,0,-26,-5,-4,-5,-16,25,0
"3415","Blue","Red","Neither","Red",19,5,2,2,0,14569,6.6,16380,234,52,-575,-1495,43,6,6,3,0,15144,7,17875,200,52,0,-24,-1,-4,-1,34,0,-0.4
"3416","Blue","Red","Neither","Red",16,2,7,7,0,17212,7,18257,225,60,559,-140,13,2,5,7,0,16653,7,18397,225,60,0,3,0,2,0,0,0,0
"3417","Red","Red","Neither","Blue",18,3,10,8,0,18494,7,19080,223,49,-790,-834,13,4,12,9,0,19284,7.2,19914,237,48,0,5,-1,-2,-1,-14,1,-0.2
"3418","Red","Red","Blue","Red",12,1,4,3,0,15632,6.8,17715,230,56,-2293,-1323,16,1,8,13,0,17925,7.2,19038,234,56,0,-4,0,-4,-10,-4,0,-0.4
"3419","Blue","Neither","Red","Red",20,6,5,4,0,17455,7.4,19749,254,79,2409,2186,12,4,3,4,0,15046,6.8,17563,239,45,0,8,2,2,0,15,34,0.600000000000001
"3420","Blue","Blue","Neither","Red",21,2,5,4,0,15716,7,18832,221,40,12,161,15,2,3,3,0,15704,6.8,18671,244,60,0,6,0,2,1,-23,-20,0.2
"3421","Blue","Blue","Blue","Blue",16,7,9,8,0,17577,7.4,20010,210,64,2812,2747,16,3,3,4,0,14765,6.8,17263,205,56,0,0,4,6,4,5,8,0.600000000000001
"3422","Blue","Blue","Neither","Blue",12,0,7,10,0,17822,7.2,19861,237,63,2435,1428,16,2,3,4,0,15387,6.8,18433,215,62,0,-4,-2,4,6,22,1,0.4
"3423","Red","Blue","Neither","Blue",18,1,5,6,0,15381,7,17703,211,51,759,657,15,6,1,0,0,14622,6.8,17046,245,50,0,3,-5,4,6,-34,1,0.2
"3424","Blue","Red","Red","Blue",16,1,5,7,0,15485,6.6,16891,201,46,-215,-546,12,2,7,8,0,15700,6.8,17437,170,56,0,4,-1,-2,-1,31,-10,-0.2
"3425","Blue","Red","Blue","Blue",16,7,6,5,0,16953,7.2,18804,238,64,1491,533,21,4,5,4,0,15462,7,18271,213,55,0,-5,3,1,1,25,9,0.2
"3426","Red","Neither","Neither","Red",12,2,2,0,0,13229,6.4,15040,177,46,-6460,-5383,14,4,14,11,0,19689,7.4,20423,233,44,0,-2,-2,-12,-11,-56,2,-1
"3427","Blue","Blue","Neither","Blue",48,4,4,5,0,16579,7.2,19488,249,65,-27,-649,23,10,5,5,0,16606,7.4,20137,246,72,0,25,-6,-1,0,3,-7,-0.2
"3428","Red","Red","Red","Red",15,4,5,5,0,15562,7.2,17777,219,44,-1151,-753,15,1,7,5,0,16713,7.2,18530,227,44,0,0,3,-2,0,-8,0,0
"3429","Blue","Red","Blue","Red",11,2,6,8,0,17192,7,18065,221,56,662,44,14,2,7,6,0,16530,6.8,18021,196,51,0,-3,0,-1,2,25,5,0.2
"3430","Blue","Neither","Blue","Blue",18,2,7,9,1,18764,7,18764,268,51,5121,2946,36,3,1,2,0,13643,6.4,15818,201,54,1,-18,-1,6,7,67,-3,0.6
"3431","Red","Red","Neither","Blue",12,2,4,2,0,15790,6.6,16879,215,45,-1876,-2154,17,0,9,10,0,17666,7.4,19033,208,60,0,-5,2,-5,-8,7,-15,-0.800000000000001
"3432","Blue","Blue","Neither","Blue",15,6,10,11,0,19380,7.2,19467,244,64,3844,2740,17,4,6,6,0,15536,6.4,16727,189,46,0,-2,2,4,5,55,18,0.8
"3433","Red","Neither","Red","Blue",16,3,6,8,0,16554,6.6,17192,215,49,-154,-193,16,2,7,9,0,16708,6.8,17385,218,48,0,0,1,-1,-1,-3,1,-0.2
"3434","Red","Neither","Neither","Red",17,2,3,4,0,14017,6.6,16680,185,54,-5089,-1828,13,3,9,10,0,19106,7,18508,245,52,0,4,-1,-6,-6,-60,2,-0.4
"3435","Red","Blue","Neither","Blue",15,1,14,14,0,20136,7.4,19337,225,43,4322,3830,16,1,6,8,0,15814,6.4,15507,186,33,0,-1,0,8,6,39,10,1
"3436","Blue","Blue","Neither","Blue",17,4,7,6,0,16717,7.2,18457,223,49,-450,-992,18,5,6,5,0,17167,7.2,19449,247,48,0,-1,-1,1,1,-24,1,0
"3437","Blue","Red","Blue","Blue",16,3,5,8,0,15927,6.6,17498,220,58,-412,-609,16,3,6,8,0,16339,6.6,18107,234,37,0,0,0,-1,0,-14,21,0
"3438","Red","Neither","Red","Red",17,2,6,8,0,15729,6.6,16459,186,30,-5830,-3608,17,4,14,14,1,21559,7.4,20067,225,56,-1,0,-2,-8,-6,-39,-26,-0.800000000000001
"3439","Red","Blue","Neither","Red",15,3,2,0,0,14814,7,17587,222,64,-3402,-1459,23,2,9,11,0,18216,7.4,19046,229,59,0,-8,1,-7,-11,-7,5,-0.4
"3440","Red","Blue","Neither","Blue",18,3,6,5,0,16610,7,18058,227,48,2044,378,16,1,2,2,0,14566,7,17680,220,54,0,2,2,4,3,7,-6,0
"3441","Blue","Blue","Blue","Blue",14,4,7,7,0,17588,7,18328,233,63,1219,292,15,2,6,10,0,16369,6.8,18036,216,45,0,-1,2,1,-3,17,18,0.2
"3442","Red","Blue","Neither","Red",30,3,6,4,0,16017,7.2,17471,208,51,1598,2478,17,2,4,6,0,14419,6.2,14993,194,34,0,13,1,2,-2,14,17,1
"3443","Red","Red","Red","Red",18,3,2,5,0,14851,6.6,17101,245,41,-1068,-17,14,1,5,7,0,15919,6.8,17118,212,46,0,4,2,-3,-2,33,-5,-0.2
"3444","Red","Blue","Blue","Blue",18,5,4,3,0,15420,6.8,17930,235,43,-2264,-1389,18,7,7,7,0,17684,7.4,19319,237,69,0,0,-2,-3,-4,-2,-26,-0.600000000000001
"3445","Blue","Red","Neither","Red",16,4,6,9,0,15476,6.6,16323,192,40,-963,-546,17,0,8,7,0,16439,6.6,16869,164,64,0,-1,4,-2,2,28,-24,0
"3446","Red","Red","Neither","Red",17,3,1,3,0,14463,6.8,18394,224,68,-2820,-1048,18,2,5,8,0,17283,7.4,19442,258,68,0,-1,1,-4,-5,-34,0,-0.600000000000001
"3447","Blue","Blue","Neither","Blue",15,5,9,15,0,17653,7.2,18042,218,40,1931,92,16,3,6,6,0,15722,7,17950,205,44,0,-1,2,3,9,13,-4,0.2
"3448","Red","Red","Red","Blue",18,2,3,1,0,15097,7.2,18396,218,65,-429,55,12,1,2,1,0,15526,7.2,18341,244,64,0,6,1,1,0,-26,1,0
"3449","Blue","Blue","Neither","Blue",19,2,6,2,0,16476,7,18421,238,64,-323,345,18,5,4,10,0,16799,7,18076,231,60,0,1,-3,2,-8,7,4,0
"3450","Blue","Blue","Neither","Blue",18,1,12,12,0,20136,7.8,20899,235,61,6290,4719,13,0,1,0,0,13846,6.4,16180,201,63,0,5,1,11,12,34,-2,1.4
"3451","Red","Red","Neither","Blue",11,3,2,3,0,14385,6.6,17383,216,49,-959,-1331,17,1,2,2,0,15344,7,18714,223,80,0,-6,2,0,1,-7,-31,-0.4
"3452","Red","Neither","Neither","Blue",32,3,6,4,0,16672,7,18758,231,52,-1112,311,16,0,9,8,0,17784,6.8,18447,211,36,0,16,3,-3,-4,20,16,0.2
"3453","Blue","Red","Neither","Red",16,6,6,7,0,17286,7.2,18839,222,61,431,625,13,2,9,7,0,16855,7,18214,193,43,0,3,4,-3,0,29,18,0.2
"3454","Red","Red","Neither","Blue",15,4,4,4,0,16385,7,18374,249,44,3001,1223,60,1,1,0,0,13384,6.8,17151,213,42,0,-45,3,3,4,36,2,0.2
"3455","Blue","Neither","Neither","Blue",16,2,9,7,0,16902,6.8,17878,207,49,1451,1154,14,2,6,7,0,15451,6.8,16724,199,44,0,2,0,3,0,8,5,0
"3456","Blue","Blue","Blue","Blue",56,3,8,11,0,17127,7.2,19195,221,56,2735,2319,15,3,2,2,0,14392,6.6,16876,208,56,0,41,0,6,9,13,0,0.600000000000001
"3457","Blue","Neither","Red","Blue",15,2,9,13,0,18383,7,18694,233,37,4152,1466,15,2,2,2,0,14231,7,17228,213,48,0,0,0,7,11,20,-11,0
"3458","Red","Red","Neither","Red",12,0,6,4,0,15475,6.4,15944,205,42,-2395,-3117,37,1,10,13,0,17870,7.2,19061,210,53,0,-25,-1,-4,-9,-5,-11,-0.8
"3459","Blue","Neither","Neither","Red",14,6,12,13,0,18950,7.4,18183,216,40,227,939,17,4,11,13,0,18723,6.8,17244,217,44,0,-3,2,1,0,-1,-4,0.600000000000001
"3460","Blue","Blue","Neither","Blue",20,4,7,11,0,16942,6.6,17249,214,48,3843,2831,12,3,0,0,0,13099,6.2,14418,191,46,0,8,1,7,11,23,2,0.399999999999999
"3461","Red","Red","Neither","Red",28,3,3,3,0,15423,7.2,18648,232,52,-2055,-860,18,2,7,10,0,17478,7.2,19508,258,52,0,10,1,-4,-7,-26,0,0
"3462","Red","Neither","Neither","Blue",14,2,10,10,0,18296,7,18788,208,52,1011,17,20,1,7,8,0,17285,7,18771,237,48,0,-6,1,3,2,-29,4,0
"3463","Red","Red","Neither","Red",17,3,6,6,0,15166,6.6,15761,162,44,-3865,-2920,21,2,13,17,0,19031,7,18681,204,52,0,-4,1,-7,-11,-42,-8,-0.4
"3464","Red","Neither","Red","Red",15,5,5,6,0,16230,6.8,18114,230,57,-1222,-125,20,2,8,9,0,17452,6.8,18239,221,36,0,-5,3,-3,-3,9,21,0
"3465","Blue","Blue","Neither","Blue",15,6,14,17,0,20005,7.4,20561,222,68,5201,4398,71,1,3,3,0,14804,6.6,16163,211,44,0,-56,5,11,14,11,24,0.800000000000001
"3466","Red","Neither","Neither","Blue",18,2,2,3,0,14485,6.6,17358,211,40,-953,-862,19,3,1,2,0,15438,7,18220,246,60,0,-1,-1,1,1,-35,-20,-0.4
"3467","Red","Blue","Neither","Red",36,1,2,3,0,15313,7,18483,221,66,496,1365,16,1,2,2,0,14817,6.8,17118,237,48,0,20,0,0,1,-16,18,0.2
"3468","Blue","Red","Neither","Blue",17,4,9,7,0,17147,7.2,19004,197,52,1412,1897,18,2,6,4,0,15735,6.8,17107,210,43,0,-1,2,3,3,-13,9,0.4
"3469","Red","Red","Neither","Red",15,3,5,4,0,16078,6.8,18042,217,60,-1408,-1192,12,5,7,12,0,17486,7,19234,245,58,0,3,-2,-2,-8,-28,2,-0.2
"3470","Red","Red","Neither","Red",46,2,4,5,0,14511,6.2,17013,193,52,-2246,-961,20,4,5,7,0,16757,7,17974,233,44,0,26,-2,-1,-2,-40,8,-0.8
"3471","Red","Blue","Neither","Blue",19,1,4,4,0,15224,6.6,17138,218,54,1168,481,15,2,1,0,0,14056,6.4,16657,231,48,0,4,-1,3,4,-13,6,0.199999999999999
"3472","Red","Red","Neither","Blue",40,3,7,7,0,15989,6.4,16090,179,32,-2662,-2170,16,3,10,16,0,18651,7,18260,204,43,0,24,0,-3,-9,-25,-11,-0.6
"3473","Blue","Red","Neither","Blue",15,5,7,10,0,17558,7.2,19554,251,51,2704,1740,16,2,1,1,0,14854,6.6,17814,224,72,0,-1,3,6,9,27,-21,0.600000000000001
"3474","Blue","Red","Neither","Blue",16,1,5,2,0,15215,6.6,16664,212,41,0,-368,37,1,4,5,0,15215,6.8,17032,197,55,0,-21,0,1,-3,15,-14,-0.2
"3475","Blue","Neither","Neither","Blue",15,4,4,2,0,14887,6.4,15841,209,38,-3088,-2028,17,2,9,12,0,17975,6.8,17869,203,39,0,-2,2,-5,-10,6,-1,-0.399999999999999
"3476","Red","Red","Neither","Red",14,2,2,1,0,14100,6.6,16725,204,48,-5508,-3521,14,1,12,15,0,19608,7.6,20246,239,56,0,0,1,-10,-14,-35,-8,-1
"3477","Blue","Blue","Neither","Red",17,4,7,7,0,17097,7,17368,199,62,1800,546,17,3,5,9,0,15297,6.6,16822,182,41,0,0,1,2,-2,17,21,0.4
"3478","Red","Red","Neither","Red",18,0,2,0,0,14082,6.6,16368,238,29,-3196,-1322,14,2,10,14,0,17278,6.8,17690,216,60,0,4,-2,-8,-14,22,-31,-0.2
"3479","Blue","Red","Neither","Blue",9,1,6,7,0,17500,7.2,18692,226,56,2077,266,16,2,6,4,0,15423,6.8,18426,212,47,0,-7,-1,0,3,14,9,0.4
"3480","Blue","Blue","Blue","Blue",11,2,11,12,0,17970,7.2,19866,208,64,2003,2155,20,1,4,4,0,15967,7,17711,230,54,0,-9,1,7,8,-22,10,0.2
"3481","Blue","Red","Neither","Red",13,2,4,5,0,15198,7,18486,205,60,-266,15,15,5,4,2,0,15464,7,18471,224,57,0,-2,-3,0,3,-19,3,0
"3482","Blue","Neither","Neither","Blue",40,3,5,3,0,17194,7.4,19447,263,61,2588,1628,14,2,3,3,0,14606,7,17819,215,37,0,26,1,2,0,48,24,0.4
"3483","Red","Red","Neither","Blue",18,1,3,3,0,14951,6.8,17632,206,48,-2002,-565,15,2,7,6,0,16953,7,18197,214,59,0,3,-1,-4,-3,-8,-11,-0.2
"3484","Red","Blue","Neither","Blue",44,2,7,9,0,16966,7.2,19062,222,55,1996,2078,18,1,2,2,0,14970,6.8,16984,222,43,0,26,1,5,7,0,12,0.4
"3485","Blue","Blue","Neither","Red",17,5,3,4,0,14513,6.8,16872,202,52,-1494,-368,18,3,6,5,0,16007,6.8,17240,232,51,0,-1,2,-3,-1,-30,1,0
"3486","Red","Red","Red","Blue",17,1,10,13,0,18446,7.2,19075,195,44,1918,1638,11,2,7,8,0,16528,7,17437,191,48,0,6,-1,3,5,4,-4,0.2
"3487","Red","Red","Neither","Red",22,2,8,9,0,17100,7.2,18774,213,55,825,318,15,2,6,10,0,16275,7.2,18456,196,56,0,7,0,2,-1,17,-1,0
"3488","Blue","Blue","Blue","Blue",19,3,13,16,1,20611,7,19378,210,51,4096,3516,16,3,7,8,0,16515,6.4,15862,166,44,1,3,0,6,8,44,7,0.6
"3489","Blue","Red","Neither","Red",19,1,8,11,0,18672,7.2,19296,250,55,2427,742,15,2,7,5,0,16245,7,18554,184,49,0,4,-1,1,6,66,6,0.2
"3490","Red","Red","Neither","Red",16,3,1,1,0,14988,7.2,18065,256,44,428,-36,19,3,3,1,0,14560,7,18101,220,56,0,-3,0,-2,0,36,-12,0.2
"3491","Red","Neither","Neither","Blue",14,1,6,5,0,17250,7,18266,222,60,-862,-1596,11,1,10,11,0,18112,7.4,19862,216,43,0,3,0,-4,-6,6,17,-0.4
"3492","Blue","Red","Blue","Blue",42,4,11,14,1,20145,7.4,19898,242,39,5634,2094,15,3,3,1,0,14511,6.8,17804,196,85,1,27,1,8,13,46,-46,0.600000000000001
"3493","Blue","Blue","Neither","Red",15,5,7,8,0,17325,7,18954,207,55,1243,1506,17,1,4,4,0,16082,6.8,17448,218,59,0,-2,4,3,4,-11,-4,0.2
"3494","Blue","Red","Blue","Blue",25,6,10,7,0,19336,7.8,21123,267,52,6221,6143,18,1,1,1,0,13115,6.2,14980,205,40,0,7,5,9,6,62,12,1.6
"3495","Red","Red","Neither","Red",14,2,1,0,0,13701,6.6,15626,200,48,-4873,-2666,15,1,11,12,0,18574,7.2,18292,222,46,0,-1,1,-10,-12,-22,2,-0.600000000000001
"3496","Red","Blue","Neither","Blue",35,2,6,6,0,15765,7,17647,214,45,-164,-313,12,2,5,6,0,15929,6.8,17960,218,47,0,23,0,1,0,-4,-2,0.2
"3497","Red","Red","Red","Red",17,6,4,2,0,14841,7,17969,183,72,-224,635,41,4,2,2,0,15065,6.8,17334,234,56,0,-24,2,2,0,-51,16,0.2
"3498","Red","Red","Neither","Blue",18,8,4,4,0,15597,6.8,17541,232,36,717,215,15,2,4,3,0,14880,6.8,17326,197,52,0,3,6,0,1,35,-16,0
"3499","Red","Neither","Neither","Red",13,3,1,0,0,13828,6.6,16964,228,53,-3588,-2501,17,2,7,6,0,17416,7.2,19465,258,60,0,-4,1,-6,-6,-30,-7,-0.600000000000001
"3500","Red","Red","Neither","Red",16,1,6,9,0,16275,7.2,18687,209,46,-184,57,10,6,5,3,0,16459,7.2,18630,250,60,0,6,-5,1,6,-41,-14,0
"3501","Red","Red","Red","Red",16,25,5,5,0,16763,7.2,19010,252,48,-729,-620,43,5,7,6,0,17492,7.2,19630,241,61,0,-27,20,-2,-1,11,-13,0
"3502","Blue","Neither","Neither","Blue",38,4,16,28,0,21089,7,18924,218,55,5859,3289,22,3,5,7,0,15230,6.4,15635,205,41,0,16,1,11,21,13,14,0.6
"3503","Red","Red","Neither","Red",14,1,4,2,0,15155,6.6,16875,201,68,-2548,-826,14,1,8,10,0,17703,7.2,17701,212,44,0,0,0,-4,-8,-11,24,-0.600000000000001
"3504","Blue","Blue","Blue","Blue",46,3,8,9,0,17226,7.2,18458,193,59,2061,1693,17,5,3,5,0,15165,6.4,16765,220,43,0,29,-2,5,4,-27,16,0.8
"3505","Red","Red","Blue","Blue",9,3,7,6,0,17634,7.2,18416,237,52,825,-1367,14,0,7,4,0,16809,7,19783,215,59,0,-5,3,0,2,22,-7,0.2
"3506","Blue","Blue","Neither","Red",17,2,9,8,0,17562,7,18512,224,50,1948,764,15,0,3,6,0,15614,7,17748,202,62,0,2,2,6,2,22,-12,0
"3507","Blue","Neither","Neither","Red",92,6,5,7,0,16161,7,18920,214,63,-167,855,42,1,6,7,0,16328,7.2,18065,213,48,0,50,5,-1,0,1,15,-0.2
"3508","Blue","Blue","Neither","Blue",10,4,13,18,1,20853,7.4,20447,251,49,5477,3692,14,2,5,4,0,15376,6.6,16755,206,46,1,-4,2,8,14,45,3,0.800000000000001
"3509","Blue","Red","Blue","Red",16,3,1,1,0,15743,6.8,18383,264,61,-251,557,19,0,5,11,0,15994,7,17826,210,56,0,-3,3,-4,-10,54,5,-0.2
"3510","Blue","Red","Blue","Blue",15,5,3,6,0,15204,6.8,17963,209,68,153,917,13,4,3,3,0,15051,6.8,17046,232,51,0,2,1,0,3,-23,17,0
"3511","Red","Red","Neither","Red",15,2,3,4,0,15013,6.6,16860,212,56,-741,-637,16,4,4,7,0,15754,6.8,17497,225,55,0,-1,-2,-1,-3,-13,1,-0.2
"3512","Blue","Neither","Blue","Blue",115,3,11,8,1,20176,7.6,19773,260,55,5830,1979,25,1,4,0,0,14346,6.8,17794,194,52,1,90,2,7,8,66,3,0.8
"3513","Red","Red","Neither","Red",15,2,6,5,0,15856,7,17723,224,47,-460,60,16,2,6,7,0,16316,6.8,17663,238,36,0,-1,0,0,-2,-14,11,0.2
"3514","Blue","Blue","Blue","Blue",16,1,9,10,0,17097,7.2,18583,220,47,1186,907,13,2,4,3,0,15911,7,17676,213,68,0,3,-1,5,7,7,-21,0.2
"3515","Red","Red","Red","Blue",37,6,6,7,0,16595,7.2,18766,217,57,-829,289,19,1,8,10,0,17424,7.2,18477,220,62,0,18,5,-2,-3,-3,-5,0
"3516","Red","Red","Red","Red",51,2,3,4,0,13952,6.2,15665,172,47,-3559,-2812,125,3,5,3,1,17511,7,18477,230,57,-1,-74,-1,-2,1,-58,-10,-0.8
"3517","Blue","Blue","Blue","Blue",17,5,11,6,0,18413,7.2,19681,228,60,2377,2335,22,2,7,7,0,16036,7,17346,172,60,0,-5,3,4,-1,56,0,0.2
"3518","Red","Red","Neither","Blue",15,6,5,9,0,16113,7,18642,236,53,1277,1357,21,4,2,4,0,14836,6.8,17285,221,54,0,-6,2,3,5,15,-1,0.2
"3519","Blue","Neither","Neither","Red",23,0,2,1,0,15508,7,17985,258,60,-919,-923,11,2,5,8,0,16427,7.2,18908,226,48,0,12,-2,-3,-7,32,12,-0.2
"3520","Red","Blue","Red","Blue",20,1,12,16,0,18345,6.8,17559,222,32,941,-561,15,3,9,8,0,17404,7,18120,207,48,0,5,-2,3,8,15,-16,-0.2
"3521","Blue","Neither","Neither","Blue",17,3,12,10,0,18882,7.2,19357,224,56,291,839,20,3,11,13,0,18591,6.8,18518,222,38,0,-3,0,1,-3,2,18,0.4
"3522","Red","Neither","Neither","Blue",13,1,3,1,0,14734,6.8,17665,226,42,-1871,-605,19,0,6,6,0,16605,7,18270,231,48,0,-6,1,-3,-5,-5,-6,-0.2
"3523","Red","Neither","Neither","Red",35,0,4,4,0,15337,6.8,17456,211,43,-1167,-1265,16,6,9,8,0,16504,7,18721,173,45,0,19,-6,-5,-4,38,-2,-0.2
"3524","Red","Red","Neither","Red",16,4,2,2,0,15280,7.2,18773,257,64,447,609,16,3,2,2,0,14833,6.8,18164,240,51,0,0,1,0,0,17,13,0.4
"3525","Blue","Red","Neither","Blue",16,2,7,8,0,16861,7.2,18561,196,51,2211,1501,33,1,2,1,0,14650,7,17060,208,48,0,-17,1,5,7,-12,3,0.2
"3526","Blue","Red","Neither","Red",12,1,5,3,0,16321,7,17802,185,64,-2593,-1668,12,0,11,18,0,18914,7.2,19470,245,45,0,0,1,-6,-15,-60,19,-0.2
"3527","Red","Red","Neither","Blue",18,2,5,8,0,15885,6.6,16848,220,43,-1566,-2539,17,5,7,7,0,17451,7.2,19387,221,80,0,1,-3,-2,1,-1,-37,-0.600000000000001
"3528","Red","Red","Neither","Red",12,1,5,3,0,16007,6.6,17004,206,64,-3397,-2492,18,3,11,8,1,19404,7.2,19496,229,68,-1,-6,-2,-6,-5,-23,-4,-0.600000000000001
"3529","Blue","Red","Neither","Red",14,5,6,8,0,16171,6.8,17226,191,52,-857,-1356,18,2,6,5,0,17028,7,18582,234,59,0,-4,3,0,3,-43,-7,-0.2
"3530","Red","Neither","Neither","Red",16,4,8,8,0,15726,6.4,16968,176,45,-3796,-326,17,7,9,7,1,19522,6.8,17294,219,40,-1,-1,-3,-1,1,-43,5,-0.399999999999999
"3531","Red","Neither","Neither","Red",18,5,7,6,0,16851,6.8,17624,215,52,-2174,-117,17,3,13,17,0,19025,7,17741,211,52,0,1,2,-6,-11,4,0,-0.2
"3532","Red","Red","Neither","Red",15,2,5,4,0,14448,6.8,17263,156,36,-2969,-1135,38,1,6,8,0,17417,7,18398,225,70,0,-23,1,-1,-4,-69,-34,-0.2
"3533","Blue","Neither","Neither","Blue",16,3,3,3,0,15045,6.6,16887,221,46,220,-284,19,3,3,5,0,14825,6.8,17171,199,39,0,-3,0,0,-2,22,7,-0.2
"3534","Blue","Blue","Blue","Blue",13,3,8,8,0,17267,7,17580,203,51,-356,-408,48,3,9,16,0,17623,6.8,17988,180,44,0,-35,0,-1,-8,23,7,0.2
"3535","Blue","Red","Neither","Blue",15,1,8,4,1,17706,6.8,18003,194,40,1893,763,16,1,6,7,0,15813,6.6,17240,193,44,1,-1,0,2,-3,1,-4,0.2
"3536","Red","Neither","Red","Blue",13,1,5,5,0,15576,6.6,16352,221,35,-887,-1878,14,2,7,7,0,16463,7,18230,197,68,0,-1,-1,-2,-2,24,-33,-0.4
"3537","Blue","Blue","Neither","Blue",19,2,6,7,0,17084,7.2,18215,227,59,2439,2070,44,3,4,9,0,14645,6.6,16145,208,45,0,-25,-1,2,-2,19,14,0.600000000000001
"3538","Red","Blue","Red","Blue",20,3,6,8,0,15614,6.4,16000,196,27,-2683,-3323,15,5,10,7,0,18297,7.4,19323,223,52,0,5,-2,-4,1,-27,-25,-1
"3539","Blue","Blue","Neither","Blue",17,11,10,13,0,19602,7.4,20259,236,57,5238,2654,67,0,1,2,0,14364,6.8,17605,209,76,0,-50,11,9,11,27,-19,0.600000000000001
"3540","Red","Red","Neither","Blue",23,4,2,1,0,15409,7,18219,247,64,-2550,-792,17,6,7,10,0,17959,7,19011,256,52,0,6,-2,-5,-9,-9,12,0
"3541","Blue","Neither","Neither","Blue",17,0,4,8,0,14298,6.4,15101,171,33,852,-26,14,0,1,1,0,13446,6.4,15127,213,39,0,3,0,3,7,-42,-6,0
"3542","Blue","Blue","Blue","Blue",9,1,7,10,0,18507,7.2,19423,245,52,3756,1754,16,1,2,3,0,14751,6.6,17669,247,48,0,-7,0,5,7,-2,4,0.600000000000001
"3543","Red","Red","Red","Red",17,1,5,5,0,16179,7,18305,263,32,-97,1114,15,3,6,7,0,16276,6.8,17191,221,60,0,2,-2,-1,-2,42,-28,0.2
"3544","Blue","Blue","Neither","Blue",17,7,7,6,0,17018,7.2,19495,238,40,1463,1571,17,6,4,4,0,15555,7,17924,219,55,0,0,1,3,2,19,-15,0.2
"3545","Red","Blue","Neither","Red",37,4,3,4,0,15306,6.8,16874,220,52,-961,-1427,18,0,4,1,0,16267,7.2,18301,256,62,0,19,4,-1,3,-36,-10,-0.4
"3546","Red","Neither","Neither","Blue",15,7,4,4,0,15079,7,18092,196,55,-1226,-1378,39,3,5,3,0,16305,7.2,19470,261,56,0,-24,4,-1,1,-65,-1,-0.2
"3547","Blue","Blue","Neither","Blue",18,0,9,11,0,17622,7.2,17879,192,52,173,41,17,2,7,7,0,17449,6.8,17838,227,44,0,1,-2,2,4,-35,8,0.4
"3548","Red","Neither","Neither","Blue",16,5,9,5,0,17341,7.2,19621,203,51,1266,1770,41,2,6,6,0,16075,7,17851,193,52,0,-25,3,3,-1,10,-1,0.2
"3549","Red","Neither","Neither","Blue",15,1,6,5,0,15868,6.6,16452,201,38,-585,-795,17,3,6,7,0,16453,6.8,17247,242,41,0,-2,-2,0,-2,-41,-3,-0.2
"3550","Blue","Blue","Neither","Red",16,6,9,8,0,17170,7,18583,204,46,-522,226,16,2,10,10,0,17692,7,18357,192,42,0,0,4,-1,-2,12,4,0
"3551","Red","Blue","Neither","Red",13,3,6,5,0,15716,6.8,17135,189,46,-3393,-1177,14,3,12,19,0,19109,6.8,18312,206,44,0,-1,0,-6,-14,-17,2,0
"3552","Red","Red","Neither","Red",15,0,3,3,0,15036,7.2,17957,198,60,-2855,-2453,15,2,8,7,0,17891,7.4,20410,269,52,0,0,-2,-5,-4,-71,8,-0.2
"3553","Blue","Red","Neither","Red",41,4,8,5,0,16608,7.2,18490,201,40,-114,1359,20,3,9,10,0,16722,6.8,17131,200,50,0,21,1,-1,-5,1,-10,0.4
"3554","Red","Red","Neither","Red",15,4,6,9,0,16116,6.8,17070,196,64,-77,416,14,5,8,11,0,16193,6.6,16654,204,43,0,1,-1,-2,-2,-8,21,0.2
"3555","Blue","Blue","Neither","Blue",36,6,13,11,0,21386,7.4,20807,264,60,7420,5869,15,3,3,3,0,13966,6,14938,190,43,0,21,3,10,8,74,17,1.4
"3556","Red","Red","Neither","Red",17,3,7,8,0,16441,6.4,16272,218,42,132,-2613,39,5,6,6,0,16309,7,18885,203,69,0,-22,-2,1,2,15,-27,-0.6
"3557","Red","Red","Neither","Red",10,0,6,4,0,15446,6.4,16131,198,47,-1995,-1392,13,0,8,7,0,17441,7,17523,216,44,0,-3,0,-2,-3,-18,3,-0.6
"3558","Red","Neither","Neither","Blue",40,3,5,7,0,15799,6.4,16589,224,32,-1069,-1901,20,4,7,5,0,16868,7,18490,215,53,0,20,-1,-2,2,9,-21,-0.6
"3559","Blue","Blue","Neither","Red",18,4,9,11,0,17909,7,18562,214,43,-292,-506,16,3,11,13,0,18201,7.2,19068,205,52,0,2,1,-2,-2,9,-9,-0.2
"3560","Red","Neither","Red","Red",16,3,4,5,0,15309,6.6,16938,175,48,-4962,-2312,15,4,13,14,0,20271,7.2,19250,242,38,0,1,-1,-9,-9,-67,10,-0.600000000000001
"3561","Blue","Blue","Neither","Blue",12,3,13,11,0,19077,7.2,18861,215,63,3669,3030,17,1,4,5,0,15408,6.4,15831,207,45,0,-5,2,9,6,8,18,0.8
"3562","Red","Neither","Neither","Blue",19,3,7,5,0,15321,6.6,17311,171,44,-2338,-2724,15,3,7,10,0,17659,7.4,20035,225,47,0,4,0,0,-5,-54,-3,-0.800000000000001
"3563","Red","Neither","Red","Red",105,0,3,2,0,14522,6.4,15305,211,39,-3596,-2738,40,3,8,6,1,18118,7,18043,236,52,-1,65,-3,-5,-4,-25,-13,-0.6
"3564","Red","Blue","Blue","Red",14,3,8,7,0,17996,7,18896,208,64,1295,435,41,4,7,5,0,16701,7,18461,227,52,0,-27,-1,1,2,-19,12,0
"3565","Red","Blue","Neither","Blue",16,4,6,10,0,16447,7,18423,201,60,-168,376,17,3,7,10,0,16615,7,18047,224,42,0,-1,1,-1,0,-23,18,0
"3566","Red","Red","Red","Red",11,2,0,0,0,13068,6.4,15506,198,48,-5375,-4425,124,1,7,5,0,18443,7.2,19931,235,63,0,-113,1,-7,-5,-37,-15,-0.8
"3567","Red","Red","Neither","Blue",17,5,9,8,0,17757,7,18821,217,48,2341,2225,18,3,5,5,0,15416,6.8,16596,185,58,0,-1,2,4,3,32,-10,0.2
"3568","Red","Neither","Neither","Blue",19,1,9,11,0,17459,6.8,17338,226,44,-531,-1077,84,1,9,11,0,17990,7.2,18415,200,43,0,-65,0,0,0,26,1,-0.4
"3569","Blue","Neither","Neither","Red",20,13,3,1,0,14068,6.8,17057,206,40,-3083,-2239,41,6,7,6,0,17151,7,19296,252,32,0,-21,7,-4,-5,-46,8,-0.2
"3570","Red","Red","Neither","Red",34,4,3,1,0,13960,6.2,15667,202,39,-4808,-4098,16,3,8,9,0,18768,7.4,19765,241,73,0,18,1,-5,-8,-39,-34,-1.2
"3571","Blue","Neither","Blue","Red",17,3,10,8,0,18255,6.8,17685,206,29,-1237,-874,14,1,13,22,0,19492,7,18559,203,50,0,3,2,-3,-14,3,-21,-0.2
"3572","Blue","Red","Neither","Blue",15,3,7,8,0,17134,7,19465,207,60,408,742,16,2,5,4,0,16726,7.2,18723,236,56,0,-1,1,2,4,-29,4,-0.2
"3573","Red","Red","Neither","Blue",19,4,10,12,0,17487,6.8,17660,211,41,274,-459,14,3,9,13,0,17213,7,18119,198,52,0,5,1,1,-1,13,-11,-0.2
"3574","Red","Neither","Red","Blue",16,1,6,4,0,16335,6.6,17339,192,45,-956,16,18,4,10,11,0,17291,6.8,17323,202,32,0,-2,-3,-4,-7,-10,13,-0.2
"3575","Blue","Red","Blue","Blue",15,2,5,6,0,16405,7,18502,239,43,861,1078,14,2,5,9,0,15544,6.6,17424,233,44,0,1,0,0,-3,6,-1,0.4
"3576","Red","Red","Red","Blue",12,0,3,5,0,14145,6,15252,186,40,-5471,-4481,11,1,11,10,1,19616,7.6,19733,228,57,-1,1,-1,-8,-5,-42,-17,-1.6
"3577","Blue","Red","Red","Red",43,5,5,6,0,16419,6.8,17295,233,42,159,363,15,1,5,5,0,16260,6.6,16932,194,68,0,28,4,0,1,39,-26,0.2
"3578","Blue","Red","Red","Blue",48,7,3,3,0,14482,6.8,17114,198,34,-3335,-2502,18,6,4,4,1,17817,7.2,19616,248,52,-1,30,1,-1,-1,-50,-18,-0.4
"3579","Blue","Blue","Neither","Blue",38,5,5,5,0,15967,6.8,17855,203,62,803,798,18,1,4,6,0,15164,6.8,17057,226,38,0,20,4,1,-1,-23,24,0
"3580","Red","Neither","Neither","Red",18,3,5,5,0,16093,6.8,17056,209,49,-700,-1781,17,3,9,6,0,16793,7,18837,192,40,0,1,0,-4,-1,17,9,-0.2
"3581","Blue","Neither","Neither","Blue",18,4,16,13,0,20827,7.4,19657,215,50,5491,4640,18,2,4,4,0,15336,6.4,15017,183,54,0,0,2,12,9,32,-4,1
"3582","Red","Blue","Neither","Red",15,4,4,2,0,14697,7,17818,222,48,-1620,-1655,16,1,4,4,0,16317,7.4,19473,255,72,0,-1,3,0,-2,-33,-24,-0.4
"3583","Red","Neither","Neither","Red",14,5,10,10,0,17702,6.4,16589,198,44,-1478,-1657,16,2,11,14,0,19180,6.8,18246,202,52,0,-2,3,-1,-4,-4,-8,-0.399999999999999
"3584","Red","Blue","Red","Red",15,4,2,2,0,14730,6.6,17103,246,41,-4406,-2663,30,1,9,6,1,19136,7.6,19766,233,60,-1,-15,3,-7,-4,13,-19,-1
"3585","Red","Neither","Neither","Red",18,3,6,10,0,16876,6.6,16812,238,40,-1015,-1031,15,6,10,9,0,17891,6.8,17843,212,48,0,3,-3,-4,1,26,-8,-0.2
"3586","Blue","Red","Neither","Red",15,1,5,7,0,16203,6.6,17059,187,56,-5057,-3732,19,3,15,16,0,21260,7.4,20791,255,56,0,-4,-2,-10,-9,-68,0,-0.800000000000001
"3587","Red","Red","Blue","Blue",13,1,7,7,0,17214,7.2,18232,219,44,1465,1232,23,1,7,4,0,15749,6.8,17000,193,49,0,-10,0,0,3,26,-5,0.4
"3588","Blue","Blue","Neither","Red",21,5,1,0,0,14019,6.6,17177,206,64,-3720,-2126,22,6,8,10,0,17739,7.4,19303,251,33,0,-1,-1,-7,-10,-45,31,-0.800000000000001
"3589","Red","Red","Neither","Red",17,2,8,2,0,16163,6.8,16956,201,32,-1825,-1174,19,2,10,13,0,17988,7.2,18130,196,40,0,-2,0,-2,-11,5,-8,-0.4
"3590","Red","Blue","Blue","Red",39,5,5,7,0,15745,6.8,17708,225,52,-2082,-1005,18,6,7,5,0,17827,7,18713,264,56,0,21,-1,-2,2,-39,-4,-0.2
"3591","Blue","Neither","Neither","Red",44,6,13,13,0,18933,7.4,19905,210,45,2109,3154,19,2,6,10,0,16824,6.6,16751,194,50,0,25,4,7,3,16,-5,0.800000000000001
"3592","Blue","Blue","Neither","Red",16,3,4,4,0,16452,7.4,19169,266,60,772,702,39,5,4,2,0,15680,7,18467,215,60,0,-23,-2,0,2,51,0,0.4
"3593","Red","Neither","Neither","Blue",20,6,6,11,0,16527,7,17257,225,44,1338,-385,41,3,4,7,0,15189,7,17642,191,52,0,-21,3,2,4,34,-8,0
"3594","Red","Neither","Neither","Red",15,4,7,8,0,16977,6.6,16961,222,43,841,-678,17,1,6,8,0,16136,6.8,17639,216,40,0,-2,3,1,0,6,3,-0.2
"3595","Red","Red","Red","Red",18,3,1,1,0,13874,6.4,15799,219,33,-2933,-2159,13,2,7,8,0,16807,7,17958,215,62,0,5,1,-6,-7,4,-29,-0.6
"3596","Red","Blue","Blue","Red",18,4,10,10,0,17272,7,18189,210,41,-88,555,17,5,8,13,0,17360,7,17634,223,45,0,1,-1,2,-3,-13,-4,0
"3597","Red","Red","Red","Red",12,3,4,2,0,15125,6.8,17217,223,56,-3346,-1685,18,4,7,8,1,18471,7.2,18902,219,54,-1,-6,-1,-3,-6,4,2,-0.4
"3598","Red","Red","Neither","Red",18,3,2,4,0,14691,6.8,17573,207,67,-4024,-1999,13,3,9,18,0,18715,7.4,19572,242,55,0,5,0,-7,-14,-35,12,-0.600000000000001
"3599","Red","Red","Neither","Blue",9,2,6,3,0,16961,7.2,18707,240,58,1155,868,15,2,5,6,0,15806,6.8,17839,201,53,0,-6,0,1,-3,39,5,0.4
"3600","Blue","Neither","Neither","Red",14,2,3,4,0,16688,7,18637,215,59,1004,458,60,2,3,4,0,15684,7,18179,231,72,0,-46,0,0,0,-16,-13,0
"3601","Blue","Red","Blue","Blue",11,4,4,3,1,17143,7.2,18702,237,57,2043,1866,14,2,3,4,0,15100,6.4,16836,236,45,1,-3,2,1,-1,1,12,0.8
"3602","Blue","Red","Blue","Blue",40,5,7,6,1,18097,7,18058,243,39,811,426,18,6,9,12,0,17286,6.6,17632,194,59,1,22,-1,-2,-6,49,-20,0.4
"3603","Blue","Blue","Neither","Blue",36,4,11,14,0,19276,7.4,19210,237,42,4275,2943,16,1,3,6,0,15001,6.4,16267,205,43,0,20,3,8,8,32,-1,1
"3604","Red","Blue","Neither","Red",37,4,7,8,0,17114,7,18783,210,41,-218,-840,11,11,7,6,0,17332,7.4,19623,226,71,0,26,-7,0,2,-16,-30,-0.4
"3605","Blue","Neither","Neither","Red",84,3,8,8,0,16602,6.8,16879,163,49,-786,-808,46,0,6,2,1,17388,6.8,17687,206,54,-1,38,3,2,6,-43,-5,0
"3606","Red","Red","Neither","Red",15,5,5,4,0,14975,6.4,15932,194,44,-3359,-2255,17,4,11,8,0,18334,7,18187,221,60,0,-2,1,-6,-4,-27,-16,-0.6
"3607","Blue","Blue","Neither","Red",14,3,6,7,0,15843,7,16910,206,36,-2292,-810,16,2,9,11,0,18135,6.8,17720,210,48,0,-2,1,-3,-4,-4,-12,0.2
"3608","Red","Red","Neither","Red",18,2,6,3,0,15777,6.8,18110,203,58,-1838,-366,90,5,7,8,0,17615,7,18476,214,54,0,-72,-3,-1,-5,-11,4,-0.2
"3609","Blue","Neither","Neither","Blue",12,2,10,5,0,17142,7,18615,221,45,2121,1813,16,0,6,3,0,15021,6.4,16802,200,31,0,-4,2,4,2,21,14,0.6
"3610","Blue","Red","Neither","Blue",14,1,7,11,0,18027,7,17905,217,59,2394,873,142,3,6,5,0,15633,6.8,17032,219,53,0,-128,-2,1,6,-2,6,0.2
"3611","Blue","Blue","Neither","Blue",17,3,4,6,0,16003,6.8,17885,238,44,-1084,-1632,14,1,5,8,0,17087,7.2,19517,244,66,0,3,2,-1,-2,-6,-22,-0.4
"3612","Blue","Blue","Neither","Red",16,4,11,9,0,19116,7,19104,220,56,1159,3144,20,0,11,14,0,17957,6.4,15960,169,31,0,-4,4,0,-5,51,25,0.6
"3613","Blue","Blue","Neither","Red",15,3,11,17,0,18078,6.8,18102,192,64,1328,1106,16,2,7,6,0,16750,6.8,16996,197,39,0,-1,1,4,11,-5,25,0
"3614","Blue","Blue","Neither","Red",13,1,8,8,0,18011,7,18540,243,57,1522,277,16,1,8,7,0,16489,7.2,18263,210,38,0,-3,0,0,1,33,19,-0.2
"3615","Red","Red","Neither","Blue",43,8,6,6,0,15336,6.8,16216,196,44,-3534,-1814,17,5,13,13,0,18870,7,18030,208,40,0,26,3,-7,-7,-12,4,-0.2
"3616","Red","Blue","Neither","Red",16,7,6,6,0,17273,7.2,18685,226,64,292,760,21,1,7,10,0,16981,6.8,17925,225,47,0,-5,6,-1,-4,1,17,0.4
"3617","Red","Neither","Neither","Blue",18,1,9,8,0,17875,7,18320,203,43,2561,1875,14,0,7,6,0,15314,6.6,16445,179,32,0,4,1,2,2,24,11,0.4
"3618","Red","Neither","Neither","Red",42,0,9,14,0,17215,6.8,17349,198,31,-1908,-994,16,2,10,11,0,19123,7.2,18343,235,55,0,26,-2,-1,3,-37,-24,-0.4
"3619","Blue","Red","Red","Red",15,3,6,10,0,15579,6.8,16747,204,46,-1815,-1309,15,3,8,8,0,17394,7,18056,205,59,0,0,0,-2,2,-1,-13,-0.2
"3620","Red","Red","Red","Red",16,1,6,9,0,16479,6.6,16357,230,36,-266,-65,14,1,8,13,0,16745,6.6,16422,186,52,0,2,0,-2,-4,44,-16,0
"3621","Red","Blue","Neither","Red",17,3,2,6,0,13918,6.8,17189,209,48,-1382,-271,16,0,3,1,0,15300,6.8,17460,260,40,0,1,3,-1,5,-51,8,0
"3622","Blue","Blue","Blue","Red",20,3,9,8,0,17615,7.2,19117,218,48,2643,3340,15,3,5,6,0,14972,6.4,15777,194,41,0,5,0,4,2,24,7,0.8
"3623","Red","Blue","Neither","Blue",15,3,3,1,0,15848,7,18490,251,60,1259,720,20,1,3,2,0,14589,6.8,17770,220,43,0,-5,2,0,-1,31,17,0.2
"3624","Red","Neither","Neither","Blue",15,1,6,6,0,15941,7.2,17560,228,33,1231,93,84,1,3,3,0,14710,6.8,17467,212,43,0,-69,0,3,3,16,-10,0.4
"3625","Blue","Blue","Blue","Blue",18,4,2,1,0,14448,6.8,17294,198,68,-2279,-958,27,4,6,7,0,16727,7.2,18252,239,40,0,-9,0,-4,-6,-41,28,-0.4
"3626","Blue","Red","Neither","Blue",15,0,3,4,0,15719,7.4,19029,230,60,753,263,13,0,2,3,0,14966,7.2,18766,236,63,0,2,0,1,1,-6,-3,0.2
"3627","Red","Red","Neither","Red",19,3,8,9,0,17139,6.6,16389,199,50,-201,-1063,55,2,10,11,0,17340,6.8,17452,167,41,0,-36,1,-2,-2,32,9,-0.2
"3628","Red","Blue","Neither","Red",16,3,4,4,0,15977,6.8,17115,224,56,1033,1209,81,4,4,3,0,14944,6.4,15906,185,52,0,-65,-1,0,1,39,4,0.399999999999999
"3629","Blue","Blue","Neither","Blue",40,1,2,2,0,14938,6.8,17538,246,42,-353,-370,11,2,4,6,0,15291,7,17908,230,41,0,29,-1,-2,-4,16,1,-0.2
"3630","Red","Red","Neither","Blue",37,5,9,13,0,17187,7,18709,199,47,619,1021,19,3,6,6,0,16568,6.8,17688,214,67,0,18,2,3,7,-15,-20,0.2
"3631","Blue","Red","Blue","Blue",38,4,8,10,0,17558,6.8,17905,202,44,-483,-427,56,4,9,9,0,18041,7.2,18332,205,48,0,-18,0,-1,1,-3,-4,-0.4
"3632","Blue","Blue","Blue","Blue",17,4,6,5,1,17945,7,18758,268,44,2404,1129,94,5,2,1,0,15541,6.8,17629,260,49,1,-77,-1,4,4,8,-5,0.2
"3633","Blue","Neither","Neither","Red",16,6,5,10,0,15151,6.8,16795,203,29,-244,78,15,1,5,6,0,15395,6.4,16717,215,38,0,1,5,0,4,-12,-9,0.399999999999999
"3634","Blue","Red","Neither","Red",13,4,4,5,0,14983,6.8,16993,208,47,-2653,-1372,54,2,11,16,0,17636,7,18365,207,40,0,-41,2,-7,-11,1,7,-0.2
"3635","Blue","Blue","Neither","Red",18,2,6,7,0,16527,6.6,16322,229,40,94,-487,94,3,7,11,0,16433,6.8,16809,190,37,0,-76,-1,-1,-4,39,3,-0.2
"3636","Red","Blue","Red","Red",19,0,8,4,0,16359,7,17830,204,56,-736,-226,12,3,8,7,0,17095,7.2,18056,232,39,0,7,-3,0,-3,-28,17,-0.2
"3637","Blue","Blue","Neither","Blue",13,3,8,12,0,19038,7.2,18856,239,44,4034,1938,16,2,3,4,0,15004,6.8,16918,228,49,0,-3,1,5,8,11,-5,0.4
"3638","Red","Blue","Red","Red",17,1,5,10,0,15976,6.8,17352,232,37,609,-609,14,2,4,5,0,15367,7,17961,235,49,0,3,-1,1,5,-3,-12,-0.2
"3639","Red","Red","Neither","Red",15,7,1,1,0,13512,6.4,16628,224,47,-2327,-742,17,2,4,6,0,15839,7,17370,215,48,0,-2,5,-3,-5,9,-1,-0.6
"3640","Red","Red","Neither","Blue",17,2,5,6,0,14923,6.8,17285,173,37,-3916,-2883,14,0,9,8,0,18839,7.4,20168,239,68,0,3,2,-4,-2,-66,-31,-0.600000000000001
"3641","Red","Red","Blue","Blue",66,2,6,6,0,16124,6.6,17227,225,24,-725,-925,14,4,6,6,0,16849,6.8,18152,246,54,0,52,-2,0,0,-21,-30,-0.2
"3642","Red","Neither","Red","Red",15,2,1,1,0,14058,6.6,16215,213,51,-2675,-2192,86,4,6,4,0,16733,7,18407,229,52,0,-71,-2,-5,-3,-16,-1,-0.4
"3643","Red","Neither","Neither","Blue",18,1,3,4,0,14422,6.8,16781,201,43,-2346,-1871,13,1,6,6,0,16768,7.2,18652,237,58,0,5,0,-3,-2,-36,-15,-0.4
"3644","Blue","Blue","Neither","Red",16,3,5,7,0,16539,7.4,19570,242,62,-65,1208,19,6,6,7,0,16604,7,18362,230,43,0,-3,-3,-1,0,12,19,0.4
"3645","Red","Red","Neither","Red",17,2,5,6,0,15794,6.6,16652,203,44,-3750,-1447,13,3,10,13,1,19544,6.8,18099,212,54,-1,4,-1,-5,-7,-9,-10,-0.2
"3646","Red","Red","Neither","Blue",41,2,8,15,0,16867,6.8,17923,228,37,150,-446,14,1,7,5,0,16717,7.2,18369,222,44,0,27,1,1,10,6,-7,-0.4
"3647","Red","Neither","Neither","Blue",16,2,9,9,0,17197,7.2,18127,205,40,-1383,-970,14,2,9,12,0,18580,7,19097,232,51,0,2,0,0,-3,-27,-11,0.2
"3648","Blue","Red","Blue","Blue",21,0,5,5,0,15881,6.4,16164,204,44,-1441,-938,17,3,9,16,0,17322,6.8,17102,197,53,0,4,-3,-4,-11,7,-9,-0.399999999999999
"3649","Blue","Red","Neither","Red",19,1,11,14,0,19373,7.2,19208,228,40,4898,3092,14,2,3,2,0,14475,6.6,16116,190,60,0,5,-1,8,12,38,-20,0.600000000000001
"3650","Red","Red","Red","Red",55,2,6,10,0,16548,6.6,17430,230,23,503,-194,21,3,5,8,0,16045,7,17624,211,67,0,34,-1,1,2,19,-44,-0.4
"3651","Red","Red","Neither","Red",13,1,3,4,0,14126,6.4,15246,200,44,-6319,-3391,16,3,13,22,0,20445,7.2,18637,193,56,0,-3,-2,-10,-18,7,-12,-0.8
"3652","Blue","Neither","Neither","Red",18,3,7,9,0,16518,6.6,17024,202,44,238,275,147,3,5,9,0,16280,6.6,16749,210,42,0,-129,0,2,0,-8,2,0
"3653","Blue","Red","Neither","Blue",17,3,5,7,0,15897,6.8,17075,215,51,-3048,-3175,35,4,11,8,0,18945,7.4,20250,245,48,0,-18,-1,-6,-1,-30,3,-0.600000000000001
"3654","Blue","Neither","Neither","Red",132,0,13,8,3,22845,7.4,19608,250,51,8234,6026,24,2,5,5,0,14611,6,13582,158,40,3,108,-2,8,3,92,11,1.4
"3655","Red","Blue","Neither","Red",18,2,1,2,0,14445,6.8,17594,232,61,-925,41,13,2,5,9,0,15370,7,17553,211,52,0,5,0,-4,-7,21,9,-0.2
"3656","Blue","Red","Blue","Blue",15,10,6,3,0,17293,7,18795,231,60,1339,614,48,4,5,6,0,15954,7.2,18181,236,48,0,-33,6,1,-3,-5,12,-0.2
"3657","Red","Red","Neither","Blue",15,6,8,7,0,17239,6.8,18339,210,52,1201,-46,17,4,4,4,0,16038,7,18385,225,80,0,-2,2,4,3,-15,-28,-0.2
"3658","Blue","Blue","Blue","Red",15,3,8,8,0,18339,7.2,19765,233,62,-59,1231,17,1,9,9,0,18398,7,18534,212,60,0,-2,2,-1,-1,21,2,0.2
"3659","Blue","Blue","Neither","Red",92,3,6,7,0,16541,7,19056,249,44,1294,1165,13,1,4,6,0,15247,7,17891,211,50,0,79,2,2,1,38,-6,0
"3660","Blue","Blue","Neither","Red",18,5,14,13,1,20488,6.8,17390,201,52,4535,1970,18,6,7,5,0,15953,6.2,15420,191,40,1,0,-1,7,8,10,12,0.6
"3661","Blue","Neither","Blue","Red",16,1,5,4,0,15072,7,17951,189,53,-1925,-904,12,2,6,5,0,16997,7.2,18855,244,67,0,4,-1,-1,-1,-55,-14,-0.2
"3662","Red","Blue","Neither","Red",14,3,4,4,0,15433,7.2,18889,218,66,-1629,-287,16,1,6,4,0,17062,7.4,19176,249,42,0,-2,2,-2,0,-31,24,-0.2
"3663","Blue","Red","Neither","Red",51,3,4,7,0,15766,6.8,16923,213,47,-856,-642,16,3,6,6,0,16622,6.6,17565,239,58,0,35,0,-2,1,-26,-11,0.2
"3664","Blue","Blue","Neither","Blue",21,3,10,14,0,18459,7,17936,187,52,2955,1124,40,3,5,7,0,15504,6.8,16812,196,36,0,-19,0,5,7,-9,16,0.2
"3665","Red","Blue","Blue","Blue",15,2,7,7,0,16467,6.8,17952,209,48,1418,129,31,1,3,2,0,15049,6.8,17823,231,56,0,-16,1,4,5,-22,-8,0
"3666","Blue","Blue","Neither","Blue",19,4,11,13,0,18384,7.2,18583,208,46,1263,-392,12,5,8,7,0,17121,7,18975,207,51,0,7,-1,3,6,1,-5,0.2
"3667","Blue","Red","Blue","Blue",17,3,11,11,0,18479,7.4,19708,232,48,3187,1811,16,5,3,2,0,15292,6.8,17897,258,50,0,1,-2,8,9,-26,-2,0.600000000000001
"3668","Red","Red","Blue","Red",15,2,3,4,0,14812,6.8,16674,199,64,-3244,-1208,13,4,9,12,0,18056,6.8,17882,205,52,0,2,-2,-6,-8,-6,12,0
"3669","Blue","Blue","Red","Blue",23,3,2,1,0,14702,6.8,17961,212,60,-1626,-849,19,5,6,5,0,16328,7.2,18810,243,48,0,4,-2,-4,-4,-31,12,-0.4
"3670","Blue","Red","Neither","Blue",41,1,3,4,0,15715,7,18159,246,54,-1235,-956,17,17,7,4,0,16950,7.2,19115,252,52,0,24,-16,-4,0,-6,2,-0.2
"3671","Red","Neither","Neither","Blue",17,3,8,9,0,16736,7.2,18330,227,56,1271,531,12,3,5,4,0,15465,7,17799,221,48,0,5,0,3,5,6,8,0.2
"3672","Red","Blue","Red","Red",12,4,10,9,0,17344,7,18253,184,48,706,766,21,2,8,7,0,16638,6.6,17487,206,40,0,-9,2,2,2,-22,8,0.4
"3673","Blue","Red","Blue","Red",16,1,11,13,0,18625,6.6,17323,190,45,1430,916,14,4,8,9,0,17195,6.6,16407,215,54,0,2,-3,3,4,-25,-9,0
"3674","Blue","Neither","Neither","Red",13,3,2,2,0,13825,6.6,15977,185,51,-2891,-3196,16,0,7,7,0,16716,7.4,19173,229,53,0,-3,3,-5,-5,-44,-2,-0.800000000000001
"3675","Red","Blue","Red","Red",14,1,3,1,0,14604,6.6,17494,198,58,-3333,-379,15,3,7,10,0,17937,6.8,17873,245,40,0,-1,-2,-4,-9,-47,18,-0.2
"3676","Red","Neither","Red","Red",18,1,5,5,0,15770,6.4,16913,241,36,-2580,-3307,16,1,8,6,0,18350,7.2,20220,224,79,0,2,0,-3,-1,17,-43,-0.8
"3677","Blue","Red","Red","Red",15,4,8,4,0,16566,7.2,18723,214,48,-1838,-1127,16,1,9,7,0,18404,7.2,19850,238,60,0,-1,3,-1,-3,-24,-12,0
"3678","Red","Red","Neither","Blue",93,4,7,6,0,17129,6.8,17586,228,36,1440,247,15,5,4,4,0,15689,7,17339,211,60,0,78,-1,3,2,17,-24,-0.2
"3679","Red","Red","Neither","Red",14,2,4,5,0,16176,7,18293,254,59,-992,-804,50,4,7,6,0,17168,6.8,19097,262,48,0,-36,-2,-3,-1,-8,11,0.2
"3680","Blue","Neither","Blue","Red",18,5,15,15,1,21056,7.2,19016,206,35,5433,3364,31,4,5,3,0,15623,6.4,15652,193,53,1,-13,1,10,12,13,-18,0.8
"3681","Blue","Blue","Neither","Blue",16,4,12,10,0,20471,7.6,20212,230,62,3941,3044,16,3,7,6,0,16530,6.6,17168,198,39,0,0,1,5,4,32,23,1
"3682","Blue","Red","Neither","Red",17,4,8,14,1,18823,6.6,18188,245,47,4509,2253,14,4,3,2,0,14314,6.6,15935,218,40,1,3,0,5,12,27,7,0
"3683","Blue","Red","Neither","Blue",8,1,7,6,0,17204,7.4,19558,255,48,2385,966,37,0,3,4,0,14819,7,18592,215,52,0,-29,1,4,2,40,-4,0.4
"3684","Blue","Neither","Neither","Blue",15,2,12,23,0,17628,6.2,14939,184,28,4007,970,17,2,2,3,0,13621,6.2,13969,183,44,0,-2,0,10,20,1,-16,0
"3685","Red","Blue","Neither","Blue",39,3,7,11,0,16562,7,17625,180,51,438,196,16,2,8,5,0,16124,7,17429,201,48,0,23,1,-1,6,-21,3,0
"3686","Red","Blue","Neither","Red",13,2,6,6,0,16543,7,17893,213,47,-3032,-1002,16,2,11,16,0,19575,7.2,18895,240,39,0,-3,0,-5,-10,-27,8,-0.2
"3687","Red","Red","Red","Red",13,2,9,12,1,19292,6.8,18197,213,49,4062,2332,26,2,4,6,0,15230,6.4,15865,191,42,1,-13,0,5,6,22,7,0.399999999999999
"3688","Red","Neither","Neither","Red",38,3,5,6,0,15590,7.2,18314,211,36,-816,332,14,1,6,4,0,16406,7,17982,227,60,0,24,2,-1,2,-16,-24,0.2
"3689","Blue","Red","Neither","Red",13,2,5,5,0,15885,7,17852,250,45,2107,464,14,1,1,1,0,13778,6.6,17388,231,38,0,-1,1,4,4,19,7,0.4
"3690","Blue","Blue","Neither","Red",16,1,6,6,0,15936,6.6,17184,233,36,-2542,-1008,17,2,10,9,0,18478,7,18192,233,52,0,-1,-1,-4,-3,0,-16,-0.4
"3691","Blue","Red","Red","Blue",36,4,3,3,0,15040,6.6,16582,205,48,-952,-1268,16,2,7,4,0,15992,7,17850,205,44,0,20,2,-4,-1,0,4,-0.4
"3692","Blue","Blue","Neither","Red",16,3,6,9,0,15927,6.8,17735,198,49,1824,638,16,2,3,1,0,14103,7,17097,202,46,0,0,1,3,8,-4,3,-0.2
"3693","Red","Red","Red","Red",17,4,0,0,0,14231,6.8,17522,230,64,-2681,-1877,39,4,5,6,0,16912,7.2,19399,248,56,0,-22,0,-5,-6,-18,8,-0.4
"3694","Red","Red","Neither","Red",10,8,3,2,0,14998,7,17859,218,60,-993,-1150,39,3,6,6,0,15991,7,19009,236,55,0,-29,5,-3,-4,-18,5,0
"3695","Red","Red","Blue","Red",20,1,11,12,0,18315,6.6,17665,232,40,-337,-1295,14,5,13,14,0,18652,7.2,18960,197,56,0,6,-4,-2,-2,35,-16,-0.600000000000001
"3696","Blue","Blue","Neither","Blue",37,3,8,9,0,16977,7.4,19499,199,39,3115,2163,14,1,0,0,0,13862,6.8,17336,217,67,0,23,2,8,9,-18,-28,0.600000000000001
"3697","Blue","Blue","Red","Blue",16,2,3,2,0,14857,6.6,17267,228,57,-2748,-2417,16,1,7,8,0,17605,7.4,19684,208,64,0,0,1,-4,-6,20,-7,-0.800000000000001
"3698","Red","Red","Neither","Blue",17,4,5,5,0,14819,6.4,15937,183,46,-3477,-3301,41,5,9,7,0,18296,7.2,19238,227,58,0,-24,-1,-4,-2,-44,-12,-0.8
"3699","Red","Blue","Neither","Blue",46,8,3,5,0,15570,7.2,18813,236,60,-61,-100,24,8,2,2,0,15631,7.2,18913,260,60,0,22,0,1,3,-24,0,0
"3700","Red","Neither","Neither","Red",14,5,3,7,0,14231,6.2,15543,208,44,-5316,-3648,19,3,14,21,0,19547,7.4,19191,214,48,0,-5,2,-11,-14,-6,-4,-1.2
"3701","Blue","Blue","Neither","Blue",18,2,13,12,0,19558,7,19133,215,44,3257,1407,15,2,7,5,0,16301,6.8,17726,203,66,0,3,0,6,7,12,-22,0.2
"3702","Blue","Blue","Neither","Blue",17,5,10,9,0,18531,7.2,18550,217,44,1492,-676,19,7,9,4,0,17039,7,19226,214,56,0,-2,-2,1,5,3,-12,0.2
"3703","Red","Neither","Neither","Red",27,3,5,6,0,15211,6.6,16678,179,55,-1310,-1595,15,3,5,4,0,16521,6.8,18273,222,48,0,12,0,0,2,-43,7,-0.2
"3704","Red","Blue","Blue","Red",35,1,1,2,0,13683,6.8,16232,198,60,-2032,-1876,16,3,2,1,0,15715,6.8,18108,262,51,0,19,-2,-1,1,-64,9,0
"3705","Blue","Red","Neither","Blue",38,0,6,7,0,16887,7.4,19954,232,64,846,680,14,21,3,1,0,16041,7.2,19274,242,64,0,24,-21,3,6,-10,0,0.2
"3706","Blue","Red","Red","Blue",18,2,4,4,0,16317,7,17928,228,50,-248,-1557,20,3,6,4,0,16565,7.2,19485,225,59,0,-2,-1,-2,0,3,-9,-0.2
"3707","Blue","Neither","Blue","Blue",16,2,12,15,0,19000,7,18072,210,48,4181,1584,15,2,4,4,0,14819,6.4,16488,193,45,0,1,0,8,11,17,3,0.6
"3708","Red","Red","Neither","Red",16,1,6,8,0,16421,7.4,18535,222,52,121,-123,15,3,6,4,0,16300,7.2,18658,240,52,0,1,-2,0,4,-18,0,0.2
"3709","Blue","Blue","Red","Blue",11,2,4,8,0,16341,7.4,19567,236,72,1567,1637,14,0,4,3,0,14774,6.8,17930,203,55,0,-3,2,0,5,33,17,0.600000000000001
"3710","Blue","Neither","Neither","Blue",19,1,13,13,0,18901,7.2,19110,244,36,2972,1799,14,2,6,4,0,15929,6.8,17311,206,52,0,5,-1,7,9,38,-16,0.4
"3711","Blue","Neither","Neither","Red",12,6,2,1,0,13860,6.6,16835,193,52,-2807,-1537,90,5,5,6,0,16667,6.8,18372,249,42,0,-78,1,-3,-5,-56,10,-0.2
"3712","Red","Red","Neither","Red",15,0,4,4,0,15317,7,18310,225,56,-1742,-357,26,4,7,7,0,17059,6.8,18667,221,67,0,-11,-4,-3,-3,4,-11,0.2
"3713","Blue","Blue","Neither","Blue",87,3,11,13,1,20111,7,18316,231,46,4588,930,11,1,6,6,0,15523,7,17386,153,54,1,76,2,5,7,78,-8,0
"3714","Blue","Blue","Neither","Blue",16,5,11,19,0,18631,7.4,19229,229,53,3123,3364,17,4,6,10,0,15508,6.6,15865,194,38,0,-1,1,5,9,35,15,0.800000000000001
"3715","Red","Red","Neither","Blue",36,1,2,5,0,14766,6.8,16685,236,47,-1174,-1478,43,0,7,7,0,15940,7,18163,190,64,0,-7,1,-5,-2,46,-17,-0.2
"3716","Blue","Neither","Neither","Red",15,3,6,6,0,15967,6.8,17567,222,56,-844,-640,16,2,6,6,0,16811,7,18207,234,48,0,-1,1,0,0,-12,8,-0.2
"3717","Blue","Blue","Neither","Blue",11,0,7,7,0,18117,7.4,19804,236,72,5779,5212,17,0,2,0,0,12338,5.6,14592,197,8,0,-6,0,5,7,39,64,1.8
"3718","Blue","Blue","Neither","Blue",44,9,7,8,0,16379,6.8,17323,207,48,377,372,19,6,5,9,0,16002,6.8,16951,243,44,0,25,3,2,-1,-36,4,0
"3719","Blue","Neither","Neither","Red",15,3,6,5,0,16530,6.8,17332,226,47,-673,-1416,15,3,8,6,0,17203,7.2,18748,198,44,0,0,0,-2,-1,28,3,-0.4
"3720","Red","Neither","Neither","Red",17,19,3,2,0,15451,6.8,17544,243,57,-3380,-2659,44,5,11,11,0,18831,7.4,20203,234,63,0,-27,14,-8,-9,9,-6,-0.600000000000001
"3721","Blue","Red","Blue","Red",31,2,8,5,0,17553,7.4,19041,203,64,2034,2002,16,0,4,4,0,15519,6.8,17039,211,52,0,15,2,4,1,-8,12,0.600000000000001
"3722","Blue","Red","Neither","Blue",15,3,9,15,0,18721,7.2,19444,240,48,2411,1852,14,4,5,6,0,16310,6.8,17592,219,58,0,1,-1,4,9,21,-10,0.4
"3723","Blue","Red","Neither","Blue",17,2,7,3,0,16611,6.8,18323,216,60,912,505,27,4,6,6,0,15699,7,17818,195,57,0,-10,-2,1,-3,21,3,-0.2
"3724","Red","Blue","Neither","Blue",51,2,4,5,0,15059,6.8,17260,196,60,-345,-715,36,11,4,2,0,15404,6.6,17975,237,52,0,15,-9,0,3,-41,8,0.2
"3725","Red","Red","Neither","Red",18,3,3,3,0,14715,7,17406,198,58,-2290,-1334,37,7,6,8,0,17005,7,18740,229,56,0,-19,-4,-3,-5,-31,2,0
"3726","Red","Blue","Red","Red",14,5,8,9,0,16753,6.8,18557,233,40,204,-830,13,3,5,4,0,16549,7.2,19387,217,52,0,1,2,3,5,16,-12,-0.4
"3727","Red","Red","Neither","Red",17,3,6,3,0,15676,6.6,17356,210,44,-2653,-376,15,1,12,15,0,18329,7,17732,191,48,0,2,2,-6,-12,19,-4,-0.4
"3728","Red","Neither","Neither","Red",23,3,9,11,0,17616,7,18731,195,73,356,565,39,7,7,8,0,17260,7,18166,208,55,0,-16,-4,2,3,-13,18,0
"3729","Blue","Blue","Blue","Blue",17,3,6,5,0,16727,7.2,18834,220,55,613,-602,40,3,4,3,0,16114,7.4,19436,247,52,0,-23,0,2,2,-27,3,-0.2
"3730","Blue","Blue","Neither","Blue",14,2,12,13,0,19626,7.6,20682,228,68,4400,3092,13,3,3,2,0,15226,6.6,17590,223,48,0,1,-1,9,11,5,20,1
"3731","Blue","Red","Neither","Red",15,5,6,6,0,16763,6.8,17822,207,52,54,-119,20,3,6,7,0,16709,6.8,17941,214,53,0,-5,2,0,-1,-7,-1,0
"3732","Blue","Neither","Neither","Blue",35,2,4,4,0,15686,7,18036,206,52,126,290,14,3,4,6,0,15560,6.8,17746,224,48,0,21,-1,0,-2,-18,4,0.2
"3733","Blue","Blue","Neither","Red",12,4,3,2,0,14502,7,17745,217,43,-430,53,32,3,2,1,0,14932,6.8,17692,223,60,0,-20,1,1,1,-6,-17,0.2
"3734","Red","Neither","Neither","Red",18,4,3,3,0,15130,6.6,16749,220,42,-2528,-1326,52,7,10,13,0,17658,7,18075,218,41,0,-34,-3,-7,-10,2,1,-0.4
"3735","Blue","Neither","Neither","Blue",14,6,7,7,0,16718,7,18415,200,48,558,-1308,17,3,3,2,0,16160,7.2,19723,225,80,0,-3,3,4,5,-25,-32,-0.2
"3736","Blue","Red","Neither","Blue",41,2,8,10,0,16929,7,18100,200,48,1134,1146,19,3,4,3,0,15795,6.6,16954,239,52,0,22,-1,4,7,-39,-4,0.4
"3737","Blue","Red","Neither","Red",17,3,6,6,0,16407,7.4,18871,168,67,-949,-297,68,5,9,3,0,17356,7.2,19168,216,53,0,-51,-2,-3,3,-48,14,0.2
"3738","Blue","Blue","Neither","Blue",16,3,11,11,0,19165,7.4,20050,219,47,4297,2642,16,2,4,4,0,14868,6.8,17408,177,55,0,0,1,7,7,42,-8,0.600000000000001
"3739","Red","Red","Blue","Blue",23,4,3,6,1,15698,6.4,16251,189,47,-1838,-1430,68,4,8,9,0,17536,6.8,17681,211,58,1,-45,0,-5,-3,-22,-11,-0.399999999999999
"3740","Red","Neither","Neither","Red",13,3,6,3,0,15398,6.6,17682,184,40,-2115,-1147,13,2,9,6,0,17513,7,18829,233,36,0,0,1,-3,-3,-49,4,-0.4
"3741","Blue","Blue","Blue","Blue",19,1,6,6,0,17201,6.8,17943,186,67,2184,419,48,3,3,4,0,15017,6.8,17524,211,52,0,-29,-2,3,2,-25,15,0
"3742","Blue","Red","Blue","Red",141,1,4,3,0,15964,7,18056,199,55,-406,-1050,24,1,7,5,0,16370,7.2,19106,190,54,0,117,0,-3,-2,9,1,-0.2
"3743","Red","Red","Red","Red",221,1,2,1,0,13121,6,14672,172,32,-6707,-5252,31,1,14,13,0,19828,7.6,19924,203,55,0,190,0,-12,-12,-31,-23,-1.6
"3744","Red","Blue","Neither","Red",18,1,3,1,0,15701,7,17966,245,44,826,-382,13,1,4,6,0,14875,7,18348,193,62,0,5,0,-1,-5,52,-18,0
"3745","Blue","Red","Neither","Blue",16,1,10,13,0,17917,6.8,17997,199,44,-1074,-1029,18,2,10,9,0,18991,7.2,19026,233,56,0,-2,-1,0,4,-34,-12,-0.4
"3746","Blue","Red","Neither","Blue",11,3,11,8,0,18288,7.4,19406,207,57,2616,3108,12,0,7,9,0,15672,6.6,16298,177,44,0,-1,3,4,-1,30,13,0.800000000000001
"3747","Blue","Blue","Neither","Blue",50,5,12,17,0,18857,7.2,18670,195,50,1292,812,38,1,9,10,0,17565,7,17858,207,48,0,12,4,3,7,-12,2,0.2
"3748","Red","Red","Neither","Blue",23,5,10,12,0,17374,6.8,17514,214,39,562,243,17,2,6,9,0,16812,6.8,17271,204,47,0,6,3,4,3,10,-8,0
"3749","Red","Red","Blue","Blue",17,3,6,4,1,17620,6.8,18344,227,56,1345,1361,40,4,7,14,0,16275,6.6,16983,199,45,1,-23,-1,-1,-10,28,11,0.2
"3750","Red","Neither","Neither","Red",27,5,8,8,0,17238,7,17907,204,49,-2693,-709,15,4,13,9,0,19931,7.2,18616,228,49,0,12,1,-5,-1,-24,0,-0.2
"3751","Red","Red","Blue","Blue",41,3,4,1,0,15709,7,17814,207,52,-1696,-1748,22,4,9,6,0,17405,7.2,19562,239,55,0,19,-1,-5,-5,-32,-3,-0.2
"3752","Red","Red","Blue","Red",16,3,8,6,0,17693,7.2,19111,202,52,-384,-345,16,6,11,10,0,18077,7.2,19456,199,37,0,0,-3,-3,-4,3,15,0
"3753","Blue","Red","Neither","Red",61,3,5,5,0,16343,6.8,18250,233,52,77,239,17,4,7,9,0,16266,6.8,18011,203,52,0,44,-1,-2,-4,30,0,0
"3754","Blue","Blue","Neither","Red",64,3,7,7,0,17033,6.8,18063,225,41,2789,2000,18,2,2,2,0,14244,6.4,16063,210,41,0,46,1,5,5,15,0,0.399999999999999
"3755","Red","Red","Neither","Blue",36,3,6,4,0,15956,7,17947,229,43,56,-587,18,1,5,2,0,15900,7,18534,231,44,0,18,2,1,2,-2,-1,0
"3756","Red","Red","Neither","Red",17,3,3,1,0,14780,6.8,16972,215,61,-2568,-2314,40,4,7,10,0,17348,7.2,19286,215,54,0,-23,-1,-4,-9,0,7,-0.4
"3757","Blue","Blue","Blue","Red",21,3,5,8,0,16709,7,18855,222,68,728,2095,15,7,5,8,0,15981,6.8,16760,224,44,0,6,-4,0,0,-2,24,0.2
"3758","Blue","Blue","Neither","Blue",16,3,13,12,0,18748,7,17735,181,44,2236,337,14,2,5,2,0,16512,6.6,17398,194,63,0,2,1,8,10,-13,-19,0.4
"3759","Red","Neither","Neither","Blue",17,2,4,2,0,15598,7,18672,204,72,-518,868,17,4,5,10,0,16116,7,17804,225,40,0,0,-2,-1,-8,-21,32,0
"3760","Red","Red","Neither","Red",138,1,5,3,0,15108,6.8,17595,202,53,-3086,-1701,18,1,9,8,0,18194,7.2,19296,222,47,0,120,0,-4,-5,-20,6,-0.4
"3761","Red","Red","Neither","Red",15,1,1,1,0,13679,6.4,16597,209,52,-4365,-2883,20,4,6,6,0,18044,7.2,19480,243,59,0,-5,-3,-5,-5,-34,-7,-0.8
"3762","Blue","Blue","Blue","Blue",16,2,7,7,0,17453,7,17851,237,49,1478,483,36,2,6,8,0,15975,7,17368,199,62,0,-20,0,1,-1,38,-13,0
"3763","Red","Red","Red","Red",16,3,3,3,0,15120,6.8,16829,191,56,-5023,-1374,21,1,15,28,0,20143,7.2,18203,217,44,0,-5,2,-12,-25,-26,12,-0.4
"3764","Blue","Neither","Neither","Blue",14,3,9,12,0,17491,6.6,16826,200,48,233,-1221,74,0,7,8,0,17258,6.8,18047,216,45,0,-60,3,2,4,-16,3,-0.2
"3765","Blue","Neither","Neither","Red",23,4,7,8,0,16798,7,18520,225,45,916,780,17,3,4,4,0,15882,7,17740,236,48,0,6,1,3,4,-11,-3,0
"3766","Blue","Blue","Blue","Red",22,5,1,1,0,14379,6.8,17751,247,64,-411,430,17,4,1,2,0,14790,7,17321,228,45,0,5,1,0,-1,19,19,-0.2
"3767","Red","Red","Neither","Blue",17,2,5,5,0,15953,6.8,16466,223,51,-1047,-193,16,1,9,10,0,17000,6.4,16659,179,68,0,1,1,-4,-5,44,-17,0.399999999999999
"3768","Blue","Red","Neither","Red",14,2,7,5,0,17303,7,18048,216,43,3111,1587,13,4,5,2,0,14192,6.6,16461,165,48,0,1,-2,2,3,51,-5,0.4
"3769","Blue","Blue","Red","Blue",14,1,4,4,0,16114,7,18458,233,58,1694,1199,18,0,3,3,0,14420,6.6,17259,210,48,0,-4,1,1,1,23,10,0.4
"3770","Blue","Blue","Neither","Blue",14,4,15,19,0,21314,7.2,19360,245,32,6950,3536,15,2,4,2,0,14364,6.4,15824,193,37,0,-1,2,11,17,52,-5,0.8
"3771","Blue","Blue","Blue","Blue",17,4,5,2,0,15660,6.8,18225,224,53,413,947,25,5,4,2,0,15247,6.8,17278,226,33,0,-8,-1,1,0,-2,20,0
"3772","Red","Blue","Red","Blue",18,2,9,13,0,17169,6.8,17934,216,33,-92,-1411,14,0,6,6,0,17261,7.2,19345,221,63,0,4,2,3,7,-5,-30,-0.4
"3773","Blue","Blue","Blue","Red",14,2,6,7,0,15649,6.8,17052,186,44,-2822,-1240,13,2,9,9,0,18471,7,18292,248,32,0,1,0,-3,-2,-62,12,-0.2
"3774","Blue","Red","Red","Blue",110,4,7,8,0,17088,7,18086,204,53,180,893,36,2,5,9,0,16908,6.8,17193,230,54,0,74,2,2,-1,-26,-1,0.2
"3775","Blue","Blue","Red","Blue",20,3,7,8,0,18042,7,19223,239,68,2006,346,15,2,5,4,0,16036,7.2,18877,222,56,0,5,1,2,4,17,12,-0.2
"3776","Red","Red","Red","Red",15,2,5,3,0,15424,6.8,17248,191,35,-4585,-3125,15,4,14,13,0,20009,7.4,20373,228,56,0,0,-2,-9,-10,-37,-21,-0.600000000000001
"3777","Blue","Red","Red","Red",16,1,3,3,0,15459,7,18000,230,55,-174,231,15,4,4,5,0,15633,7,17769,212,48,0,1,-3,-1,-2,18,7,0
"3778","Blue","Neither","Neither","Blue",11,2,14,12,0,19588,7.2,19987,217,45,3864,2988,28,1,6,10,0,15724,6.8,16999,162,50,0,-17,1,8,2,55,-5,0.4
"3779","Blue","Red","Blue","Blue",13,0,8,6,0,16951,7,18684,200,57,-32,-204,15,2,9,9,0,16983,7,18888,216,46,0,-2,-2,-1,-3,-16,11,0
"3780","Red","Blue","Neither","Red",14,3,4,3,0,15533,7,18431,214,56,-3728,-2079,16,4,9,8,0,19261,7.4,20510,259,65,0,-2,-1,-5,-5,-45,-9,-0.4
"3781","Red","Neither","Neither","Blue",12,3,7,8,0,17653,7,18461,231,59,2962,2430,18,1,4,5,0,14691,6.4,16031,210,31,0,-6,2,3,3,21,28,0.6
"3782","Red","Neither","Neither","Red",21,3,4,2,0,14811,6.6,17429,224,44,-2076,-679,19,3,7,6,0,16887,6.8,18108,235,36,0,2,0,-3,-4,-11,8,-0.2
"3783","Blue","Red","Neither","Blue",16,2,3,3,0,14538,6.2,15395,177,50,-1266,-1255,13,2,6,6,0,15804,6.4,16650,200,52,0,3,0,-3,-3,-23,-2,-0.2
"3784","Blue","Neither","Neither","Blue",18,4,12,20,0,20188,7.2,18981,226,47,2735,1076,15,2,9,19,0,17453,6.8,17905,198,42,0,3,2,3,1,28,5,0.4
"3785","Red","Neither","Neither","Red",37,2,5,3,0,16021,7.2,19551,216,60,-470,1524,16,1,4,4,0,16491,6.8,18027,237,50,0,21,1,1,-1,-21,10,0.4
"3786","Blue","Red","Red","Red",71,5,6,6,0,16112,6.8,17631,207,42,922,146,23,4,4,5,0,15190,7,17485,199,72,0,48,1,2,1,8,-30,-0.2
"3787","Blue","Blue","Red","Red",15,1,6,2,0,15967,7,18611,237,56,-999,-778,10,3,5,5,0,16966,7.2,19389,250,54,0,5,-2,1,-3,-13,2,-0.2
"3788","Red","Red","Red","Red",15,3,1,1,0,13126,6.6,17066,173,55,-3823,-2613,27,3,6,3,0,16949,7.2,19679,234,63,0,-12,0,-5,-2,-61,-8,-0.600000000000001
"3789","Blue","Blue","Blue","Blue",18,6,6,8,0,17501,7.2,19153,248,52,2122,1958,18,3,2,2,0,15379,6.6,17195,229,52,0,0,3,4,6,19,0,0.600000000000001
"3790","Blue","Blue","Red","Blue",17,2,11,8,0,18826,7.4,20300,225,48,3988,4246,18,1,3,3,0,14838,6.4,16054,195,55,0,-1,1,8,5,30,-7,1
"3791","Red","Blue","Neither","Red",41,3,1,2,0,14165,6.8,17829,218,59,-1963,-45,19,2,6,7,0,16128,7,17874,205,52,0,22,1,-5,-5,13,7,-0.2
"3792","Red","Blue","Neither","Blue",15,2,10,17,0,18110,6.8,18193,193,60,2607,657,15,1,3,5,0,15503,6.6,17536,236,56,0,0,1,7,12,-43,4,0.2
"3793","Red","Red","Blue","Blue",12,1,5,5,0,16731,7.4,19377,238,60,1675,2022,16,1,4,2,0,15056,6.8,17355,218,63,0,-4,0,1,3,20,-3,0.600000000000001
"3794","Red","Red","Neither","Red",16,2,8,8,0,16984,7,18400,206,44,-1720,-1376,216,3,9,6,0,18704,7.2,19776,226,52,0,-200,-1,-1,2,-20,-8,-0.2
"3795","Blue","Blue","Neither","Red",17,3,2,2,0,14341,6.8,17715,233,52,-1929,-680,15,4,6,8,0,16270,7,18395,233,44,0,2,-1,-4,-6,0,8,-0.2
"3796","Blue","Blue","Neither","Blue",13,2,8,10,0,17667,7.4,19486,237,48,2461,1779,15,2,5,6,0,15206,6.8,17707,217,36,0,-2,0,3,4,20,12,0.600000000000001
"3797","Red","Red","Red","Red",90,3,1,1,0,13704,6.6,16135,202,47,-5578,-2480,17,3,8,9,1,19282,7,18615,247,64,-1,73,0,-7,-8,-45,-17,-0.4
"3798","Red","Blue","Neither","Blue",14,2,6,11,0,15863,7,17107,191,49,-3479,-2205,12,3,12,18,0,19342,7.4,19312,222,58,0,2,-1,-6,-7,-31,-9,-0.4
"3799","Red","Neither","Neither","Red",18,5,2,2,0,14834,7,17374,198,67,-4063,-2598,21,7,12,12,0,18897,7.4,19972,243,49,0,-3,-2,-10,-10,-45,18,-0.4
"3800","Blue","Neither","Neither","Red",15,3,12,16,0,19246,7.2,19668,231,40,2861,1432,15,2,7,5,0,16385,6.8,18236,213,55,0,0,1,5,11,18,-15,0.4
"3801","Blue","Blue","Blue","Blue",11,3,9,12,0,17091,6.8,17740,214,40,940,503,18,0,7,6,0,16151,6.8,17237,210,48,0,-7,3,2,6,4,-8,0
"3802","Red","Blue","Red","Red",16,1,2,3,0,13803,6.4,15972,181,45,-5226,-3701,15,2,8,9,0,19029,7.2,19673,259,55,0,1,-1,-6,-6,-78,-10,-0.8
"3803","Blue","Blue","Blue","Blue",27,5,4,3,0,16485,7.2,19097,250,68,-264,315,38,3,6,9,0,16749,7.2,18782,233,49,0,-11,2,-2,-6,17,19,0
"3804","Red","Red","Neither","Red",16,2,2,0,0,14876,7,18374,218,68,-1187,-1561,12,3,4,3,0,16063,7.4,19935,222,68,0,4,-1,-2,-3,-4,0,-0.4
"3805","Blue","Neither","Neither","Blue",9,4,6,6,0,17594,7,18431,237,42,2264,1006,20,3,5,5,0,15330,6.8,17425,190,55,0,-11,1,1,1,47,-13,0.2
"3806","Red","Red","Neither","Red",16,3,6,9,0,16230,6.8,17275,225,51,-2725,-2117,16,4,11,12,0,18955,7,19392,221,74,0,0,-1,-5,-3,4,-23,-0.2
"3807","Blue","Blue","Red","Blue",17,1,4,3,0,15239,7.2,18213,222,49,-251,231,15,3,4,6,0,15490,6.8,17982,213,55,0,2,-2,0,-3,9,-6,0.4
"3808","Red","Neither","Neither","Blue",16,1,8,7,0,16247,6.6,16555,189,36,-3023,-3630,14,4,12,9,0,19270,7.6,20185,244,52,0,2,-3,-4,-2,-55,-16,-1
"3809","Red","Red","Neither","Blue",12,8,4,4,0,15223,6.8,18081,216,48,-375,180,19,4,5,7,0,15598,7.2,17901,226,48,0,-7,4,-1,-3,-10,0,-0.4
"3810","Red","Blue","Red","Blue",43,3,5,2,0,16099,7,18159,244,50,-1367,-1526,19,14,9,9,0,17466,7.4,19685,197,64,0,24,-11,-4,-7,47,-14,-0.4
"3811","Blue","Red","Neither","Blue",15,1,9,8,0,17940,7.4,19752,224,53,3828,2549,13,3,3,3,0,14112,6.8,17203,200,37,0,2,-2,6,5,24,16,0.600000000000001
"3812","Red","Red","Neither","Blue",11,2,2,0,0,15652,7.6,19647,270,68,-194,459,14,1,2,2,0,15846,7,19188,276,60,0,-3,1,0,-2,-6,8,0.6
"3813","Red","Blue","Neither","Blue",19,3,9,8,0,18161,7,19168,213,53,1926,2400,10,3,6,9,0,16235,6.8,16768,202,29,0,9,0,3,-1,11,24,0.2
"3814","Red","Red","Red","Red",13,2,2,1,0,13569,6,14129,165,52,-3535,-3197,15,0,9,11,0,17104,7,17326,215,44,0,-2,2,-7,-10,-50,8,-1
"3815","Blue","Red","Red","Red",18,6,8,9,0,18048,7.2,18082,242,57,1831,994,17,5,7,11,0,16217,6.8,17088,218,40,0,1,1,1,-2,24,17,0.4
"3816","Red","Blue","Red","Red",17,3,6,2,1,17046,7.2,18406,197,76,-190,-576,15,5,7,5,0,17236,7.2,18982,229,53,1,2,-2,-1,-3,-32,23,0
"3817","Blue","Blue","Neither","Red",15,5,4,6,0,16647,7.4,19826,227,72,744,878,16,2,3,2,0,15903,7,18948,242,56,0,-1,3,1,4,-15,16,0.4
"3818","Blue","Blue","Neither","Blue",13,7,6,8,0,16283,7,18397,228,44,-152,71,19,1,5,8,0,16435,6.8,18326,253,40,0,-6,6,1,0,-25,4,0.2
"3819","Blue","Red","Neither","Blue",26,4,15,16,1,22433,7.4,20086,230,56,7621,4647,16,1,4,9,0,14812,6.4,15439,192,56,1,10,3,11,7,38,0,1
"3820","Red","Neither","Neither","Blue",17,2,5,9,0,15429,6.8,16480,202,44,1043,-1408,38,3,2,3,0,14386,6.8,17888,203,38,0,-21,-1,3,6,-1,6,0
"3821","Red","Red","Neither","Red",11,1,8,8,0,16239,7,17518,186,48,-1289,-1384,16,2,10,8,0,17528,7,18902,204,53,0,-5,-1,-2,0,-18,-5,0
"3822","Blue","Red","Neither","Blue",39,5,10,11,0,18228,7.2,19423,250,36,3419,4709,14,2,4,2,0,14809,6.2,14714,193,41,0,25,3,6,9,57,-5,1
"3823","Red","Blue","Red","Blue",15,3,5,9,0,16983,7,18017,238,46,-851,-115,17,2,5,5,1,17834,6.8,18132,228,59,-1,-2,1,0,4,10,-13,0.2
"3824","Blue","Neither","Neither","Red",19,0,8,10,0,16957,7,18220,204,55,1484,469,14,4,5,3,0,15473,6.6,17751,226,35,0,5,-4,3,7,-22,20,0.4
"3825","Blue","Blue","Red","Blue",85,3,13,13,0,18962,7.6,20021,207,48,3833,2849,20,2,4,3,0,15129,6.8,17172,203,43,0,65,1,9,10,4,5,0.8
"3826","Red","Blue","Neither","Red",15,0,9,15,0,16888,6.8,17236,200,48,993,783,13,1,5,7,0,15895,6.4,16453,206,48,0,2,-1,4,8,-6,0,0.399999999999999
"3827","Red","Red","Neither","Red",16,3,4,5,0,14993,6.4,16201,208,48,-3416,-2347,18,1,10,12,0,18409,7.2,18548,206,64,0,-2,2,-6,-7,2,-16,-0.8
"3828","Blue","Blue","Neither","Blue",41,4,8,10,0,16076,6.2,14942,181,42,143,-603,12,0,9,18,0,15933,6.4,15545,178,32,0,29,4,-1,-8,3,10,-0.2
"3829","Blue","Red","Neither","Blue",16,4,6,4,0,17007,7.4,19713,242,52,3332,2410,16,2,1,2,0,13675,6.8,17303,194,68,0,0,2,5,2,48,-16,0.600000000000001
"3830","Red","Blue","Neither","Red",15,4,6,7,0,16000,6.4,16023,212,19,-1208,-2526,17,2,8,13,0,17208,7.2,18549,210,37,0,-2,2,-2,-6,2,-18,-0.8
"3831","Red","Red","Blue","Blue",34,3,4,4,0,16021,6.8,18017,209,69,-217,571,71,1,5,6,0,16238,6.8,17446,236,47,0,-37,2,-1,-2,-27,22,0
"3832","Blue","Red","Neither","Red",44,7,8,9,0,17345,7,18111,183,41,1421,-792,19,3,5,4,0,15924,7,18903,207,68,0,25,4,3,5,-24,-27,0
"3833","Red","Red","Neither","Red",15,0,10,13,0,17976,7.4,18454,176,52,1642,1965,13,1,6,5,0,16334,6.4,16489,195,46,0,2,-1,4,8,-19,6,1
"3834","Red","Red","Neither","Red",18,1,6,9,0,16853,7,18059,225,44,-1590,-1867,12,2,10,9,0,18443,7.2,19926,242,55,0,6,-1,-4,0,-17,-11,-0.2
"3835","Red","Red","Blue","Blue",18,3,7,6,0,16300,7,18376,226,47,286,-12,16,7,3,2,0,16014,6.8,18388,239,56,0,2,-4,4,4,-13,-9,0.2
"3836","Blue","Blue","Neither","Blue",15,2,4,3,0,16417,7,18579,248,72,1930,793,14,1,1,1,0,14487,6.8,17786,257,54,0,1,1,3,2,-9,18,0.2
"3837","Red","Blue","Neither","Blue",19,3,7,5,0,17466,6.8,17536,239,61,2887,2085,37,3,5,7,0,14579,6.2,15451,174,46,0,-18,0,2,-2,65,15,0.6
"3838","Blue","Blue","Neither","Red",42,3,14,13,0,19830,7.2,19377,217,60,2594,2485,14,6,9,9,0,17236,6.6,16892,185,40,0,28,-3,5,4,32,20,0.600000000000001
"3839","Red","Red","Neither","Red",22,3,6,9,0,16726,7,18564,234,54,897,366,13,6,4,2,0,15829,7,18198,214,69,0,9,-3,2,7,20,-15,0
"3840","Red","Red","Neither","Blue",19,2,9,9,0,17162,7,18004,193,38,778,548,20,1,6,14,0,16384,7,17456,200,53,0,-1,1,3,-5,-7,-15,0
"3841","Blue","Blue","Neither","Blue",34,0,13,12,0,19535,7.4,19835,231,53,4778,4324,17,2,5,5,0,14757,6.2,15511,173,51,0,17,-2,8,7,58,2,1.2
"3842","Blue","Neither","Neither","Red",63,2,4,4,0,15514,7.2,18840,235,64,-81,882,13,0,2,1,0,15595,7,17958,261,55,0,50,2,2,3,-26,9,0.2
"3843","Blue","Neither","Neither","Blue",15,1,4,4,0,16008,7.2,19253,247,45,344,1298,15,3,1,2,0,15664,7,17955,264,52,0,0,-2,3,2,-17,-7,0.2
"3844","Blue","Red","Neither","Blue",18,2,7,9,0,16981,7.2,19106,232,46,2483,2299,45,1,3,3,0,14498,6.6,16807,190,52,0,-27,1,4,6,42,-6,0.600000000000001
"3845","Red","Red","Red","Red",17,3,4,4,0,14722,6.6,17262,190,48,-2208,-2862,15,1,8,4,0,16930,7.6,20124,210,72,0,2,2,-4,0,-20,-24,-1
"3846","Blue","Neither","Neither","Red",114,1,5,3,0,15715,7,17843,237,46,-1425,-1296,12,1,7,9,0,17140,7.4,19139,228,60,0,102,0,-2,-6,9,-14,-0.4
"3847","Red","Red","Neither","Red",15,1,3,2,0,16102,7.2,19258,257,66,-281,110,13,3,5,4,0,16383,7,19148,251,50,0,2,-2,-2,-2,6,16,0.2
"3848","Red","Red","Neither","Blue",16,4,5,1,0,14991,7,17681,180,64,-2000,-1473,16,3,7,6,0,16991,7.2,19154,208,62,0,0,1,-2,-5,-28,2,-0.2
"3849","Blue","Neither","Neither","Blue",16,3,11,14,0,19379,7,18120,215,40,3021,347,15,3,7,8,0,16358,6.8,17773,186,52,0,1,0,4,6,29,-12,0.2
"3850","Blue","Red","Red","Red",54,1,8,8,0,17101,7,17725,214,40,2294,1989,18,3,3,6,0,14807,6.4,15736,182,48,0,36,-2,5,2,32,-8,0.6
"3851","Blue","Red","Red","Blue",17,0,4,4,0,17186,7,19734,263,72,2478,1105,16,6,2,3,0,14708,7,18629,209,60,0,1,-6,2,1,54,12,0
"3852","Blue","Blue","Red","Red",13,2,3,1,0,15115,7.2,19609,219,72,-90,982,18,1,4,1,0,15205,7.2,18627,213,44,0,-5,1,-1,0,6,28,0
"3853","Blue","Blue","Blue","Red",16,0,4,6,0,16127,6.8,17245,235,55,1210,1410,19,4,5,3,0,14917,6.4,15835,191,40,0,-3,-4,-1,3,44,15,0.399999999999999
"3854","Blue","Neither","Neither","Red",18,4,6,9,0,15445,6.4,16320,188,40,-3473,-1314,15,2,10,11,0,18918,6.8,17634,217,40,0,3,2,-4,-2,-29,0,-0.399999999999999
"3855","Red","Neither","Neither","Red",17,2,8,8,0,16585,7,18064,207,54,-627,-998,13,2,7,4,0,17212,7.2,19062,222,64,0,4,0,1,4,-15,-10,-0.2
"3856","Red","Blue","Neither","Blue",11,4,4,7,0,15788,6.8,18264,243,50,671,881,17,0,4,5,0,15117,7,17383,228,48,0,-6,4,0,2,15,2,-0.2
"3857","Blue","Blue","Neither","Blue",26,2,7,5,0,17400,7.4,19175,239,64,567,-8,67,0,7,10,0,16833,7.2,19183,237,56,0,-41,2,0,-5,2,8,0.2
"3858","Red","Red","Blue","Blue",39,0,2,3,0,14157,6.4,16183,198,48,-3421,-2978,16,3,9,10,0,17578,7.2,19161,238,48,0,23,-3,-7,-7,-40,0,-0.8
"3859","Red","Red","Blue","Blue",38,4,2,5,0,14992,6.8,18110,226,56,-415,1224,20,2,3,5,0,15407,6.6,16886,222,55,0,18,2,-1,0,4,1,0.2
"3860","Red","Red","Blue","Blue",16,4,7,6,0,17182,7.2,18530,243,50,946,357,76,2,5,5,0,16236,7,18173,228,66,0,-60,2,2,1,15,-16,0.2
"3861","Blue","Red","Blue","Blue",12,1,7,7,0,16426,6.8,17766,187,46,846,-1893,13,2,5,0,0,15580,7.4,19659,231,61,0,-1,-1,2,7,-44,-15,-0.600000000000001
"3862","Blue","Red","Red","Red",13,3,7,11,0,16135,6.8,16250,184,46,-2299,-3211,17,3,10,11,0,18434,7.2,19461,235,59,0,-4,0,-3,0,-51,-13,-0.4
"3863","Blue","Red","Red","Blue",17,0,5,4,0,15833,7,17979,196,68,1284,25,11,3,3,0,0,14549,6.8,17954,202,56,0,6,-3,2,4,-6,12,0.2
"3864","Blue","Blue","Blue","Blue",41,3,9,10,0,18062,7.4,19711,223,51,2449,1146,18,14,4,2,0,15613,7.2,18565,233,52,0,23,-11,5,8,-10,-1,0.2
"3865","Red","Blue","Neither","Red",14,1,2,3,0,14318,7,17405,207,51,-2928,-110,17,4,4,10,1,17246,7,17515,240,44,-1,-3,-3,-2,-7,-33,7,0
"3866","Blue","Blue","Neither","Red",41,6,4,4,0,14969,6.8,16927,195,45,-1404,-509,19,4,7,6,0,16373,6.8,17436,206,46,0,22,2,-3,-2,-11,-1,0
"3867","Blue","Red","Neither","Blue",18,1,7,8,0,17177,7,19119,223,40,3368,2352,16,3,1,1,0,13809,6.6,16767,205,48,0,2,-2,6,7,18,-8,0.4
"3868","Red","Red","Neither","Blue",14,2,8,7,0,16617,7,17480,184,44,-985,-1441,21,2,9,7,0,17602,7.2,18921,222,55,0,-7,0,-1,0,-38,-11,-0.2
"3869","Red","Red","Neither","Blue",17,1,8,7,0,16908,7.2,18246,208,59,383,1668,39,3,9,14,0,16525,6.6,16578,182,30,0,-22,-2,-1,-7,26,29,0.600000000000001
"3870","Blue","Blue","Blue","Red",80,4,9,6,0,18419,7.6,19957,246,56,1773,1953,13,3,5,7,0,16646,6.8,18004,244,50,0,67,1,4,-1,2,6,0.8
"3871","Red","Neither","Neither","Blue",13,5,7,9,0,15570,6.8,15894,198,36,-2365,-1443,20,2,9,14,0,17935,6.8,17337,204,44,0,-7,3,-2,-5,-6,-8,0
"3872","Red","Red","Neither","Red",14,2,3,3,0,15016,6.8,17172,216,38,-2188,-1753,81,3,10,11,0,17204,7,18925,217,35,0,-67,-1,-7,-8,-1,3,-0.2
"3873","Blue","Blue","Neither","Blue",16,1,2,2,0,14402,7,17604,193,64,-1506,-500,15,2,4,6,0,15908,6.8,18104,227,52,0,1,-1,-2,-4,-34,12,0.2
"3874","Red","Blue","Neither","Red",16,2,6,6,0,14999,6.4,15530,192,44,-6027,-3955,18,4,16,24,0,21026,7.4,19485,228,52,0,-2,-2,-10,-18,-36,-8,-1
"3875","Red","Blue","Neither","Blue",15,3,4,4,0,15149,6.8,16969,217,51,-1887,-567,17,1,7,9,0,17036,6.8,17536,241,44,0,-2,2,-3,-5,-24,7,0
"3876","Blue","Blue","Red","Blue",38,1,5,7,0,15761,6.6,17003,187,56,-839,-800,17,4,6,9,0,16600,7.2,17803,206,49,0,21,-3,-1,-2,-19,7,-0.600000000000001
"3877","Red","Neither","Neither","Red",24,4,2,2,0,14714,6.8,17620,217,49,-2484,-1989,14,3,9,7,0,17198,7.4,19609,232,43,0,10,1,-7,-5,-15,6,-0.600000000000001
"3878","Blue","Neither","Neither","Blue",17,5,5,8,0,15154,6.4,15685,206,28,1087,-1278,21,5,3,1,0,14067,6.8,16963,192,43,0,-4,0,2,7,14,-15,-0.399999999999999
"3879","Blue","Neither","Neither","Blue",19,3,13,10,1,20998,7.2,19521,228,53,8347,5234,16,1,2,0,0,12651,5.8,14287,181,35,1,3,2,11,10,47,18,1.4
"3880","Blue","Red","Neither","Blue",14,0,9,7,0,17607,7.2,19309,212,50,716,601,14,1,7,6,0,16891,7.2,18708,204,73,0,0,-1,2,1,8,-23,0
"3881","Red","Red","Neither","Red",18,0,6,2,0,15141,6.8,17975,196,33,-770,196,17,2,7,10,0,15911,6.8,17779,178,40,0,1,-2,-1,-8,18,-7,0
"3882","Blue","Blue","Neither","Red",81,3,16,12,0,21285,7.4,20332,229,60,5154,3837,12,0,7,6,0,16131,6.8,16495,174,52,0,69,3,9,6,55,8,0.600000000000001
"3883","Blue","Neither","Neither","Red",21,9,9,7,0,16984,6.8,17014,214,35,1580,605,56,6,5,8,0,15404,6.8,16409,194,40,0,-35,3,4,-1,20,-5,0
"3884","Red","Red","Neither","Red",16,2,3,2,0,13489,6,14875,192,20,-2345,-2959,19,2,6,5,0,15834,6.8,17834,198,60,0,-3,0,-3,-3,-6,-40,-0.8
"3885","Blue","Blue","Blue","Blue",40,2,2,3,0,14653,7,17643,224,44,758,502,17,4,2,0,0,13895,6.8,17141,221,50,0,23,-2,0,3,3,-6,0.2
"3886","Red","Neither","Neither","Red",16,1,4,3,0,15335,6.4,16838,187,71,-3983,-3676,39,1,12,9,0,19318,7.4,20514,242,45,0,-23,0,-8,-6,-55,26,-1
"3887","Blue","Red","Red","Blue",16,2,5,3,0,15853,7,17174,192,52,-1448,-908,14,3,8,11,0,17301,7,18082,197,52,0,2,-1,-3,-8,-5,0,0
"3888","Red","Red","Neither","Red",12,4,6,5,0,15476,6.8,16691,198,50,-2199,-2258,38,2,10,10,0,17675,7.2,18949,218,48,0,-26,2,-4,-5,-20,2,-0.4
"3889","Blue","Blue","Blue","Blue",38,5,4,3,0,15211,7,18741,200,64,464,1520,16,7,3,2,0,14747,6.8,17221,242,41,0,22,-2,1,1,-42,23,0.2
"3890","Red","Red","Neither","Red",29,3,5,8,0,15796,6.6,17121,184,49,-1044,-487,18,2,7,11,0,16840,7,17608,226,49,0,11,1,-2,-3,-42,0,-0.4
"3891","Red","Blue","Red","Blue",12,3,3,3,0,15420,7.2,18542,237,48,-136,-807,17,1,4,2,0,15556,7.2,19349,237,64,0,-5,2,-1,1,0,-16,0
"3892","Blue","Blue","Red","Blue",17,3,13,14,1,20961,7.6,19939,225,74,6387,3453,12,5,3,2,0,14574,6.6,16486,182,57,1,5,-2,10,12,43,17,1
"3893","Red","Blue","Neither","Blue",15,3,9,9,0,17633,7,18304,218,51,-811,-410,23,3,10,11,0,18444,7,18714,230,44,0,-8,0,-1,-2,-12,7,0
"3894","Blue","Blue","Neither","Blue",57,2,4,5,0,16647,7.4,20048,240,84,2179,2663,39,2,2,1,0,14468,6.8,17385,226,44,0,18,0,2,4,14,40,0.600000000000001
"3895","Blue","Neither","Neither","Red",38,1,2,1,0,14141,6.6,16555,211,37,-2749,-800,24,0,8,14,0,16890,6.8,17355,206,44,0,14,1,-6,-13,5,-7,-0.2
"3896","Blue","Blue","Neither","Red",14,2,4,3,0,16374,7,18573,263,57,825,1066,15,5,3,6,0,15549,6.6,17507,253,46,0,-1,-3,1,-3,10,11,0.4
"3897","Red","Red","Neither","Red",18,0,10,6,0,17125,7,17861,210,40,1294,453,14,3,4,3,0,15831,7,17408,223,56,0,4,-3,6,3,-13,-16,0
"3898","Red","Red","Neither","Red",37,3,4,6,0,15531,7,17609,218,44,-1814,-2306,15,2,5,5,0,17345,7.4,19915,256,80,0,22,1,-1,1,-38,-36,-0.4
"3899","Blue","Blue","Neither","Blue",17,2,6,14,1,18529,7,18907,252,64,3048,472,16,0,4,6,0,15481,7,18435,203,60,1,1,2,2,8,49,4,0
"3900","Red","Neither","Neither","Red",16,2,4,2,0,14450,6.4,15750,186,38,-4637,-3355,15,4,14,19,0,19087,7.2,19105,210,54,0,1,-2,-10,-17,-24,-16,-0.8
"3901","Red","Blue","Blue","Red",41,3,11,11,0,18185,7.4,19645,204,55,2363,2162,19,2,6,7,0,15822,7,17483,204,44,0,22,1,5,4,0,11,0.4
"3902","Red","Red","Neither","Red",15,2,3,2,0,15423,7,18346,244,56,-89,-41,13,1,5,3,0,15512,7,18387,228,51,0,2,1,-2,-1,16,5,0
"3903","Red","Blue","Blue","Blue",13,0,1,2,0,14675,7,18039,231,75,-1749,-1502,15,3,3,2,0,16424,7.4,19541,264,60,0,-2,-3,-2,0,-33,15,-0.4
"3904","Blue","Blue","Neither","Blue",17,1,12,11,0,18722,7.2,18618,212,57,4246,3880,46,2,3,6,0,14476,6,14738,176,44,0,-29,-1,9,5,36,13,1.2
"3905","Red","Red","Blue","Blue",14,1,2,1,0,14421,7,18228,234,40,-837,-451,90,0,2,1,0,15258,7,18679,229,72,0,-76,1,0,0,5,-32,0
"3906","Blue","Neither","Neither","Blue",34,3,9,6,0,17532,7.2,18592,233,44,1068,1295,14,4,8,10,0,16464,6.8,17297,200,39,0,20,-1,1,-4,33,5,0.4
"3907","Blue","Neither","Blue","Blue",17,0,10,14,0,19271,7.2,18923,245,44,4290,1900,12,2,4,7,0,14981,6.8,17023,193,53,0,5,-2,6,7,52,-9,0.4
"3908","Red","Blue","Neither","Blue",16,7,12,16,0,18655,6.8,18368,173,51,-942,244,63,4,12,15,0,19597,6.8,18124,226,48,0,-47,3,0,1,-53,3,0
"3909","Red","Neither","Blue","Red",53,4,2,2,0,14164,6.8,16392,202,44,-5120,-2590,43,6,11,18,0,19284,7.2,18982,232,52,0,10,-2,-9,-16,-30,-8,-0.4
"3910","Red","Neither","Blue","Red",14,1,4,2,0,14476,6.4,15711,180,28,-3638,-1582,61,0,14,13,0,18114,7,17293,189,40,0,-47,1,-10,-11,-9,-12,-0.6
"3911","Blue","Red","Blue","Blue",20,1,8,12,0,18339,7.4,19803,232,74,694,1305,37,7,7,10,0,17645,7.4,18498,245,49,0,-17,-6,1,2,-13,25,0
"3912","Blue","Blue","Blue","Red",15,4,5,9,1,17450,6.6,17226,226,53,555,-1022,19,3,6,12,0,16895,7,18248,232,50,1,-4,1,-1,-3,-6,3,-0.4
"3913","Red","Red","Red","Blue",16,6,7,6,0,16381,7,18126,221,56,134,-1142,14,2,5,3,0,16247,7.2,19268,231,64,0,2,4,2,3,-10,-8,-0.2
"3914","Blue","Red","Neither","Blue",17,2,5,1,0,15446,6.6,16681,183,62,-1257,-1406,86,1,7,5,0,16703,6.8,18087,186,56,0,-69,1,-2,-4,-3,6,-0.2
"3915","Blue","Blue","Neither","Red",17,1,3,1,0,14970,6.6,16402,208,54,-1187,-1058,16,3,7,6,0,16157,6.8,17460,208,55,0,1,-2,-4,-5,0,-1,-0.2
"3916","Red","Red","Neither","Blue",19,1,2,3,0,14711,6.6,16207,221,45,-2625,-3375,15,3,7,5,0,17336,7.6,19582,244,66,0,4,-2,-5,-2,-23,-21,-1
"3917","Blue","Red","Neither","Red",18,4,8,8,0,17219,7.2,18432,212,60,-55,-298,18,4,7,7,0,17274,7,18730,251,59,0,0,0,1,1,-39,1,0.2
"3918","Blue","Red","Blue","Blue",18,2,7,9,0,18010,7.2,19401,239,66,2585,2288,16,5,5,5,0,15425,6.6,17113,226,45,0,2,-3,2,4,13,21,0.600000000000001
"3919","Blue","Blue","Neither","Red",15,4,13,15,0,19708,7.2,18711,201,47,5186,2739,17,2,6,4,0,14522,6.4,15972,170,24,0,-2,2,7,11,31,23,0.8
"3920","Blue","Blue","Neither","Blue",20,6,6,6,0,16825,7,18820,247,49,2492,1176,42,4,2,2,0,14333,7,17644,205,56,0,-22,2,4,4,42,-7,0
"3921","Blue","Neither","Blue","Blue",18,6,1,1,0,14755,6.8,18264,223,59,1371,2146,22,5,0,0,0,13384,6.2,16118,230,41,0,-4,1,1,1,-7,18,0.6
"3922","Blue","Neither","Neither","Blue",16,3,8,11,0,17592,7,18440,224,46,1635,1705,16,2,7,7,0,15957,6.4,16735,195,42,0,0,1,1,4,29,4,0.6
"3923","Red","Red","Red","Red",15,2,5,5,0,15351,6.6,16664,179,53,-2885,-3602,14,3,10,8,0,18236,7.2,20266,222,80,0,1,-1,-5,-3,-43,-27,-0.600000000000001
"3924","Red","Blue","Neither","Blue",16,1,7,7,1,17787,7.2,18660,232,46,2360,1439,15,2,5,6,0,15427,6.6,17221,161,60,1,1,-1,2,1,71,-14,0.600000000000001
"3925","Blue","Red","Neither","Red",17,3,2,2,0,15031,6.8,17787,246,48,421,-160,14,3,1,1,0,14610,6.8,17947,239,55,0,3,0,1,1,7,-7,0
"3926","Blue","Neither","Neither","Blue",19,4,4,4,0,15407,6.6,16669,223,40,-1207,-2081,19,2,7,4,0,16614,7.4,18750,226,60,0,0,2,-3,0,-3,-20,-0.800000000000001
"3927","Red","Red","Neither","Red",142,1,4,4,0,14569,6.6,17180,194,49,-1195,-56,13,3,5,6,0,15764,6.6,17236,194,54,0,129,-2,-1,-2,0,-5,0
"3928","Blue","Blue","Red","Blue",91,3,7,7,0,16452,6.8,17156,191,43,-2343,-2076,21,5,9,5,0,18795,7.2,19232,261,44,0,70,-2,-2,2,-70,-1,-0.4
"3929","Blue","Blue","Neither","Red",15,0,3,3,1,17437,7.2,18302,255,59,3156,3919,11,1,4,6,0,14281,6,14383,196,31,1,4,-1,-1,-3,59,28,1.2
"3930","Blue","Neither","Neither","Red",17,6,5,4,0,14665,6.6,15242,188,32,-2277,-1804,19,4,8,6,0,16942,6.6,17046,225,50,0,-2,2,-3,-2,-37,-18,0
"3931","Blue","Blue","Neither","Blue",16,5,6,8,1,18395,7,19241,236,52,3354,2318,37,3,4,6,0,15041,6.8,16923,185,52,1,-21,2,2,2,51,0,0.2
"3932","Blue","Neither","Neither","Blue",14,3,7,5,0,16961,7.2,19188,245,43,4060,3257,16,0,1,1,0,12901,6.4,15931,176,45,0,-2,3,6,4,69,-2,0.8
"3933","Red","Red","Neither","Red",18,1,3,2,0,14011,6.4,15027,197,33,-4043,-4142,15,1,7,6,1,18054,7.2,19169,207,51,-1,3,0,-4,-4,-10,-18,-0.8
"3934","Blue","Red","Neither","Red",16,3,5,8,0,16871,7.2,18870,227,49,659,-111,12,3,5,5,0,16212,7,18981,238,51,0,4,0,0,3,-11,-2,0.2
"3935","Red","Neither","Neither","Blue",14,1,7,5,0,16125,6.8,17377,196,40,-3290,-2697,17,1,12,14,0,19415,7.2,20074,231,47,0,-3,0,-5,-9,-35,-7,-0.4
"3936","Red","Red","Neither","Red",14,0,2,2,0,13773,6.6,16568,192,50,-3660,-3282,16,4,10,8,0,17433,7.6,19850,239,49,0,-2,-4,-8,-6,-47,1,-1
"3937","Blue","Neither","Neither","Blue",15,3,9,15,0,18458,7,18924,243,42,-913,-192,18,3,12,20,0,19371,7.2,19116,231,52,0,-3,0,-3,-5,12,-10,-0.2
"3938","Red","Neither","Neither","Red",16,5,5,4,0,16258,7,18533,255,47,585,570,39,3,6,9,0,15673,6.8,17963,180,52,0,-23,2,-1,-5,75,-5,0.2
"3939","Blue","Blue","Red","Red",39,3,9,8,0,16997,7.8,20958,222,52,1176,3600,11,2,5,9,0,15821,6.8,17358,196,46,0,28,1,4,-1,26,6,1
"3940","Red","Red","Blue","Red",13,2,3,3,0,15356,7.2,18213,186,57,-3505,-778,16,2,9,10,1,18861,7.2,18991,247,36,-1,-3,0,-6,-7,-61,21,0
"3941","Blue","Red","Blue","Blue",16,3,9,9,0,18870,7,18945,252,43,4909,2760,14,3,2,1,0,13961,6.6,16185,202,47,0,2,0,7,8,50,-4,0.4
"3942","Red","Red","Neither","Red",17,4,5,6,0,15639,6.6,16156,196,48,-1003,-1777,17,3,7,7,0,16642,6.8,17933,204,48,0,0,1,-2,-1,-8,0,-0.2
"3943","Red","Blue","Neither","Red",14,2,15,14,0,19632,7.6,20057,228,43,84,992,15,6,12,9,0,19548,7.2,19065,237,40,0,-1,-4,3,5,-9,3,0.399999999999999
"3944","Red","Blue","Red","Red",13,1,6,12,0,16942,7.2,17991,247,43,330,-308,19,4,7,6,0,16612,7,18299,192,59,0,-6,-3,-1,6,55,-16,0.2
"3945","Red","Red","Neither","Blue",14,2,8,14,0,17077,6.6,16354,171,56,974,-1050,16,1,7,4,0,16103,6.8,17404,200,48,0,-2,1,1,10,-29,8,-0.2
"3946","Red","Blue","Neither","Blue",15,2,14,16,0,20269,7.4,20117,242,32,3331,1795,15,1,7,7,0,16938,7,18322,192,56,0,0,1,7,9,50,-24,0.4
"3947","Blue","Blue","Neither","Blue",13,5,9,13,0,19079,7.4,20020,249,59,4371,2705,21,1,2,2,0,14708,6.8,17315,237,39,0,-8,4,7,11,12,20,0.600000000000001
"3948","Blue","Blue","Neither","Red",16,5,6,6,0,15815,6.6,16869,196,43,-1754,-211,18,3,10,10,0,17569,6.6,17080,201,40,0,-2,2,-4,-4,-5,3,0
"3949","Red","Red","Blue","Blue",23,3,3,3,1,16970,6.8,17789,252,64,381,108,11,3,6,9,0,16589,7,17681,199,62,1,12,0,-3,-6,53,2,-0.2
"3950","Blue","Red","Neither","Blue",16,3,9,10,0,18064,7.2,19192,252,45,2321,1274,18,2,7,5,0,15743,6.8,17918,198,41,0,-2,1,2,5,54,4,0.4
"3951","Blue","Red","Red","Red",19,4,5,5,1,17169,7,18362,239,42,1574,1353,18,2,2,3,0,15595,6.4,17009,252,54,1,1,2,3,2,-13,-12,0.6
"3952","Red","Blue","Neither","Red",22,3,7,8,0,16413,6.8,16989,209,39,188,-1124,83,6,4,6,0,16225,6.8,18113,248,47,0,-61,-3,3,2,-39,-8,0
"3953","Blue","Blue","Red","Red",14,0,6,7,0,15464,6.8,17053,219,32,679,-691,16,1,3,2,0,14785,6.8,17744,220,44,0,-2,-1,3,5,-1,-12,0
"3954","Red","Blue","Neither","Blue",13,0,5,10,0,15600,6.6,16815,207,45,-475,-1451,13,1,5,4,0,16075,6.8,18266,233,49,0,0,-1,0,6,-26,-4,-0.2
"3955","Red","Red","Neither","Red",22,2,1,1,0,13802,6.2,15859,216,56,-3276,-2790,142,5,9,9,0,17078,7,18649,217,47,0,-120,-3,-8,-8,-1,9,-0.8
"3956","Red","Neither","Neither","Blue",16,4,3,4,0,15033,6.6,16265,226,47,-1520,-613,24,2,7,14,0,16553,6.6,16878,201,53,0,-8,2,-4,-10,25,-6,0
"3957","Blue","Blue","Neither","Blue",15,2,5,4,0,16803,7,18053,251,57,1349,924,15,3,6,6,0,15454,6.8,17129,182,33,0,0,-1,-1,-2,69,24,0.2
"3958","Red","Blue","Neither","Blue",44,5,4,7,0,15444,7,18334,215,52,-352,176,18,4,2,3,0,15796,6.8,18158,257,55,0,26,1,2,4,-42,-3,0.2
"3959","Blue","Red","Red","Red",12,4,7,11,0,17659,7,18496,244,58,-987,89,15,4,11,17,0,18646,7.2,18407,206,49,0,-3,0,-4,-6,38,9,-0.2
"3960","Blue","Red","Red","Blue",38,4,10,18,0,18720,7.2,19060,232,30,520,897,17,3,9,9,0,18200,7,18163,202,64,0,21,1,1,9,30,-34,0.2
"3961","Red","Blue","Red","Blue",18,4,6,5,1,17639,7,17826,247,48,1181,-683,14,3,5,6,0,16458,7.2,18509,240,55,1,4,1,1,-1,7,-7,-0.2
"3962","Blue","Red","Neither","Blue",21,2,8,12,0,17307,7,18013,249,34,2516,1053,47,4,4,3,0,14791,6.6,16960,203,54,0,-26,-2,4,9,46,-20,0.4
"3963","Blue","Blue","Neither","Red",14,2,4,6,0,15712,6.8,17867,241,43,66,-361,13,4,3,4,0,15646,6.8,18228,245,51,0,1,-2,1,2,-4,-8,0
"3964","Blue","Blue","Red","Red",17,4,7,6,0,17616,7,18140,243,54,2590,1018,19,4,2,4,0,15026,6.6,17122,248,46,0,-2,0,5,2,-5,8,0.4
"3965","Red","Neither","Neither","Red",19,3,7,5,0,17235,7.4,19915,257,57,2648,2595,14,6,3,3,0,14587,6.8,17320,191,52,0,5,-3,4,2,66,5,0.600000000000001
"3966","Blue","Blue","Blue","Blue",16,2,12,10,1,20065,7.2,18844,204,71,2763,3068,16,3,10,11,0,17302,6.4,15776,168,39,1,0,-1,2,-1,36,32,0.8
"3967","Red","Blue","Blue","Red",15,1,2,2,0,15537,6.8,17374,244,59,1024,415,13,1,3,2,0,14513,6.8,16959,224,45,0,2,0,-1,0,20,14,0
"3968","Red","Neither","Neither","Red",19,2,10,9,0,18359,6.8,17074,190,48,1462,249,16,3,8,12,0,16897,6.6,16825,160,47,0,3,-1,2,-3,30,1,0.2
"3969","Blue","Red","Neither","Blue",15,3,4,3,0,15884,6.8,17698,251,42,739,1639,16,2,5,6,0,15145,6.4,16059,175,54,0,-1,1,-1,-3,76,-12,0.399999999999999
"3970","Red","Red","Red","Red",15,3,3,3,0,14512,6.6,16088,226,32,-3476,-4019,13,0,9,6,0,17988,7.4,20107,249,55,0,2,3,-6,-3,-23,-23,-0.800000000000001
"3971","Red","Neither","Neither","Blue",36,1,5,7,0,15440,6.8,17277,175,57,-2494,-2755,12,2,9,10,0,17934,7.2,20032,237,57,0,24,-1,-4,-3,-62,0,-0.4
"3972","Blue","Blue","Neither","Red",16,8,7,6,0,16296,7,18093,222,48,1576,1573,17,3,4,2,0,14720,6.6,16520,192,53,0,-1,5,3,4,30,-5,0.4
"3973","Red","Red","Red","Red",18,5,1,1,0,14979,7,18306,232,66,-2607,59,17,4,6,5,1,17586,6.8,18247,238,54,-1,1,1,-5,-4,-6,12,0.2
"3974","Blue","Blue","Neither","Blue",15,5,6,5,0,16364,6.8,17787,226,40,978,315,18,2,5,5,0,15386,7,17472,194,44,0,-3,3,1,0,32,-4,-0.2
"3975","Red","Neither","Neither","Red",14,3,4,1,0,14003,6.6,16419,195,24,-5945,-2122,17,5,13,15,0,19948,7,18541,232,31,0,-3,-2,-9,-14,-37,-7,-0.4
"3976","Red","Neither","Neither","Blue",13,1,6,5,0,16459,7,18612,201,58,-2021,-1891,20,0,8,7,0,18480,7.4,20503,235,80,0,-7,1,-2,-2,-34,-22,-0.4
"3977","Red","Neither","Neither","Blue",14,3,3,4,0,15361,7,17290,235,55,-1226,-2432,158,3,7,5,0,16587,7.4,19722,221,44,0,-144,0,-4,-1,14,11,-0.4
"3978","Red","Red","Blue","Red",21,1,7,6,0,18345,7.4,20002,247,58,3272,3059,10,3,5,8,0,15073,6.8,16943,183,37,0,11,-2,2,-2,64,21,0.600000000000001
"3979","Red","Blue","Neither","Red",15,2,10,8,0,18497,7.2,19069,223,54,3609,3620,13,2,5,5,0,14888,6.4,15449,174,52,0,2,0,5,3,49,2,0.8
"3980","Red","Red","Red","Red",15,2,3,3,0,14642,6.6,16219,229,36,-744,-1255,17,1,4,4,0,15386,6.8,17474,212,52,0,-2,1,-1,-1,17,-16,-0.2
"3981","Red","Red","Red","Red",14,1,3,1,0,15539,6.8,17792,214,72,-2925,-2112,20,3,8,9,0,18464,7.2,19904,242,47,0,-6,-2,-5,-8,-28,25,-0.4
"3982","Red","Neither","Neither","Blue",15,4,13,19,0,18781,6.8,17690,204,43,2348,1462,15,4,7,12,0,16433,6.6,16228,191,44,0,0,0,6,7,13,-1,0.2
"3983","Red","Neither","Neither","Red",19,3,7,6,0,16509,6.8,17298,210,53,-1997,-2590,35,4,11,10,0,18506,7.4,19888,228,67,0,-16,-1,-4,-4,-18,-14,-0.600000000000001
"3984","Blue","Blue","Red","Red",17,1,3,3,0,14820,6.8,16751,215,36,-292,-127,15,4,3,3,0,15112,6.6,16878,222,38,0,2,-3,0,0,-7,-2,0.2
"3985","Red","Red","Neither","Red",20,2,4,5,0,15465,6.8,17217,217,55,-398,-763,13,2,4,1,0,15863,6.8,17980,249,52,0,7,0,0,4,-32,3,0
"3986","Red","Red","Red","Red",14,4,3,1,0,15241,7,18179,252,44,-1514,-1033,18,1,8,8,0,16755,7.4,19212,224,40,0,-4,3,-5,-7,28,4,-0.4
"3987","Red","Red","Red","Red",17,3,4,8,0,15842,6.8,17016,211,48,-1214,-840,40,1,7,11,0,17056,6.8,17856,198,56,0,-23,2,-3,-3,13,-8,0
"3988","Red","Neither","Blue","Red",37,3,4,4,0,16388,7,17168,220,50,-420,-1518,14,4,7,10,0,16808,7.2,18686,239,37,0,23,-1,-3,-6,-19,13,-0.2
"3989","Blue","Blue","Blue","Blue",18,6,4,6,0,15837,7,18178,226,68,425,422,17,7,2,1,0,15412,7,17756,255,38,0,1,-1,2,5,-29,30,0
"3990","Blue","Blue","Red","Red",35,5,11,12,0,18929,7.4,19632,220,55,4175,3930,16,2,3,3,0,14754,6.6,15702,201,44,0,19,3,8,9,19,11,0.800000000000001
"3991","Blue","Blue","Neither","Blue",17,0,7,10,0,17336,7,18459,231,52,2866,1474,49,2,2,0,0,14470,6.8,16985,198,54,0,-32,-2,5,10,33,-2,0.2
"3992","Red","Red","Neither","Red",19,1,4,3,0,15802,6.8,17403,218,58,-3645,-1801,16,3,13,14,0,19447,7.2,19204,214,41,0,3,-2,-9,-11,4,17,-0.4
"3993","Red","Blue","Neither","Blue",13,1,6,9,0,16995,7,18679,230,64,930,567,18,2,5,3,0,16065,7,18112,221,43,0,-5,-1,1,6,9,21,0
"3994","Blue","Red","Neither","Blue",21,2,2,1,0,16528,7.4,20454,262,92,2617,3735,12,3,1,1,0,13911,6.6,16719,231,48,0,9,-1,1,0,31,44,0.800000000000001
"3995","Red","Blue","Neither","Red",13,3,7,8,0,17182,7.2,18588,233,64,1276,1161,16,1,5,8,0,15906,6.8,17427,213,52,0,-3,2,2,0,20,12,0.4
"3996","Red","Neither","Neither","Red",79,3,4,4,0,16017,6.6,17524,202,55,-1031,-570,16,1,7,7,0,17048,7,18094,226,52,0,63,2,-3,-3,-24,3,-0.4
"3997","Blue","Red","Neither","Red",16,5,6,4,0,16286,6.8,18048,230,52,-396,795,16,3,7,3,0,16682,6.6,17253,229,55,0,0,2,-1,1,1,-3,0.2
"3998","Red","Red","Blue","Red",15,5,9,7,1,19084,6.8,17286,225,38,2445,-81,28,3,8,5,0,16639,6.8,17367,189,68,1,-13,2,1,2,36,-30,0
"3999","Red","Neither","Neither","Red",39,1,4,5,0,14899,6.8,16761,190,36,-5515,-3391,19,2,12,19,0,20414,7.4,20152,239,44,0,20,-1,-8,-14,-49,-8,-0.600000000000001
"4000","Red","Red","Neither","Red",17,3,9,8,0,17290,7,17418,223,48,-3502,-2187,16,4,18,19,0,20792,7.4,19605,228,45,0,1,-1,-9,-11,-5,3,-0.4
"4001","Red","Red","Red","Blue",20,8,4,8,0,17569,6.8,17848,265,40,1613,80,16,4,6,4,0,15956,6.8,17768,214,60,0,4,4,-2,4,51,-20,0
"4002","Blue","Blue","Neither","Red",36,7,9,9,0,17964,7.4,19813,213,69,3311,3991,15,1,2,2,0,14653,6.4,15822,198,51,0,21,6,7,7,15,18,1
"4003","Blue","Red","Neither","Red",18,0,5,6,0,15400,7,18242,197,56,-1255,-121,14,3,5,8,0,16655,7.2,18363,250,48,0,4,-3,0,-2,-53,8,-0.2
"4004","Red","Blue","Neither","Blue",32,3,8,6,0,17761,7.2,19090,220,64,642,-3,17,3,8,6,0,17119,7.2,19093,218,44,0,15,0,0,0,2,20,0
"4005","Blue","Blue","Neither","Blue",15,3,8,5,0,16480,7,17338,183,44,-1428,-1532,28,3,10,10,0,17908,7.4,18870,192,56,0,-13,0,-2,-5,-9,-12,-0.4
"4006","Red","Neither","Neither","Blue",12,5,8,6,0,16975,7.4,19639,238,64,1735,2029,17,1,3,2,0,15240,6.6,17610,228,39,0,-5,4,5,4,10,25,0.800000000000001
"4007","Blue","Blue","Neither","Red",17,3,5,7,0,16459,7.2,18670,222,60,785,1188,33,1,4,1,0,15674,6.6,17482,229,64,0,-16,2,1,6,-7,-4,0.600000000000001
"4008","Blue","Blue","Neither","Blue",20,2,7,7,0,16636,6.8,17569,207,53,-1117,-509,16,4,7,4,0,17753,7,18078,230,54,0,4,-2,0,3,-23,-1,-0.2
"4009","Red","Neither","Red","Red",15,3,5,5,0,16550,6.8,17563,204,60,-748,-1865,40,1,8,9,0,17298,7.2,19428,227,48,0,-25,2,-3,-4,-23,12,-0.4
"4010","Blue","Blue","Neither","Blue",90,1,8,10,0,16400,6.8,18604,181,48,-125,537,10,3,5,2,0,16525,7,18067,247,53,0,80,-2,3,8,-66,-5,-0.2
"4011","Red","Blue","Neither","Red",40,1,2,1,0,14478,6.6,16901,237,48,-3613,-1592,13,2,9,9,0,18091,7,18493,232,52,0,27,-1,-7,-8,5,-4,-0.4
"4012","Blue","Blue","Red","Blue",106,0,12,12,0,19058,7.2,19477,214,61,3723,2815,11,1,4,7,0,15335,6.6,16662,200,48,0,95,-1,8,5,14,13,0.600000000000001
"4013","Blue","Blue","Red","Blue",16,2,9,12,1,20316,7.4,18784,230,70,5073,1803,11,1,3,3,0,15243,6.4,16981,224,69,1,5,1,6,9,6,1,1
"4014","Blue","Red","Red","Blue",16,4,5,3,0,17083,7.2,18817,248,60,1031,98,17,3,6,6,0,16052,7.2,18719,220,60,0,-1,1,-1,-3,28,0,0
"4015","Blue","Blue","Neither","Blue",14,1,8,8,0,17613,6.8,18689,225,45,2470,1917,17,4,4,3,0,15143,6.4,16772,199,36,0,-3,-3,4,5,26,9,0.399999999999999
"4016","Blue","Blue","Neither","Blue",20,4,9,9,0,17731,7,18766,252,55,2748,842,19,2,3,3,0,14983,7,17924,214,52,0,1,2,6,6,38,3,0
"4017","Blue","Blue","Blue","Red",14,1,4,4,0,14312,6.6,16196,144,57,-2861,-2348,55,3,8,12,0,17173,7.2,18544,217,56,0,-41,-2,-4,-8,-73,1,-0.600000000000001
"4018","Blue","Blue","Blue","Blue",13,3,8,10,0,16903,7.4,19854,207,63,2524,2733,39,2,3,1,0,14379,6.8,17121,199,40,0,-26,1,5,9,8,23,0.600000000000001
"4019","Blue","Blue","Neither","Red",18,1,7,8,0,17137,7,18628,240,45,2191,2220,16,2,4,7,0,14946,6.4,16408,203,43,0,2,-1,3,1,37,2,0.6
"4020","Blue","Neither","Neither","Blue",11,2,9,8,1,18870,7,18880,232,57,5014,3238,10,1,3,5,0,13856,6.2,15642,173,50,1,1,1,6,3,59,7,0.8
"4021","Blue","Blue","Red","Red",17,2,3,3,0,15279,7,18515,240,44,-1023,92,16,2,4,4,0,16302,7,18423,243,48,0,1,0,-1,-1,-3,-4,0
"4022","Blue","Red","Blue","Blue",18,3,10,12,1,19262,7,18021,223,44,1497,1555,13,7,7,7,1,17765,6.6,16466,211,45,0,5,-4,3,5,12,-1,0.4
"4023","Red","Neither","Neither","Blue",106,1,5,8,0,15651,6.6,16491,211,55,-1554,-781,12,2,9,10,0,17205,6.8,17272,203,36,0,94,-1,-4,-2,8,19,-0.2
"4024","Blue","Red","Neither","Blue",38,1,10,7,0,17682,7.6,20336,201,66,2310,4456,17,4,6,10,0,15372,6.4,15880,210,16,0,21,-3,4,-3,-9,50,1.2
"4025","Red","Blue","Neither","Blue",14,3,4,4,0,16209,7.2,18802,235,72,-907,-1159,17,5,6,7,0,17116,7.2,19961,242,62,0,-3,-2,-2,-3,-7,10,0
"4026","Red","Red","Neither","Red",18,3,10,12,0,18996,7.2,18231,231,47,3227,1158,19,5,7,5,0,15769,6.6,17073,175,52,0,-1,-2,3,7,56,-5,0.600000000000001
"4027","Blue","Blue","Neither","Blue",18,3,15,12,0,20855,7.2,20164,196,46,4083,3740,17,3,8,8,0,16772,6.6,16424,171,44,0,1,0,7,4,25,2,0.600000000000001
"4028","Red","Red","Neither","Red",38,4,5,6,0,15485,6.8,17345,208,42,-1397,-730,18,2,7,5,0,16882,7.2,18075,225,70,0,20,2,-2,1,-17,-28,-0.4
"4029","Red","Blue","Red","Blue",19,3,5,6,0,16043,7,17912,227,43,-564,-422,21,3,5,9,0,16607,7,18334,236,60,0,-2,0,0,-3,-9,-17,0
"4030","Red","Red","Neither","Red",16,0,5,10,0,16476,7,17056,215,52,-1221,-214,14,2,11,18,0,17697,6.6,17270,186,50,0,2,-2,-6,-8,29,2,0.4
"4031","Red","Red","Neither","Red",12,2,4,3,0,15473,6.8,17491,215,61,-1093,-449,14,0,7,7,0,16566,7,17940,236,39,0,-2,2,-3,-4,-21,22,-0.2
"4032","Red","Blue","Blue","Blue",14,3,5,6,0,15157,6.8,17194,218,38,-1301,-502,14,2,7,8,0,16458,7,17696,209,52,0,0,1,-2,-2,9,-14,-0.2
"4033","Red","Neither","Neither","Blue",16,3,6,3,0,14812,6.8,17359,183,36,-2393,-881,16,0,10,8,0,17205,7,18240,214,43,0,0,3,-4,-5,-31,-7,-0.2
"4034","Red","Red","Neither","Red",18,5,6,4,0,15959,6.8,16675,236,40,66,-115,19,5,5,5,0,15893,6.6,16790,187,47,0,-1,0,1,-1,49,-7,0.2
"4035","Blue","Blue","Red","Blue",23,3,7,7,0,16850,7.2,19499,228,64,1994,1541,44,1,1,2,0,14856,7,17958,224,58,0,-21,2,6,5,4,6,0.2
"4036","Blue","Neither","Neither","Red",24,2,3,4,0,14940,6.6,16977,238,44,-1131,-1921,40,12,3,2,0,16071,7,18898,247,68,0,-16,-10,0,2,-9,-24,-0.4
"4037","Red","Red","Blue","Red",18,4,8,8,0,17550,7.2,19690,218,68,1055,1659,11,1,5,7,0,16495,7.2,18031,248,47,0,7,3,3,1,-30,21,0
"4038","Red","Red","Neither","Red",13,2,7,9,0,16542,6.8,17667,214,44,798,-1263,22,2,5,4,0,15744,7.2,18930,195,76,0,-9,0,2,5,19,-32,-0.4
"4039","Blue","Red","Blue","Red",15,16,7,11,0,17297,6.8,17523,196,46,1134,157,47,4,5,4,0,16163,6.6,17366,238,52,0,-32,12,2,7,-42,-6,0.2
"4040","Red","Red","Blue","Red",13,2,9,10,1,19581,6.8,18509,232,44,2883,1059,17,0,7,8,0,16698,7.2,17450,201,48,1,-4,2,2,2,31,-4,-0.4
"4041","Red","Red","Blue","Blue",18,3,2,0,0,14712,6.6,17001,230,63,-3226,-2335,13,3,9,9,0,17938,7.2,19336,237,52,0,5,0,-7,-9,-7,11,-0.600000000000001
"4042","Blue","Blue","Blue","Blue",18,0,9,7,0,16587,7,17630,212,44,814,2199,14,2,5,7,0,15773,6.4,15431,176,48,0,4,-2,4,0,36,-4,0.6
"4043","Blue","Neither","Blue","Blue",123,2,8,9,0,17429,7,18630,198,55,-1209,-747,15,3,11,10,0,18638,7.4,19377,212,48,0,108,-1,-3,-1,-14,7,-0.4
"4044","Blue","Red","Blue","Blue",15,1,4,5,0,15547,7.2,17921,208,44,256,241,22,6,4,2,0,15291,6.8,17680,222,49,0,-7,-5,0,3,-14,-5,0.4
"4045","Red","Neither","Neither","Red",41,4,4,4,0,14957,6.8,17705,173,63,-3881,-447,17,3,12,12,0,18838,7,18152,223,44,0,24,1,-8,-8,-50,19,-0.2
"4046","Blue","Blue","Neither","Blue",25,3,6,9,0,17450,7.2,19276,233,44,3610,2295,12,2,1,1,0,13840,6.4,16981,226,39,0,13,1,5,8,7,5,0.8
"4047","Blue","Blue","Neither","Blue",20,5,7,8,0,17199,7.4,19353,235,68,3013,2244,13,1,2,0,0,14186,6.6,17109,205,61,0,7,4,5,8,30,7,0.800000000000001
"4048","Blue","Blue","Neither","Blue",16,3,6,6,0,16610,7,18953,231,56,1353,1332,23,1,2,2,0,15257,6.8,17621,236,46,0,-7,2,4,4,-5,10,0.2
"4049","Red","Blue","Red","Red",32,3,5,3,0,14795,6.6,16454,178,52,-2914,-2683,19,3,8,11,0,17709,7.2,19137,229,52,0,13,0,-3,-8,-51,0,-0.600000000000001
"4050","Red","Red","Red","Red",15,5,10,6,0,18269,7.2,19161,228,60,1974,861,39,2,7,8,0,16295,7,18300,199,56,0,-24,3,3,-2,29,4,0.2
"4051","Red","Red","Blue","Red",17,2,2,3,0,13889,6.8,16427,205,47,-3012,-1300,12,2,7,10,0,16901,7.2,17727,195,48,0,5,0,-5,-7,10,-1,-0.4
"4052","Blue","Blue","Red","Red",40,0,5,7,0,15950,7.2,17916,220,56,-30,-200,13,12,4,3,0,15980,7,18116,238,52,0,27,-12,1,4,-18,4,0.2
"4053","Blue","Blue","Blue","Red",13,1,6,5,0,15235,6.6,16288,189,44,-1747,-1827,73,2,7,9,0,16982,6.8,18115,223,47,0,-60,-1,-1,-4,-34,-3,-0.2
"4054","Blue","Red","Blue","Red",16,2,7,5,0,16697,7.4,19017,205,44,-333,1358,19,3,8,8,0,17030,6.8,17659,222,52,0,-3,-1,-1,-3,-17,-8,0.600000000000001
"4055","Red","Neither","Neither","Red",15,2,7,11,0,17450,7,18559,236,54,1294,213,14,2,5,4,0,16156,7.2,18346,213,58,0,1,0,2,7,23,-4,-0.2
"4056","Red","Red","Neither","Blue",12,0,6,3,0,15896,6.8,17492,171,67,-1773,-422,11,0,9,10,0,17669,6.8,17914,221,48,0,1,0,-3,-7,-50,19,0
"4057","Red","Red","Neither","Blue",23,1,4,5,0,15943,7.2,19085,239,54,-325,772,16,1,5,5,0,16268,6.8,18313,226,44,0,7,0,-1,0,13,10,0.4
"4058","Red","Red","Blue","Blue",23,4,7,8,1,18063,6.6,16794,228,48,-163,-674,16,3,10,19,0,18226,6.8,17468,201,58,1,7,1,-3,-11,27,-10,-0.2
"4059","Blue","Red","Neither","Red",16,2,5,6,0,16177,6.8,17721,214,56,-2281,-1283,12,2,12,12,0,18458,7.2,19004,229,52,0,4,0,-7,-6,-15,4,-0.4
"4060","Red","Red","Blue","Blue",28,3,2,2,0,14896,6.8,17066,205,48,-1243,-635,42,2,6,7,0,16139,6.6,17701,195,60,0,-14,1,-4,-5,10,-12,0.2
"4061","Red","Red","Blue","Blue",13,1,8,4,0,16959,7,19261,215,49,1522,1737,13,3,4,4,0,15437,6.8,17524,218,42,0,0,-2,4,0,-3,7,0.2
"4062","Blue","Neither","Blue","Blue",41,2,6,10,0,16363,6.8,17356,209,44,2448,1861,16,3,3,4,0,13915,6.4,15495,184,47,0,25,-1,3,6,25,-3,0.399999999999999
"4063","Red","Red","Neither","Red",14,2,10,6,0,16665,6.8,17063,189,26,-3701,-2739,12,1,14,11,0,20366,7.4,19802,220,54,0,2,1,-4,-5,-31,-28,-0.600000000000001
"4064","Blue","Blue","Neither","Blue",43,3,2,1,0,15377,7,17617,229,56,-166,-712,79,7,4,2,0,15543,7,18329,214,47,0,-36,-4,-2,-1,15,9,0
"4065","Red","Red","Red","Blue",15,4,3,2,0,13977,6.6,15961,185,48,-2707,-3132,17,4,6,5,0,16684,7.4,19093,226,64,0,-2,0,-3,-3,-41,-16,-0.800000000000001
"4066","Blue","Red","Neither","Red",14,3,1,0,0,13918,7,17849,200,55,-1932,-41,62,2,3,7,0,15850,6.8,17890,225,52,0,-48,1,-2,-7,-25,3,0.2
"4067","Blue","Blue","Neither","Red",38,4,9,14,0,17630,7,18364,230,50,13,2012,15,2,9,10,0,17617,6.4,16352,165,42,0,23,2,0,4,65,8,0.6
"4068","Blue","Red","Neither","Red",15,5,4,4,0,15777,6.8,17261,229,48,-621,-784,57,1,7,14,0,16398,7,18045,204,56,0,-42,4,-3,-10,25,-8,-0.2
"4069","Red","Red","Neither","Red",16,3,5,6,0,16043,6.8,17403,237,38,-689,-1668,18,2,7,5,0,16732,7,19071,231,57,0,-2,1,-2,1,6,-19,-0.2
"4070","Blue","Neither","Neither","Blue",21,3,11,8,1,19022,7,19112,217,48,3028,2524,18,3,6,8,0,15994,6.4,16588,190,51,1,3,0,5,0,27,-3,0.6
"4071","Red","Blue","Neither","Blue",58,4,3,4,0,13957,6.4,16250,187,48,-2788,-1304,15,5,7,10,0,16745,6.8,17554,210,48,0,43,-1,-4,-6,-23,0,-0.399999999999999
"4072","Red","Blue","Red","Red",18,1,2,3,0,14547,6.6,16366,212,48,-5367,-3464,29,1,9,9,1,19914,7.2,19830,238,60,-1,-11,0,-7,-6,-26,-12,-0.600000000000001
"4073","Blue","Blue","Neither","Blue",66,4,5,10,0,15649,6.6,17165,240,40,-1209,-1184,19,5,6,9,0,16858,7,18349,238,52,0,47,-1,-1,1,2,-12,-0.4
"4074","Blue","Blue","Red","Blue",40,5,9,11,0,17654,7,19048,249,40,1405,2118,15,4,5,6,0,16249,6.8,16930,204,40,0,25,1,4,5,45,0,0.2
"4075","Blue","Red","Blue","Blue",23,4,11,12,1,19858,7.4,19501,216,54,3335,2786,17,3,9,12,0,16523,6.4,16715,168,46,1,6,1,2,0,48,8,1
"4076","Red","Red","Neither","Red",18,0,1,0,0,13517,6.2,16278,222,44,-3700,-2130,18,2,6,10,0,17217,7.2,18408,247,60,0,0,-2,-5,-10,-25,-16,-1
"4077","Blue","Blue","Blue","Blue",19,1,7,12,0,17791,7.2,18557,250,48,2763,1017,16,3,3,5,0,15028,6.8,17540,200,55,0,3,-2,4,7,50,-7,0.4
"4078","Blue","Blue","Red","Blue",53,2,7,5,0,16817,6.8,17889,208,63,1060,952,16,1,6,5,0,15757,6.4,16937,185,40,0,37,1,1,0,23,23,0.399999999999999
"4079","Blue","Red","Blue","Red",17,2,3,4,0,14920,6.8,17487,217,50,-1959,-630,20,4,6,6,0,16879,7,18117,242,43,0,-3,-2,-3,-2,-25,7,-0.2
"4080","Red","Red","Neither","Red",13,1,7,8,0,17160,7,18450,221,42,2613,1450,13,3,5,3,0,14547,6.4,17000,213,36,0,0,-2,2,5,8,6,0.6
"4081","Blue","Red","Blue","Red",16,5,5,5,0,15436,7,18911,220,48,-684,-742,39,5,4,6,0,16120,7.2,19653,267,53,0,-23,0,1,-1,-47,-5,-0.2
"4082","Blue","Blue","Red","Red",18,3,4,3,0,15442,7.2,18590,220,64,-79,-815,51,3,3,4,0,15521,7.2,19405,217,72,0,-33,0,1,-1,3,-8,0
"4083","Blue","Neither","Red","Blue",16,2,4,1,0,15764,6.8,17960,237,53,-1929,-655,22,2,7,6,0,17693,7.2,18615,236,40,0,-6,0,-3,-5,1,13,-0.4
"4084","Red","Blue","Neither","Red",12,5,6,8,0,16744,6.8,18061,231,59,-615,-150,22,2,6,7,0,17359,7,18211,237,48,0,-10,3,0,1,-6,11,-0.2
"4085","Blue","Blue","Neither","Blue",56,4,13,16,2,20308,7,18069,216,52,5058,1536,17,2,4,3,0,15250,6.6,16533,197,64,2,39,2,9,13,19,-12,0.4
"4086","Blue","Red","Blue","Blue",9,1,9,8,1,18731,6.8,18892,191,57,1601,459,15,0,8,6,0,17130,7.2,18433,240,44,1,-6,1,1,2,-49,13,-0.4
"4087","Red","Neither","Red","Red",15,3,5,5,0,15529,6.8,17544,200,52,-2347,-1346,14,2,9,9,0,17876,7.2,18890,229,55,0,1,1,-4,-4,-29,-3,-0.4
"4088","Blue","Neither","Neither","Red",13,1,4,1,0,15169,6.8,18276,208,70,585,2037,57,4,4,5,0,14584,6.4,16239,196,43,0,-44,-3,0,-4,12,27,0.399999999999999
"4089","Blue","Neither","Blue","Red",12,0,7,4,0,17075,6.8,17991,218,54,-372,177,45,2,9,11,0,17447,7,17814,217,36,0,-33,-2,-2,-7,1,18,-0.2
"4090","Blue","Neither","Neither","Blue",11,1,5,5,0,17467,7.4,20584,245,76,3407,3210,85,0,1,3,0,14060,6.8,17374,214,59,0,-74,1,4,2,31,17,0.600000000000001
"4091","Blue","Blue","Neither","Blue",14,3,6,5,0,17259,7.4,19920,249,64,2452,1600,37,4,2,5,0,14807,7,18320,221,52,0,-23,-1,4,0,28,12,0.4
"4092","Blue","Red","Neither","Red",19,3,10,9,0,17979,7,18648,214,55,2507,2680,28,4,4,6,0,15472,6.4,15968,214,56,0,-9,-1,6,3,0,-1,0.6
"4093","Red","Neither","Neither","Blue",17,4,2,3,0,14269,6.6,16548,196,58,-2153,-1519,16,4,7,8,0,16422,7,18067,211,39,0,1,0,-5,-5,-15,19,-0.4
"4094","Blue","Blue","Neither","Blue",40,6,9,11,0,18309,7.6,20268,234,56,3039,2335,18,2,3,3,0,15270,7,17933,223,46,0,22,4,6,8,11,10,0.6
"4095","Red","Blue","Neither","Red",20,3,7,9,0,17116,7.4,19586,246,48,286,786,18,5,6,5,0,16830,7.2,18800,219,60,0,2,-2,1,4,27,-12,0.2
"4096","Red","Blue","Neither","Blue",15,2,7,8,0,15970,6.8,17491,200,44,-336,-681,17,4,7,4,0,16306,7,18172,220,40,0,-2,-2,0,4,-20,4,-0.2
"4097","Red","Red","Neither","Red",20,0,6,4,0,14626,6.4,16067,154,43,-4726,-2067,11,3,10,11,1,19352,7,18134,224,52,-1,9,-3,-4,-7,-70,-9,-0.6
"4098","Blue","Neither","Neither","Blue",17,0,8,7,0,16427,6.8,17468,191,43,-3441,-1876,10,4,10,15,0,19868,7.2,19344,259,40,0,7,-4,-2,-8,-68,3,-0.4
"4099","Red","Blue","Neither","Red",13,4,3,4,0,14676,6.2,14842,191,42,-4489,-4047,59,3,13,13,0,19165,7,18889,224,49,0,-46,1,-10,-9,-33,-7,-0.8
"4100","Red","Neither","Neither","Red",146,0,1,1,0,13943,6.2,16274,204,56,-5302,-3981,50,3,11,13,0,19245,7.4,20255,238,64,0,96,-3,-10,-12,-34,-8,-1.2
"4101","Blue","Red","Neither","Red",41,3,4,4,0,15488,6.6,16539,184,47,-4903,-3146,23,6,17,16,0,20391,7.4,19685,204,48,0,18,-3,-13,-12,-20,-1,-0.800000000000001
"4102","Red","Blue","Red","Blue",11,1,6,6,0,15437,6.6,16652,198,52,-152,-901,17,3,4,6,0,15589,7,17553,220,49,0,-6,-2,2,0,-22,3,-0.4
"4103","Red","Red","Neither","Blue",18,2,6,7,0,17083,7.2,19485,241,60,2263,1666,24,5,2,1,0,14820,7,17819,250,48,0,-6,-3,4,6,-9,12,0.2
"4104","Red","Red","Blue","Red",21,3,2,3,0,14825,6.8,17113,236,51,-3103,-2355,17,5,10,16,0,17928,7.2,19468,230,52,0,4,-2,-8,-13,6,-1,-0.4
"4105","Blue","Blue","Neither","Blue",11,2,12,10,0,19402,7.4,19955,242,44,5650,4520,13,2,3,4,0,13752,6.4,15435,188,40,0,-2,0,9,6,54,4,1
"4106","Red","Blue","Neither","Red",14,5,4,4,0,15129,7,17887,197,61,-1330,-639,14,4,5,4,0,16459,7,18526,241,56,0,0,1,-1,0,-44,5,0
"4107","Red","Neither","Neither","Blue",16,3,2,3,0,15053,6.8,17983,248,53,-3526,-1273,37,3,5,9,0,18579,7.2,19256,234,53,0,-21,0,-3,-6,14,0,-0.4
"4108","Red","Red","Neither","Blue",13,4,2,2,0,14672,6.6,16400,229,55,-1209,-2033,19,5,5,2,0,15881,7,18433,252,53,0,-6,-1,-3,0,-23,2,-0.4
"4109","Red","Blue","Neither","Blue",21,3,10,8,0,18280,7.4,19939,241,48,2171,1839,37,5,6,4,0,16109,7,18100,196,48,0,-16,-2,4,4,45,0,0.4
"4110","Red","Blue","Neither","Red",15,2,4,4,0,15290,6.6,17203,219,55,-2387,-2353,17,3,8,6,0,17677,7.4,19556,242,48,0,-2,-1,-4,-2,-23,7,-0.800000000000001
"4111","Blue","Neither","Blue","Red",10,2,9,13,0,17329,7,18182,189,56,2252,1086,16,3,1,2,0,15077,7,17096,244,58,0,-6,-1,8,11,-55,-2,0
"4112","Blue","Blue","Neither","Red",13,5,6,3,0,16409,6.8,18420,232,43,596,486,13,1,4,4,0,15813,7,17934,202,68,0,0,4,2,-1,30,-25,-0.2
"4113","Blue","Neither","Blue","Blue",17,2,10,8,0,18237,6.6,17871,235,44,206,257,14,5,11,14,0,18031,6.8,17614,175,36,0,3,-3,-1,-6,60,8,-0.2
"4114","Blue","Blue","Blue","Red",17,2,9,11,0,17259,7,18091,214,52,3146,2257,14,2,2,1,0,14113,6.4,15834,221,33,0,3,0,7,10,-7,19,0.6
"4115","Blue","Red","Blue","Blue",145,3,8,10,0,17816,7,18186,226,47,1789,244,17,3,6,11,0,16027,6.8,17942,210,60,0,128,0,2,-1,16,-13,0.2
"4116","Red","Blue","Neither","Blue",18,1,8,11,0,16465,6.6,17106,215,28,84,-1185,18,3,7,5,0,16381,7.2,18291,203,51,0,0,-2,1,6,12,-23,-0.600000000000001
"4117","Red","Neither","Neither","Blue",16,2,10,9,0,19029,7.4,19459,234,49,340,1086,11,3,11,14,0,18689,7.2,18373,182,40,0,5,-1,-1,-5,52,9,0.2
"4118","Blue","Blue","Neither","Blue",20,3,7,13,0,17075,6.8,17444,202,56,1531,-222,14,6,2,2,0,15544,6.8,17666,252,48,0,6,-3,5,11,-50,8,0
"4119","Blue","Neither","Neither","Blue",14,3,6,7,0,16689,7.4,19570,233,48,-177,-38,18,1,4,4,0,16866,7.2,19608,236,71,0,-4,2,2,3,-3,-23,0.2
"4120","Blue","Red","Neither","Red",17,1,1,2,0,14402,6.6,17052,233,52,-688,-577,14,2,2,3,0,15090,6.8,17629,258,54,0,3,-1,-1,-1,-25,-2,-0.2
"4121","Red","Blue","Neither","Blue",18,6,5,4,0,16379,6.8,18268,240,44,1429,1224,20,4,3,4,0,14950,6.8,17044,226,52,0,-2,2,2,0,14,-8,0
"4122","Red","Neither","Neither","Red",15,3,3,3,0,14579,6.6,15951,227,35,-3603,-3793,16,3,11,9,0,18182,7.2,19744,232,49,0,-1,0,-8,-6,-5,-14,-0.600000000000001
"4123","Red","Red","Red","Blue",12,2,6,8,0,16455,7.2,18248,214,50,-614,-1330,36,4,5,5,0,17069,7.4,19578,243,73,0,-24,-2,1,3,-29,-23,-0.2
"4124","Red","Blue","Neither","Red",11,1,3,4,0,13770,6.4,15846,192,33,-2374,-2316,14,2,5,5,0,16144,7,18162,239,36,0,-3,-1,-2,-1,-47,-3,-0.6
"4125","Blue","Blue","Neither","Red",18,2,6,5,0,16042,6.8,17983,218,56,-1416,-362,19,4,9,6,0,17458,7.2,18345,243,47,0,-1,-2,-3,-1,-25,9,-0.4
"4126","Blue","Blue","Neither","Red",15,1,2,2,0,14905,6.8,18468,244,56,-1090,522,15,5,4,4,0,15995,6.8,17946,243,51,0,0,-4,-2,-2,1,5,0
"4127","Blue","Red","Neither","Red",15,4,11,12,0,18733,7.4,19592,201,62,3925,4105,15,0,4,9,0,14808,6.4,15487,179,44,0,0,4,7,3,22,18,1
"4128","Red","Red","Neither","Blue",14,3,9,11,0,17496,6.8,17522,185,51,-2574,-2554,15,2,14,13,0,20070,7.4,20076,198,56,0,-1,1,-5,-2,-13,-5,-0.600000000000001
"4129","Blue","Blue","Blue","Blue",18,4,11,7,0,18303,7,18032,202,54,2667,1951,18,5,7,5,0,15636,6.4,16081,174,49,0,0,-1,4,2,28,5,0.6
"4130","Red","Blue","Red","Red",16,5,4,5,0,15395,6.6,17472,221,44,-1421,-1367,15,2,9,6,0,16816,7,18839,212,60,0,1,3,-5,-1,9,-16,-0.4
"4131","Blue","Blue","Red","Blue",16,1,6,4,0,16540,6.8,18026,230,60,-41,307,13,4,4,5,0,16581,6.6,17719,254,42,0,3,-3,2,-1,-24,18,0.2
"4132","Red","Red","Blue","Blue",43,4,7,9,0,16342,6.8,17877,211,40,-2579,-1094,35,3,7,6,1,18921,7.2,18971,238,81,-1,8,1,0,3,-27,-41,-0.4
"4133","Red","Red","Red","Red",19,1,4,6,0,15540,6.8,17724,236,54,-468,-581,15,2,6,5,0,16008,7,18305,234,50,0,4,-1,-2,1,2,4,-0.2
"4134","Red","Red","Neither","Red",11,2,4,2,0,14993,6.6,17460,208,47,-2884,-2378,15,0,11,8,0,17877,7.4,19838,226,38,0,-4,2,-7,-6,-18,9,-0.800000000000001
"4135","Red","Red","Neither","Blue",15,6,6,9,0,16022,6.8,17931,227,48,318,370,188,3,5,4,0,15704,6.8,17561,210,56,0,-173,3,1,5,17,-8,0
"4136","Blue","Blue","Neither","Red",14,3,7,10,0,17978,7.4,18771,216,66,2604,432,14,5,4,0,0,15374,7,18339,220,51,0,0,-2,3,10,-4,15,0.4
"4137","Red","Red","Neither","Blue",20,3,9,12,0,17898,6.8,18357,215,58,1388,441,41,4,6,10,0,16510,7,17916,212,48,0,-21,-1,3,2,3,10,-0.2
"4138","Red","Neither","Neither","Red",17,1,2,1,0,13170,6.2,15312,162,57,-5455,-2144,18,2,12,10,0,18625,6.8,17456,211,34,0,-1,-1,-10,-9,-49,23,-0.6
"4139","Red","Red","Neither","Red",18,0,3,2,0,14364,7,17602,190,56,-3333,-1389,20,2,6,6,0,17697,7.2,18991,251,45,0,-2,-2,-3,-4,-61,11,-0.2
"4140","Blue","Neither","Blue","Blue",19,1,9,10,1,19294,7,18363,234,54,4570,2205,13,4,5,8,0,14724,6.6,16158,162,46,1,6,-3,4,2,72,8,0.4
"4141","Blue","Red","Neither","Blue",21,1,11,15,0,17446,7,18714,186,49,900,1093,14,1,7,8,0,16546,6.8,17621,220,58,0,7,0,4,7,-34,-9,0.2
"4142","Blue","Blue","Neither","Blue",14,5,11,5,0,17943,6.8,18261,220,60,1493,33,17,1,6,2,0,16450,7,18228,197,60,0,-3,4,5,3,23,0,-0.2
"4143","Blue","Blue","Neither","Blue",15,2,7,4,0,16656,6.8,17435,214,67,1786,-261,15,1,3,3,0,14870,6.8,17696,206,49,0,0,1,4,1,8,18,0
"4144","Blue","Blue","Blue","Blue",38,6,6,6,0,16149,6.8,18239,220,45,1819,1262,17,0,2,1,0,14330,6.6,16977,206,54,0,21,6,4,5,14,-9,0.2
"4145","Red","Red","Neither","Red",21,5,4,4,0,15564,6.8,17895,216,59,-433,445,16,5,5,7,0,15997,6.8,17450,225,52,0,5,0,-1,-3,-9,7,0
"4146","Red","Red","Neither","Red",14,2,2,3,0,15128,7,17938,251,53,-860,-334,17,2,5,9,0,15988,7,18272,226,52,0,-3,0,-3,-6,25,1,0
"4147","Blue","Red","Blue","Red",25,2,4,3,0,15551,6.8,17278,206,56,43,-1092,17,5,4,2,0,15508,6.8,18370,218,65,0,8,-3,0,1,-12,-9,0
"4148","Blue","Red","Neither","Blue",17,4,5,8,0,16426,7,18382,231,60,-642,-397,16,3,9,6,0,17068,7,18779,193,59,0,1,1,-4,2,38,1,0
"4149","Blue","Blue","Blue","Red",19,2,5,5,0,15594,7,18180,201,56,-1328,333,23,4,6,7,0,16922,6.8,17847,227,60,0,-4,-2,-1,-2,-26,-4,0.2
"4150","Red","Blue","Blue","Blue",18,4,5,8,0,15674,6.6,17096,215,52,-622,59,18,6,7,8,0,16296,6.8,17037,189,35,0,0,-2,-2,0,26,17,-0.2
"4151","Blue","Red","Neither","Red",28,0,12,11,0,18444,7.2,19294,196,40,1903,2160,13,4,8,4,0,16541,6.6,17134,173,32,0,15,-4,4,7,23,8,0.600000000000001
"4152","Blue","Blue","Neither","Blue",138,2,10,5,0,16929,7.2,19809,222,51,580,2959,14,1,6,11,0,16349,6.8,16850,192,43,0,124,1,4,-6,30,8,0.4
"4153","Blue","Blue","Neither","Red",63,0,8,11,0,17701,7.2,19075,246,52,2252,1577,14,2,3,3,0,15449,6.8,17498,228,46,0,49,-2,5,8,18,6,0.4
"4154","Blue","Blue","Blue","Red",13,4,5,5,0,17020,7.2,19853,238,52,1686,2152,18,1,2,3,0,15334,7,17701,253,56,0,-5,3,3,2,-15,-4,0.2
"4155","Blue","Blue","Neither","Red",40,4,12,11,0,18395,7.2,18790,193,36,718,1313,14,1,9,9,0,17677,7,17477,206,48,0,26,3,3,2,-13,-12,0.2
"4156","Blue","Blue","Neither","Blue",17,3,9,8,0,18646,7.6,19823,253,43,3767,3277,11,2,4,6,0,14879,6.6,16546,195,36,0,6,1,5,2,58,7,1
"4157","Red","Neither","Neither","Red",19,4,6,8,0,15887,6.4,16048,191,48,-2596,-2891,15,5,11,13,0,18483,7.2,18939,220,51,0,4,-1,-5,-5,-29,-3,-0.8
"4158","Red","Blue","Neither","Blue",16,5,3,2,0,14098,6.2,14987,198,49,-2511,-2288,20,1,5,6,0,16609,6.8,17275,216,40,0,-4,4,-2,-4,-18,9,-0.6
"4159","Red","Blue","Red","Red",43,2,6,10,0,15521,6.2,15093,146,42,189,-2888,42,3,5,1,0,15332,6.8,17981,193,54,0,1,-1,1,9,-47,-12,-0.6
"4160","Blue","Blue","Neither","Red",16,3,7,9,0,16460,7,18782,222,52,192,616,52,1,5,8,0,16268,7.2,18166,236,46,0,-36,2,2,1,-14,6,-0.2
"4161","Red","Red","Blue","Red",13,1,6,5,1,16749,6.2,15390,203,23,-3586,-2840,67,2,14,25,1,20335,7.2,18230,194,39,0,-54,-1,-8,-20,9,-16,-1
"4162","Blue","Neither","Blue","Blue",39,2,8,5,0,17329,7.4,19915,226,64,881,2559,17,2,7,7,0,16448,6.8,17356,199,40,0,22,0,1,-2,27,24,0.600000000000001
"4163","Red","Red","Red","Red",16,1,7,12,0,16582,6.4,15066,203,42,-157,-2594,13,0,6,8,0,16739,7,17660,219,59,0,3,1,1,4,-16,-17,-0.6
"4164","Red","Red","Neither","Red",16,2,1,0,0,13206,6.6,15553,195,36,-6001,-5404,20,6,11,6,0,19207,7.4,20957,244,64,0,-4,-4,-10,-6,-49,-28,-0.800000000000001
"4165","Red","Neither","Neither","Red",18,5,7,6,0,16423,7.2,18901,212,60,-859,919,17,3,8,6,0,17282,7,17982,226,43,0,1,2,-1,0,-14,17,0.2
"4166","Blue","Blue","Blue","Red",14,3,6,7,0,17074,7.2,17874,214,56,949,591,50,3,6,6,0,16125,6.8,17283,225,48,0,-36,0,0,1,-11,8,0.4
"4167","Red","Neither","Neither","Red",18,3,1,1,0,13449,6.6,16803,189,48,-1641,-500,14,2,2,4,0,15090,7,17303,224,52,0,4,1,-1,-3,-35,-4,-0.4
"4168","Blue","Blue","Blue","Blue",15,5,6,10,0,17466,7.4,18793,246,48,1499,2469,18,3,5,8,0,15967,6.6,16324,215,56,0,-3,2,1,2,31,-8,0.800000000000001
"4169","Blue","Blue","Blue","Red",39,5,6,5,0,16941,7,18581,229,47,2104,1643,19,5,3,3,0,14837,7,16938,213,44,0,20,0,3,2,16,3,0
"4170","Blue","Blue","Neither","Blue",7,0,9,10,0,18601,7,18627,220,63,1939,166,13,1,11,7,0,16662,7,18461,174,44,0,-6,-1,-2,3,46,19,0
"4171","Red","Blue","Neither","Red",16,3,8,13,0,17003,6.8,17843,222,43,253,-1300,18,3,6,7,0,16750,7.2,19143,218,75,0,-2,0,2,6,4,-32,-0.4
"4172","Blue","Red","Neither","Blue",12,1,1,1,0,14577,6.8,17474,263,43,-1742,-1210,15,2,6,6,0,16319,7,18684,234,52,0,-3,-1,-5,-5,29,-9,-0.2
"4173","Blue","Blue","Neither","Red",19,1,9,13,0,17813,6.8,17461,202,66,986,549,15,2,8,13,0,16827,6.6,16912,216,39,0,4,-1,1,0,-14,27,0.2
"4174","Red","Red","Blue","Blue",51,2,5,1,0,15332,7,18496,215,44,-1442,-1048,18,0,6,9,0,16774,7.2,19544,220,68,0,33,2,-1,-8,-5,-24,-0.2
"4175","Blue","Blue","Neither","Red",16,4,2,5,0,14627,6.8,16759,214,64,-1113,-1417,15,6,3,5,0,15740,7,18176,235,68,0,1,-2,-1,0,-21,-4,-0.2
"4176","Red","Red","Neither","Blue",13,1,9,11,0,16187,6.2,15234,156,30,-229,-487,17,1,8,11,0,16416,6.2,15721,169,33,0,-4,0,1,0,-13,-3,0
"4177","Blue","Blue","Blue","Blue",15,4,11,12,0,19787,7.2,19493,242,51,4284,2585,17,3,5,6,0,15503,6.8,16908,205,52,0,-2,1,6,6,37,-1,0.4
"4178","Blue","Red","Neither","Red",87,3,12,15,0,18596,7.2,18850,188,55,3378,3168,15,3,4,6,0,15218,6.4,15682,207,43,0,72,0,8,9,-19,12,0.8
"4179","Red","Red","Red","Blue",17,0,6,10,0,16233,7,17076,223,38,70,-928,19,2,5,7,0,16163,7,18004,225,76,0,-2,-2,1,3,-2,-38,0
"4180","Red","Red","Neither","Red",18,3,5,5,0,15468,7,17872,203,52,-2507,-1473,16,3,9,7,0,17975,7.4,19345,243,48,0,2,0,-4,-2,-40,4,-0.4
"4181","Red","Red","Neither","Red",42,6,8,8,0,16699,7,17881,240,40,320,-743,38,13,7,6,0,16379,7.2,18624,216,48,0,4,-7,1,2,24,-8,-0.2
"4182","Red","Blue","Red","Blue",19,5,3,4,0,15311,6.8,16384,234,46,-1768,-963,15,3,7,12,0,17079,6.6,17347,217,44,0,4,2,-4,-8,17,2,0.2
"4183","Blue","Blue","Neither","Blue",18,1,7,6,0,16580,7.4,19213,210,48,1586,1273,30,1,2,1,0,14994,7,17940,232,68,0,-12,0,5,5,-22,-20,0.4
"4184","Blue","Neither","Neither","Blue",15,3,6,6,0,16450,6.6,17381,224,40,-57,-1339,15,3,8,5,0,16507,7.2,18720,220,44,0,0,0,-2,1,4,-4,-0.600000000000001
"4185","Red","Red","Neither","Blue",15,1,6,6,0,16197,6.4,15405,203,40,-2941,-3143,81,3,14,16,0,19138,7,18548,194,54,0,-66,-2,-8,-10,9,-14,-0.6
"4186","Red","Red","Blue","Blue",16,3,4,4,0,15773,6.6,16701,216,44,-2175,-2305,23,3,10,12,0,17948,7.2,19006,216,42,0,-7,0,-6,-8,0,2,-0.600000000000001
"4187","Red","Red","Red","Red",14,2,5,4,0,14815,6.2,14755,183,48,-7866,-5377,15,2,19,23,1,22681,7.4,20132,219,48,-1,-1,0,-14,-19,-36,0,-1.2
"4188","Blue","Blue","Red","Blue",17,4,6,11,0,17731,7.2,18498,257,59,1870,1167,20,1,6,6,0,15861,6.8,17331,216,42,0,-3,3,0,5,41,17,0.4
"4189","Blue","Red","Neither","Red",20,0,3,1,0,13952,6.6,17089,197,44,-2729,-1427,15,2,6,4,0,16681,7,18516,252,56,0,5,-2,-3,-3,-55,-12,-0.4
"4190","Blue","Red","Blue","Blue",16,2,11,6,0,18504,7.2,19037,212,61,2842,1125,17,1,7,3,0,15662,7,17912,192,40,0,-1,1,4,3,20,21,0.2
"4191","Red","Red","Red","Red",12,3,2,3,0,14777,6.8,17450,215,51,-1276,-1016,14,1,5,1,0,16053,7.2,18466,241,55,0,-2,2,-3,2,-26,-4,-0.4
"4192","Red","Red","Neither","Red",17,4,1,1,0,14018,7,16730,233,51,152,-1124,41,3,1,1,0,13866,7.2,17854,220,56,0,-24,1,0,0,13,-5,-0.2
"4193","Blue","Red","Neither","Red",20,1,6,8,0,16140,7,17727,211,47,556,879,15,4,6,3,0,15584,6.6,16848,215,48,0,5,-3,0,5,-4,-1,0.4
"4194","Blue","Neither","Neither","Blue",44,3,6,5,0,16246,7.2,18652,199,56,750,786,14,1,5,6,0,15496,6.8,17866,199,50,0,30,2,1,-1,0,6,0.4
"4195","Red","Blue","Red","Red",42,2,7,8,0,16122,7,17866,186,56,-1782,-308,32,4,8,10,0,17904,7,18174,253,41,0,10,-2,-1,-2,-67,15,0
"4196","Red","Red","Neither","Red",20,2,5,3,0,15429,6.8,17256,198,55,-2375,-2008,16,5,8,11,0,17804,7.2,19264,222,46,0,4,-3,-3,-8,-24,9,-0.4
"4197","Red","Red","Neither","Blue",21,1,1,2,0,14270,6.6,16394,230,43,-1103,-2692,14,3,4,3,0,15373,7,19086,244,52,0,7,-2,-3,-1,-14,-9,-0.4
"4198","Blue","Neither","Neither","Blue",15,2,4,7,0,16327,7.4,19683,240,73,2246,2898,15,1,1,2,0,14081,7,16785,235,42,0,0,1,3,5,5,31,0.4
"4199","Blue","Neither","Neither","Blue",20,2,8,7,0,18225,7.2,18898,236,47,1868,726,16,1,5,5,0,16357,6.8,18172,223,56,0,4,1,3,2,13,-9,0.4
"4200","Blue","Red","Blue","Blue",13,0,9,8,0,17778,7,18403,204,48,-628,-864,18,3,12,12,0,18406,7.2,19267,197,54,0,-5,-3,-3,-4,7,-6,-0.2
"4201","Blue","Blue","Blue","Red",51,3,5,7,0,16680,7.2,19095,247,62,899,969,15,2,4,4,0,15781,6.8,18126,209,56,0,36,1,1,3,38,6,0.4
"4202","Red","Blue","Red","Blue",15,0,6,12,0,16434,6.8,18059,214,58,428,-939,13,1,6,2,0,16006,7.2,18998,184,63,0,2,-1,0,10,30,-5,-0.4
"4203","Blue","Red","Red","Red",39,3,13,22,0,18721,7.4,18774,164,44,1721,1678,13,2,8,9,0,17000,6.8,17096,195,43,0,26,1,5,13,-31,1,0.600000000000001
"4204","Red","Blue","Neither","Blue",40,2,5,6,0,15107,6.8,17606,187,44,-2607,-2365,18,2,8,8,0,17714,7.4,19971,238,56,0,22,0,-3,-2,-51,-12,-0.600000000000001
"4205","Blue","Blue","Neither","Blue",39,3,7,4,0,16897,7.6,20576,240,67,3084,3352,13,3,0,0,0,13813,6.6,17224,219,60,0,26,0,7,4,21,7,1
"4206","Blue","Neither","Neither","Red",18,2,6,10,0,17013,7,17832,246,42,-941,-1717,16,2,9,7,0,17954,7.4,19549,240,40,0,2,0,-3,3,6,2,-0.4
"4207","Blue","Red","Neither","Blue",19,6,7,5,0,18047,7.2,18160,239,59,2175,506,20,6,5,4,0,15872,6.8,17654,229,60,0,-1,0,2,1,10,-1,0.4
"4208","Red","Blue","Neither","Red",43,1,3,2,0,15175,7,18100,232,62,-1243,-425,15,17,5,6,0,16418,7.2,18525,219,49,0,28,-16,-2,-4,13,13,-0.2
"4209","Red","Red","Neither","Red",15,2,8,9,0,16722,6.6,16113,190,47,-978,-1232,18,3,10,14,0,17700,6.8,17345,200,41,0,-3,-1,-2,-5,-10,6,-0.2
"4210","Blue","Neither","Neither","Blue",16,7,5,5,0,15722,6.8,16349,222,34,679,471,16,3,5,5,0,15043,6.4,15878,181,48,0,0,4,0,0,41,-14,0.399999999999999
"4211","Red","Red","Blue","Blue",18,0,6,7,1,17077,6.8,16829,175,49,-995,-1497,14,3,9,10,0,18072,7.2,18326,228,40,1,4,-3,-3,-3,-53,9,-0.4
"4212","Red","Blue","Blue","Blue",91,3,6,4,0,17016,7.2,19237,214,55,3266,1337,14,0,1,0,0,13750,6.8,17900,218,56,0,77,3,5,4,-4,-1,0.4
"4213","Red","Blue","Blue","Blue",11,2,5,5,1,17231,6.8,17227,175,59,792,-474,15,2,9,10,0,16439,7,17701,177,49,1,-4,0,-4,-5,-2,10,-0.2
"4214","Blue","Blue","Blue","Blue",18,5,7,7,0,17039,7.2,18656,220,64,3032,2096,20,2,2,0,0,14007,6.6,16560,185,54,0,-2,3,5,7,35,10,0.600000000000001
"4215","Blue","Blue","Neither","Red",35,3,11,11,0,17596,7.2,19377,203,57,3252,3377,15,4,4,2,0,14344,6.8,16000,171,54,0,20,-1,7,9,32,3,0.4
"4216","Red","Red","Neither","Red",17,2,7,8,0,16887,7,17187,215,40,1270,-1625,12,4,4,4,0,15617,7,18812,212,66,0,5,-2,3,4,3,-26,0
"4217","Blue","Red","Red","Red",16,4,4,3,0,15157,6.8,17482,241,24,-549,-805,15,1,6,3,0,15706,7,18287,223,56,0,1,3,-2,0,18,-32,-0.2
"4218","Blue","Blue","Blue","Blue",19,1,11,10,1,20259,7,19498,238,52,6210,3599,36,3,3,4,0,14049,6.6,15899,180,52,1,-17,-2,8,6,58,0,0.4
"4219","Red","Blue","Neither","Blue",12,1,6,5,0,16388,6.8,17753,213,40,-1436,-1406,19,0,9,8,0,17824,7.2,19159,220,52,0,-7,1,-3,-3,-7,-12,-0.4
"4220","Blue","Red","Red","Blue",18,4,9,6,0,17269,7,18087,209,42,8,84,12,4,8,8,0,17261,7,18003,216,47,0,6,0,1,-2,-7,-5,0
"4221","Blue","Blue","Neither","Blue",19,5,8,9,0,17389,6.8,18252,198,57,836,883,17,3,5,10,0,16553,6.6,17369,237,56,0,2,2,3,-1,-39,1,0.2
"4222","Red","Red","Neither","Blue",20,4,7,7,0,17622,7.2,18672,247,50,2077,986,16,5,5,5,0,15545,6.8,17686,226,47,0,4,-1,2,2,21,3,0.4
"4223","Blue","Red","Red","Red",15,3,3,3,0,15736,6.8,18798,232,72,-259,555,15,2,6,5,0,15995,6.8,18243,220,48,0,0,1,-3,-2,12,24,0
"4224","Blue","Red","Blue","Blue",15,0,10,11,0,17965,7.2,19735,219,60,-195,646,14,1,8,3,0,18160,7,19089,244,50,0,1,-1,2,8,-25,10,0.2
"4225","Red","Red","Neither","Red",49,3,4,2,0,15067,6.6,17556,223,56,-3456,-1621,17,3,9,7,0,18523,7.2,19177,235,52,0,32,0,-5,-5,-12,4,-0.600000000000001
"4226","Red","Red","Neither","Red",18,3,2,3,0,13855,6.4,15500,215,35,-5043,-4627,38,3,10,9,0,18898,7.2,20127,244,60,0,-20,0,-8,-6,-29,-25,-0.8
"4227","Blue","Red","Neither","Blue",19,3,9,11,0,17561,7,19152,207,68,2134,1500,15,4,6,2,0,15427,7,17652,204,48,0,4,-1,3,9,3,20,0
"4228","Blue","Red","Red","Red",12,3,6,9,0,16284,6.6,16793,208,52,-3235,-2207,22,1,14,11,0,19519,6.8,19000,215,44,0,-10,2,-8,-2,-7,8,-0.2
"4229","Red","Neither","Neither","Blue",16,1,7,9,0,17048,6.6,16378,227,52,1453,-254,18,1,6,4,0,15595,6.6,16632,188,53,0,-2,0,1,5,39,-1,0
"4230","Red","Blue","Neither","Red",13,2,5,8,0,16294,7.2,18718,218,60,613,323,14,3,3,3,0,15681,7.2,18395,232,64,0,-1,-1,2,5,-14,-4,0
"4231","Red","Blue","Neither","Red",38,1,6,7,0,16877,7.4,19179,225,52,-772,-545,14,0,8,11,0,17649,7.4,19724,226,59,0,24,1,-2,-4,-1,-7,0
"4232","Red","Neither","Neither","Red",17,2,6,6,0,15222,6.2,15621,178,31,-1262,-1379,17,2,8,7,0,16484,6.6,17000,178,36,0,0,0,-2,-1,0,-5,-0.399999999999999
"4233","Red","Red","Blue","Red",18,5,6,6,0,17245,7.2,18890,236,52,-862,1054,18,2,9,13,0,18107,6.8,17836,219,40,0,0,3,-3,-7,17,12,0.4
"4234","Red","Blue","Red","Blue",19,2,9,12,0,17187,7,17605,197,38,-1675,-1382,16,1,9,11,0,18862,7.2,18987,206,40,0,3,1,0,1,-9,-2,-0.2
"4235","Red","Blue","Blue","Blue",20,4,5,8,0,15156,6.4,16017,156,53,-2997,-3052,29,7,10,5,0,18153,7,19069,222,49,0,-9,-3,-5,3,-66,4,-0.6
"4236","Red","Neither","Neither","Red",12,0,1,0,0,13977,6.6,17736,208,60,-4097,-1658,31,1,6,7,0,18074,7.2,19394,226,72,0,-19,-1,-5,-7,-18,-12,-0.600000000000001
"4237","Red","Red","Neither","Blue",14,5,6,4,0,16383,7,18625,258,33,1678,1155,22,6,2,1,0,14705,7,17470,216,59,0,-8,-1,4,3,42,-26,0
"4238","Red","Neither","Neither","Blue",13,5,3,4,0,15392,6.8,17234,240,44,-1445,-694,15,3,7,9,0,16837,6.8,17928,225,50,0,-2,2,-4,-5,15,-6,0
"4239","Blue","Blue","Neither","Blue",13,0,5,3,0,15397,6.8,18585,204,68,1516,709,36,0,2,1,0,13881,7,17876,196,44,0,-23,0,3,2,8,24,-0.2
"4240","Red","Red","Neither","Red",17,3,6,4,0,16142,7,18299,191,66,-1769,-1209,15,2,8,6,0,17911,7.4,19508,264,56,0,2,1,-2,-2,-73,10,-0.4
"4241","Blue","Red","Neither","Blue",18,0,9,13,0,17855,7.2,19265,200,51,2063,2131,39,2,6,10,0,15792,7,17134,182,42,0,-21,-2,3,3,18,9,0.2
"4242","Red","Red","Neither","Red",15,1,2,2,0,13956,6.6,16492,210,50,-3535,-1720,16,2,8,12,0,17491,7,18212,203,63,0,-1,-1,-6,-10,7,-13,-0.4
"4243","Red","Blue","Red","Red",52,3,6,7,0,15753,6.8,16744,203,45,-1964,-1415,16,3,8,7,0,17717,7,18159,238,48,0,36,0,-2,0,-35,-3,-0.2
"4244","Red","Red","Neither","Red",41,3,8,7,0,16272,6.6,16687,179,41,-1117,-1207,16,4,9,7,0,17389,6.8,17894,223,52,0,25,-1,-1,0,-44,-11,-0.2
"4245","Blue","Red","Neither","Red",16,4,7,9,0,16869,7.2,18297,230,55,713,-58,19,2,6,9,0,16156,6.8,18355,213,48,0,-3,2,1,0,17,7,0.4
"4246","Red","Neither","Neither","Blue",16,5,9,12,0,16990,6.8,17317,198,29,-1534,-1073,15,5,10,11,0,18524,6.8,18390,218,44,0,1,0,-1,1,-20,-15,0
"4247","Red","Red","Red","Red",52,2,9,8,0,17991,7.4,20130,219,59,1350,2355,13,1,4,6,1,16641,6.8,17775,208,49,-1,39,1,5,2,11,10,0.600000000000001
"4248","Red","Red","Neither","Red",18,7,2,2,0,15143,7,18397,239,60,129,200,19,2,3,4,0,15014,7,18197,224,56,0,-1,5,-1,-2,15,4,0
"4249","Blue","Blue","Neither","Blue",15,4,8,7,0,16735,6.8,17862,215,49,926,967,78,0,5,7,0,15809,6.6,16895,188,56,0,-63,4,3,0,27,-7,0.2
"4250","Blue","Neither","Blue","Red",20,2,4,4,0,15971,6.8,17247,241,53,603,-932,47,5,4,5,0,15368,6.8,18179,215,50,0,-27,-3,0,-1,26,3,0
"4251","Blue","Red","Neither","Red",17,1,9,12,0,17752,7,18405,212,47,1512,447,12,6,6,6,0,16240,7,17958,219,52,0,5,-5,3,6,-7,-5,0
"4252","Red","Red","Neither","Blue",14,2,3,1,0,15023,7,17982,222,60,-2942,-2574,16,4,7,8,0,17965,7.6,20556,228,72,0,-2,-2,-4,-7,-6,-12,-0.6
"4253","Blue","Blue","Blue","Blue",22,5,5,6,0,16007,6.8,17370,202,45,701,-628,20,5,3,2,0,15306,7,17998,236,62,0,2,0,2,4,-34,-17,-0.2
"4254","Blue","Red","Red","Blue",21,3,4,5,0,15454,6.8,17256,199,45,-1648,-1354,15,5,6,3,1,17102,7,18610,217,52,-1,6,-2,-2,2,-18,-7,-0.2
"4255","Blue","Neither","Neither","Blue",17,5,8,4,0,17058,6.8,16737,207,40,2559,806,17,2,3,4,0,14499,6.4,15931,196,51,0,0,3,5,0,11,-11,0.399999999999999
"4256","Red","Neither","Blue","Blue",17,1,8,9,1,18374,7.2,18219,218,54,1142,969,14,0,10,14,0,17232,6.8,17250,188,50,1,3,1,-2,-5,30,4,0.4
"4257","Red","Red","Neither","Blue",83,4,5,3,0,16259,6.4,16804,224,43,-1501,-2063,39,4,9,7,0,17760,7.2,18867,240,60,0,44,0,-4,-4,-16,-17,-0.8
"4258","Red","Red","Blue","Red",17,0,5,6,0,15894,6.8,18026,222,61,409,1405,18,3,2,3,0,15485,6.8,16621,241,56,0,-1,-3,3,3,-19,5,0
"4259","Red","Blue","Neither","Blue",20,2,4,5,0,15524,6.6,17508,214,60,-2752,-2170,16,3,8,9,0,18276,7.4,19678,252,63,0,4,-1,-4,-4,-38,-3,-0.800000000000001
"4260","Red","Red","Neither","Blue",18,0,11,8,0,18956,7.2,19208,243,47,3415,1887,205,2,5,6,0,15541,6.8,17321,192,52,0,-187,-2,6,2,51,-5,0.4
"4261","Blue","Blue","Neither","Red",10,4,9,12,0,17881,7.2,19236,238,43,1867,1838,15,1,5,4,0,16014,6.6,17398,205,72,0,-5,3,4,8,33,-29,0.600000000000001
"4262","Blue","Red","Neither","Blue",13,2,7,5,0,17131,7.2,19074,229,59,1692,205,14,0,6,4,0,15439,7,18869,186,52,0,-1,2,1,1,43,7,0.2
"4263","Blue","Red","Blue","Blue",17,4,7,4,0,17666,7,18167,240,41,3198,1428,17,3,3,7,0,14468,6.6,16739,201,40,0,0,1,4,-3,39,1,0.4
"4264","Blue","Blue","Blue","Blue",36,0,7,5,0,17538,7.4,19556,229,71,1652,1714,12,4,5,4,0,15886,6.8,17842,209,48,0,24,-4,2,1,20,23,0.600000000000001
"4265","Blue","Blue","Neither","Blue",13,3,4,5,0,16942,7.6,20255,261,72,2875,3035,15,2,1,1,0,14067,6.8,17220,222,56,0,-2,1,3,4,39,16,0.8
"4266","Red","Neither","Neither","Blue",13,2,10,10,0,18224,7.4,19875,225,43,2978,3229,17,1,4,5,0,15246,6.8,16646,224,42,0,-4,1,6,5,1,1,0.600000000000001
"4267","Blue","Blue","Neither","Blue",14,6,5,6,0,16345,6.8,17499,246,45,134,-1022,19,1,5,5,0,16211,7.2,18521,239,58,0,-5,5,0,1,7,-13,-0.4
"4268","Red","Red","Neither","Blue",15,1,4,4,0,15865,7,18437,238,59,-418,34,15,2,6,8,0,16283,7,18403,231,52,0,0,-1,-2,-4,7,7,0
"4269","Red","Red","Neither","Blue",19,1,5,3,0,15266,6.6,17065,209,51,-3446,-1168,13,3,10,13,0,18712,7,18233,222,68,0,6,-2,-5,-10,-13,-17,-0.4
"4270","Red","Neither","Blue","Blue",19,4,4,1,0,15454,6.6,17213,226,49,957,406,16,3,3,3,0,14497,6.8,16807,215,50,0,3,1,1,-2,11,-1,-0.2
"4271","Blue","Blue","Neither","Red",21,3,5,2,0,17051,7.6,20109,259,81,2358,2590,17,4,1,0,0,14693,6.8,17519,248,57,0,4,-1,4,2,11,24,0.8
"4272","Red","Neither","Neither","Blue",16,3,8,6,0,17705,6.8,17690,201,44,-1291,-1067,18,4,13,16,0,18996,7.2,18757,213,31,0,-2,-1,-5,-10,-12,13,-0.4
"4273","Red","Neither","Neither","Blue",17,1,8,9,0,16763,6.6,17181,209,36,3371,1173,18,1,1,2,0,13392,6.4,16008,195,50,0,-1,0,7,7,14,-14,0.199999999999999
"4274","Red","Red","Neither","Red",16,2,7,10,0,16808,6.8,17371,189,60,-400,-539,16,2,8,5,0,17208,7.2,17910,194,61,0,0,0,-1,5,-5,-1,-0.4
"4275","Red","Red","Red","Red",16,3,4,3,0,15111,6.6,16978,218,41,-4189,-3388,15,1,12,10,0,19300,7.4,20366,249,46,0,1,2,-8,-7,-31,-5,-0.800000000000001
"4276","Red","Blue","Neither","Blue",23,4,5,6,0,14998,6.4,15823,199,60,-4011,-3207,18,1,11,19,0,19009,7.2,19030,233,64,0,5,3,-6,-13,-34,-4,-0.8
"4277","Red","Red","Neither","Blue",36,4,5,7,0,16942,7,17624,227,63,9,-1196,16,1,9,9,0,16933,6.8,18820,215,47,0,20,3,-4,-2,12,16,0.2
"4278","Red","Red","Neither","Red",50,2,6,7,0,15270,6.4,17079,181,49,-2630,-2204,18,4,8,6,0,17900,7.2,19283,238,50,0,32,-2,-2,1,-57,-1,-0.8
"4279","Red","Neither","Neither","Red",49,4,3,4,0,14586,6.6,16499,194,49,-1494,-700,15,2,5,5,0,16080,6.6,17199,231,45,0,34,2,-2,-1,-37,4,0
"4280","Blue","Blue","Neither","Red",22,6,8,12,0,18232,7.2,18215,228,52,2655,2106,17,4,4,3,0,15577,6.4,16109,226,36,0,5,2,4,9,2,16,0.8
"4281","Blue","Red","Neither","Red",11,4,9,13,0,17190,6.8,16876,204,36,329,-298,16,2,8,10,0,16861,7,17174,206,44,0,-5,2,1,3,-2,-8,-0.2
"4282","Red","Red","Neither","Red",32,1,4,3,0,15008,6.8,17416,225,40,1219,1558,16,17,2,1,0,13789,6.6,15858,193,44,0,16,-16,2,2,32,-4,0.2
"4283","Blue","Blue","Neither","Blue",17,0,15,15,1,21755,7.2,18071,191,48,5494,1987,10,2,7,7,0,16261,6.4,16084,168,44,1,7,-2,8,8,23,4,0.8
"4284","Blue","Blue","Neither","Blue",19,2,4,8,0,15787,7.2,19141,223,70,1259,2317,18,2,1,0,0,14528,6.4,16824,236,47,0,1,0,3,8,-13,23,0.8
"4285","Red","Neither","Neither","Red",14,3,6,6,0,16404,6.8,18840,245,48,-919,47,112,3,7,10,0,17323,7.2,18793,219,50,0,-98,0,-1,-4,26,-2,-0.4
"4286","Blue","Blue","Neither","Red",26,5,7,13,0,17878,7.6,20464,232,62,2566,3097,25,2,4,4,0,15312,7,17367,235,47,0,1,3,3,9,-3,15,0.6
"4287","Blue","Blue","Blue","Blue",16,1,8,14,0,18532,7.2,18460,240,55,1428,295,17,1,9,9,0,17104,7,18165,201,48,0,-1,0,-1,5,39,7,0.2
"4288","Red","Neither","Blue","Blue",16,3,8,7,0,16901,6.4,16288,176,52,-763,-450,20,2,10,14,0,17664,6.6,16738,204,27,0,-4,1,-2,-7,-28,25,-0.199999999999999
"4289","Red","Red","Neither","Red",9,0,7,7,0,17563,7,17585,199,41,-1360,-1561,15,0,10,11,0,18923,7.2,19146,244,54,0,-6,0,-3,-4,-45,-13,-0.2
"4290","Blue","Red","Red","Blue",17,4,4,4,0,15967,7,17892,225,62,-553,284,18,1,4,4,1,16520,6.8,17608,217,44,-1,-1,3,0,0,8,18,0.2
"4291","Red","Red","Neither","Red",16,1,4,4,0,16280,6.8,17372,223,54,-3279,-1466,15,2,12,15,0,19559,7.2,18838,252,59,0,1,-1,-8,-11,-29,-5,-0.4
"4292","Blue","Red","Blue","Blue",18,6,8,6,0,17142,7,18245,221,38,2301,2562,16,1,5,8,0,14841,6.4,15683,177,50,0,2,5,3,-2,44,-12,0.6
"4293","Red","Neither","Neither","Blue",58,2,4,1,0,14807,6.8,17294,201,56,-2462,-1894,15,2,8,6,0,17269,7.4,19188,229,56,0,43,0,-4,-5,-28,0,-0.600000000000001
"4294","Blue","Neither","Red","Blue",15,3,10,14,1,18697,6.8,17238,213,24,-198,-1159,16,4,13,9,1,18895,6.8,18397,188,64,0,-1,-1,-3,5,25,-40,0
"4295","Red","Neither","Neither","Blue",16,1,8,9,0,17057,6.6,17009,190,48,240,-903,17,2,8,9,0,16817,7,17912,197,51,0,-1,-1,0,0,-7,-3,-0.4
"4296","Blue","Blue","Neither","Red",16,3,5,3,0,16487,6.8,18581,235,42,1780,1010,15,1,3,1,0,14707,6.8,17571,218,48,0,1,2,2,2,17,-6,0
"4297","Blue","Neither","Neither","Blue",16,1,5,6,0,15721,6.6,17087,210,48,435,-1039,17,1,3,3,0,15286,6.8,18126,229,55,0,-1,0,2,3,-19,-7,-0.2
"4298","Blue","Blue","Neither","Red",16,2,5,7,0,17182,7.4,19944,246,71,1591,1778,15,0,3,4,0,15591,6.8,18166,257,47,0,1,2,2,3,-11,24,0.600000000000001
"4299","Blue","Blue","Blue","Red",18,1,8,10,0,16993,7.2,18608,212,48,937,530,19,3,4,3,0,16056,7,18078,205,66,0,-1,-2,4,7,7,-18,0.2
"4300","Blue","Red","Neither","Red",14,2,5,4,0,15710,7,17847,223,45,-2320,-2276,14,4,8,7,0,18030,7.6,20123,237,68,0,0,-2,-3,-3,-14,-23,-0.6
"4301","Blue","Red","Blue","Red",14,1,10,10,0,17793,7,18327,193,55,496,187,14,0,8,7,0,17297,6.8,18140,220,44,0,0,1,2,3,-27,11,0.2
"4302","Blue","Blue","Neither","Blue",18,1,13,11,0,19867,7,19401,236,58,6977,5303,13,1,2,4,0,12890,5.8,14098,168,33,0,5,0,11,7,68,25,1.2
"4303","Blue","Neither","Neither","Blue",18,3,10,10,0,18538,7.4,19307,225,47,2832,2861,18,0,5,7,0,15706,6.6,16446,214,52,0,0,3,5,3,11,-5,0.800000000000001
"4304","Red","Neither","Red","Blue",14,4,3,2,0,14624,6.6,16231,211,32,-4073,-2595,21,2,9,7,0,18697,7.2,18826,226,60,0,-7,2,-6,-5,-15,-28,-0.600000000000001
"4305","Blue","Red","Neither","Blue",21,4,5,4,0,16005,7,17430,228,38,1561,621,20,2,4,6,0,14444,6.6,16809,187,47,0,1,2,1,-2,41,-9,0.4
"4306","Red","Neither","Red","Red",42,6,4,4,0,15194,6.8,17750,220,41,-2143,-1251,19,2,8,6,0,17337,7.2,19001,205,48,0,23,4,-4,-2,15,-7,-0.4
"4307","Blue","Red","Blue","Red",15,2,13,13,0,20943,7.6,21575,235,64,6081,4748,13,1,3,5,0,14862,6.6,16827,197,48,0,2,1,10,8,38,16,1
"4308","Blue","Red","Neither","Blue",23,1,6,5,0,15983,7.2,19092,218,48,515,1403,36,4,4,5,0,15468,6.8,17689,194,60,0,-13,-3,2,0,24,-12,0.4
"4309","Red","Red","Neither","Red",16,2,1,1,0,14513,6.6,17238,218,48,-2382,-2219,15,4,7,5,0,16895,7.2,19457,248,56,0,1,-2,-6,-4,-30,-8,-0.600000000000001
"4310","Blue","Blue","Neither","Blue",16,4,6,6,0,17536,7,19253,266,48,2880,2785,58,2,3,5,0,14656,6.6,16468,197,48,0,-42,2,3,1,69,0,0.4
"4311","Red","Blue","Neither","Blue",21,0,4,7,0,15796,6.8,16848,221,54,724,-1747,10,2,3,3,0,15072,7.2,18595,209,56,0,11,-2,1,4,12,-2,-0.4
"4312","Blue","Blue","Neither","Blue",17,2,15,19,0,20833,7.6,20278,231,36,4882,2906,14,3,7,5,0,15951,6.8,17372,202,44,0,3,-1,8,14,29,-8,0.8
"4313","Blue","Blue","Neither","Blue",15,2,7,8,0,18650,7.4,20329,248,60,3877,1762,51,1,2,3,0,14773,7.2,18567,220,61,0,-36,1,5,5,28,-1,0.2
"4314","Red","Blue","Neither","Red",44,3,4,2,0,15044,7,17888,214,48,-2127,-997,33,5,6,8,0,17171,7.2,18885,228,59,0,11,-2,-2,-6,-14,-11,-0.2
"4315","Red","Blue","Neither","Blue",39,2,4,6,0,15811,7,17771,212,63,161,-97,15,22,4,6,0,15650,6.6,17868,222,45,0,24,-20,0,0,-10,18,0.4
"4316","Red","Red","Neither","Blue",97,7,4,2,0,15612,6.8,17757,228,41,608,362,42,4,4,2,0,15004,7,17395,208,60,0,55,3,0,0,20,-19,-0.2
"4317","Red","Blue","Red","Red",16,1,5,3,0,15151,6.6,16565,204,56,-4570,-3352,33,0,13,18,0,19721,7.4,19917,207,68,0,-17,1,-8,-15,-3,-12,-0.800000000000001
"4318","Red","Red","Neither","Red",16,2,6,6,0,16496,7,18365,244,48,120,1543,19,0,5,14,0,16376,6.6,16822,206,70,0,-3,2,1,-8,38,-22,0.4
"4319","Red","Neither","Red","Blue",16,3,8,9,0,16059,7,17499,190,36,-1073,-657,18,4,7,7,0,17132,6.8,18156,232,43,0,-2,-1,1,2,-42,-7,0.2
"4320","Blue","Neither","Neither","Red",16,4,4,4,0,15120,6.4,16083,189,44,-3181,-2898,56,3,11,14,0,18301,7.4,18981,214,48,0,-40,1,-7,-10,-25,-4,-1
"4321","Blue","Red","Blue","Blue",11,2,5,4,0,16185,6.8,17330,212,52,-226,-262,13,3,5,10,0,16411,6.8,17592,228,60,0,-2,-1,0,-6,-16,-8,0
"4322","Red","Red","Neither","Blue",13,1,3,2,0,15404,6.8,17439,240,56,-3096,-3752,38,5,8,11,0,18500,7.6,21191,256,76,0,-25,-4,-5,-9,-16,-20,-0.8
"4323","Blue","Red","Neither","Blue",13,2,8,5,1,17952,7,18161,210,32,2123,2563,15,3,6,8,0,15829,6.2,15598,192,32,1,-2,-1,2,-3,18,0,0.8
"4324","Red","Neither","Red","Blue",41,7,5,7,0,14776,6.2,15469,161,40,-5760,-4168,51,3,13,12,1,20536,7.4,19637,235,49,-1,-10,4,-8,-5,-74,-9,-1.2
"4325","Red","Red","Neither","Red",18,3,4,2,0,16183,7,17767,251,44,-2155,-2249,14,2,10,10,0,18338,7.2,20016,219,60,0,4,1,-6,-8,32,-16,-0.2
"4326","Blue","Neither","Neither","Red",13,4,4,6,0,16037,7,18122,231,58,-519,1292,20,1,7,10,0,16556,6.6,16830,213,36,0,-7,3,-3,-4,18,22,0.4
"4327","Blue","Blue","Blue","Red",16,1,5,5,1,18041,7,18637,221,60,786,1049,15,3,9,14,0,17255,6.8,17588,213,33,1,1,-2,-4,-9,8,27,0.2
"4328","Blue","Blue","Neither","Red",19,1,5,3,0,14820,6.4,16224,167,47,-1671,-1100,17,4,6,10,0,16491,6.8,17324,223,52,0,2,-3,-1,-7,-56,-5,-0.399999999999999
"4329","Red","Red","Neither","Red",15,4,1,0,0,13943,6.8,17294,230,55,-4036,-1844,15,3,5,5,1,17979,7.2,19138,231,65,-1,0,1,-4,-5,-1,-10,-0.4
"4330","Red","Blue","Blue","Red",14,3,7,4,1,17023,6.4,16951,201,44,-1148,-2197,18,1,10,8,0,18171,7.2,19148,226,43,1,-4,2,-3,-4,-25,1,-0.8
"4331","Blue","Red","Neither","Blue",16,4,2,2,0,15011,7,17250,223,60,-1399,-763,22,4,5,7,0,16410,7,18013,208,60,0,-6,0,-3,-5,15,0,0
"4332","Blue","Red","Neither","Red",16,5,13,13,0,20067,7.4,20095,229,36,4409,4503,16,2,5,5,0,15658,6.2,15592,182,48,0,0,3,8,8,47,-12,1.2
"4333","Blue","Blue","Neither","Blue",12,1,6,4,1,17149,6.8,17815,196,54,770,-46,10,1,7,7,0,16379,7,17861,202,34,1,2,0,-1,-3,-6,20,-0.2
"4334","Red","Blue","Neither","Blue",12,0,3,4,0,14688,6.8,16866,199,52,-2193,-1574,11,2,7,10,0,16881,7,18440,217,44,0,1,-2,-4,-6,-18,8,-0.2
"4335","Red","Blue","Blue","Blue",16,4,4,3,0,16125,7.2,19055,235,56,1236,144,28,4,2,2,0,14889,7.4,18911,249,60,0,-12,0,2,1,-14,-4,-0.2
"4336","Red","Red","Blue","Blue",32,2,1,2,0,14197,6.8,17212,225,48,-2144,-2451,14,19,5,3,0,16341,7.2,19663,246,52,0,18,-17,-4,-1,-21,-4,-0.4
"4337","Blue","Neither","Blue","Blue",14,1,12,8,0,18863,7.6,20134,238,52,4785,4475,13,1,2,2,0,14078,6.4,15659,206,42,0,1,0,10,6,32,10,1.2
"4338","Blue","Blue","Neither","Red",12,4,4,2,0,15488,7.2,18538,240,51,-344,1361,16,1,4,4,0,15832,6.6,17177,241,48,0,-4,3,0,-2,-1,3,0.600000000000001
"4339","Blue","Red","Neither","Red",15,1,7,8,1,18283,7,18662,209,60,905,312,15,3,8,6,0,17378,7,18350,206,61,1,0,-2,-1,2,3,-1,0
"4340","Blue","Red","Neither","Blue",16,4,10,14,0,18538,7.2,19030,247,44,1806,632,16,2,5,5,0,16732,7,18398,216,64,0,0,2,5,9,31,-20,0.2
"4341","Blue","Red","Blue","Red",9,2,8,5,0,17875,7.2,20182,206,80,2095,1664,10,3,5,3,0,15780,7,18518,215,60,0,-1,-1,3,2,-9,20,0.2
"4342","Blue","Red","Neither","Red",17,3,9,11,0,16954,6.8,17771,221,32,2589,2509,31,5,3,4,0,14365,6.4,15262,187,46,0,-14,-2,6,7,34,-14,0.399999999999999
"4343","Red","Blue","Blue","Red",15,4,3,2,0,15073,6.8,16649,234,44,-745,-1826,42,2,5,3,0,15818,7,18475,200,66,0,-27,2,-2,-1,34,-22,-0.2
"4344","Blue","Red","Neither","Blue",20,2,5,3,0,16038,7,18686,219,60,329,1704,13,2,6,3,0,15709,6.8,16982,208,56,0,7,0,-1,0,11,4,0.2
"4345","Red","Red","Neither","Red",16,3,5,3,0,16032,7,18159,229,58,-478,-389,23,3,6,6,0,16510,7,18548,221,48,0,-7,0,-1,-3,8,10,0
"4346","Red","Blue","Neither","Blue",15,2,4,7,0,15669,7,17654,223,57,273,-1110,21,3,3,3,0,15396,7.2,18764,237,56,0,-6,-1,1,4,-14,1,-0.2
"4347","Blue","Blue","Red","Blue",15,2,8,8,0,18198,7,18250,246,40,2713,464,14,0,6,3,0,15485,6.8,17786,187,56,0,1,2,2,5,59,-16,0.2
"4348","Red","Blue","Neither","Blue",15,2,13,19,0,19528,7.2,18855,211,42,1852,219,16,2,9,5,0,17676,7.2,18636,217,72,0,-1,0,4,14,-6,-30,0
"4349","Blue","Blue","Blue","Red",18,3,8,6,0,17316,7,18199,206,68,767,796,17,3,6,8,0,16549,6.8,17403,216,52,0,1,0,2,-2,-10,16,0.2
"4350","Red","Red","Neither","Red",14,1,7,10,0,16509,7,18241,202,52,373,-1568,14,2,5,2,0,16136,7.2,19809,224,76,0,0,-1,2,8,-22,-24,-0.2
"4351","Blue","Red","Neither","Blue",52,1,10,11,0,17741,6.8,18253,230,40,2405,1439,12,5,5,6,0,15336,6.8,16814,199,40,0,40,-4,5,5,31,0,0
"4352","Red","Blue","Blue","Blue",19,2,4,2,0,16124,7.4,18986,244,76,2186,1319,18,3,0,0,0,13938,6.8,17667,241,51,0,1,-1,4,2,3,25,0.600000000000001
"4353","Blue","Blue","Neither","Blue",14,0,5,8,0,16395,7,17740,214,52,1315,-99,36,1,3,3,0,15080,7,17839,209,54,0,-22,-1,2,5,5,-2,0
"4354","Blue","Blue","Neither","Blue",16,3,8,7,0,18020,7.2,18981,253,56,2533,1172,15,6,5,4,0,15487,6.8,17809,212,60,0,1,-3,3,3,41,-4,0.4
"4355","Red","Red","Neither","Red",10,0,3,8,0,14759,6.8,17310,194,56,-1394,-589,13,1,5,7,0,16153,6.8,17899,246,44,0,-3,-1,-2,1,-52,12,0
"4356","Red","Red","Neither","Blue",36,0,4,3,0,14521,6.6,16346,186,40,-4413,-5071,18,2,8,12,0,18934,7.8,21417,234,79,0,18,-2,-4,-9,-48,-39,-1.2
"4357","Blue","Red","Blue","Blue",16,2,6,6,1,18341,7.2,19885,229,76,3347,2958,16,4,4,8,0,14994,6.6,16927,206,47,1,0,-2,2,-2,23,29,0.600000000000001
"4358","Red","Red","Neither","Blue",14,2,14,19,0,19599,7.4,19082,211,44,4085,2139,12,0,6,6,0,15514,6.8,16943,188,40,0,2,2,8,13,23,4,0.600000000000001
"4359","Red","Neither","Neither","Blue",12,3,10,14,0,18019,6.8,17440,210,48,4581,2792,15,1,4,3,0,13438,6,14648,153,28,0,-3,2,6,11,57,20,0.8
"4360","Red","Blue","Neither","Blue",41,3,7,7,0,16491,6.6,16774,190,60,453,-1745,16,6,7,0,0,16038,7,18519,238,51,0,25,-3,0,7,-48,9,-0.4
"4361","Blue","Red","Neither","Blue",37,4,14,15,0,21699,7.6,20734,242,43,5773,3643,16,13,7,6,0,15926,6.8,17091,208,50,0,21,-9,7,9,34,-7,0.8
"4362","Red","Red","Blue","Red",14,3,5,6,0,16249,7,18403,217,60,251,1074,13,3,5,7,0,15998,7,17329,229,52,0,1,0,0,-1,-12,8,0
"4363","Red","Blue","Neither","Red",88,3,7,6,0,16476,6.6,17474,210,53,335,731,22,2,7,4,0,16141,6.6,16743,206,40,0,66,1,0,2,4,13,0
"4364","Blue","Blue","Blue","Blue",38,3,7,6,3,18246,6.8,17783,228,41,3826,3122,15,9,5,8,0,14420,6.2,14661,156,44,3,23,-6,2,-2,72,-3,0.6
"4365","Blue","Blue","Blue","Blue",21,3,6,5,0,16646,7.2,18549,242,49,919,94,14,10,3,6,0,15727,7.2,18455,258,56,0,7,-7,3,-1,-16,-7,0
"4366","Blue","Red","Neither","Blue",14,1,5,3,0,16568,7,18389,222,52,2150,475,11,2,2,4,0,14418,7,17914,228,48,0,3,-1,3,-1,-6,4,0
"4367","Blue","Blue","Red","Blue",16,1,8,10,1,18519,7.2,18555,223,48,1840,144,17,0,6,6,0,16679,7.2,18411,214,52,1,-1,1,2,4,9,-4,0
"4368","Red","Red","Red","Red",17,2,4,2,0,15498,6.8,17805,228,32,-1953,-1854,13,4,6,5,0,17451,7.4,19659,259,58,0,4,-2,-2,-3,-31,-26,-0.600000000000001
"4369","Red","Red","Neither","Red",17,3,4,4,0,14927,6.8,17831,205,52,-2435,-850,25,0,7,12,0,17362,7.2,18681,227,59,0,-8,3,-3,-8,-22,-7,-0.4
"4370","Red","Red","Neither","Red",40,2,3,4,0,15120,6.8,17606,230,48,-1338,-779,19,17,4,8,0,16458,7,18385,234,55,0,21,-15,-1,-4,-4,-7,-0.2
"4371","Blue","Blue","Neither","Red",23,1,7,10,0,17146,7.2,19310,227,63,2072,2367,15,3,3,5,0,15074,6.8,16943,241,49,0,8,-2,4,5,-14,14,0.4
"4372","Red","Neither","Blue","Blue",16,1,5,3,0,16141,7,17238,229,52,-1634,-2844,14,3,10,10,0,17775,7.6,20082,240,40,0,2,-2,-5,-7,-11,12,-0.6
"4373","Blue","Blue","Neither","Blue",15,4,8,8,0,17798,7.2,18795,220,56,3120,2464,14,3,4,5,0,14678,6.6,16331,192,48,0,1,1,4,3,28,8,0.600000000000001
"4374","Blue","Red","Neither","Red",37,1,4,5,0,15945,6.8,17648,248,35,-781,289,9,2,9,10,0,16726,6.8,17359,195,48,0,28,-1,-5,-5,53,-13,0
"4375","Red","Red","Red","Red",14,2,6,5,0,16169,6.6,17326,214,42,-620,-1984,18,5,7,4,0,16789,7,19310,237,56,0,-4,-3,-1,1,-23,-14,-0.4
"4376","Red","Neither","Neither","Blue",18,4,3,1,0,15177,6.8,17645,220,52,-1716,-2811,21,1,6,4,0,16893,7.4,20456,241,64,0,-3,3,-3,-3,-21,-12,-0.600000000000001
"4377","Blue","Neither","Neither","Blue",19,2,6,9,0,18307,7.4,19628,235,69,5027,3394,56,3,0,0,0,13280,6.4,16234,211,53,0,-37,-1,6,9,24,16,1
"4378","Red","Blue","Blue","Red",46,1,7,7,0,16473,7,18395,201,52,-932,150,16,1,8,11,0,17405,7,18245,246,63,0,30,0,-1,-4,-45,-11,0
"4379","Blue","Blue","Neither","Blue",58,1,10,17,1,19483,7,18561,211,56,5415,2991,16,1,2,4,0,14068,6.4,15570,203,48,1,42,0,8,13,8,8,0.6
"4380","Red","Red","Neither","Blue",13,2,5,5,0,15230,6.4,15161,185,44,-3832,-3915,16,0,12,11,0,19062,7.4,19076,219,58,0,-3,2,-7,-6,-34,-14,-1
"4381","Blue","Blue","Neither","Red",41,6,7,10,0,16583,7.2,17389,222,44,840,385,17,5,5,4,0,15743,6.8,17004,213,48,0,24,1,2,6,9,-4,0.4
"4382","Red","Red","Blue","Red",16,4,6,3,1,16840,7.2,18376,221,40,-990,-2014,24,6,9,7,0,17830,7.4,20390,247,52,1,-8,-2,-3,-4,-26,-12,-0.2
"4383","Blue","Red","Blue","Blue",23,3,9,12,0,17836,7.2,19027,214,64,969,1554,18,3,7,7,0,16867,6.8,17473,216,36,0,5,0,2,5,-2,28,0.4
"4384","Blue","Red","Red","Blue",16,3,16,14,1,21658,7.6,20318,211,52,6413,3952,76,3,2,1,0,15245,6.4,16366,203,52,1,-60,0,14,13,8,0,1.2
"4385","Blue","Neither","Neither","Red",11,1,14,14,0,19170,7,18219,193,42,3062,2772,11,1,9,13,0,16108,6.2,15447,142,38,0,0,0,5,1,51,4,0.8
"4386","Blue","Red","Red","Blue",21,2,9,7,0,18229,6.8,18093,230,46,2765,1407,17,5,6,5,0,15464,6.6,16686,195,56,0,4,-3,3,2,35,-10,0.2
"4387","Blue","Neither","Neither","Red",27,2,6,6,0,17591,7.2,18925,235,70,3208,3285,15,4,4,2,0,14383,6.2,15640,186,52,0,12,-2,2,4,49,18,1
"4388","Red","Neither","Neither","Blue",20,5,4,7,0,15067,6.8,17232,172,56,-1641,-1610,19,4,5,10,0,16708,7.4,18842,254,52,0,1,1,-1,-3,-82,4,-0.600000000000001
"4389","Red","Red","Neither","Red",18,3,2,2,0,13844,6.6,15601,224,32,-5161,-4099,17,3,12,10,0,19005,7.2,19700,200,58,0,1,0,-10,-8,24,-26,-0.600000000000001
"4390","Red","Red","Neither","Blue",17,1,3,3,0,15699,6.8,17479,226,49,-907,-1650,15,3,5,6,0,16606,7.4,19129,244,55,0,2,-2,-2,-3,-18,-6,-0.600000000000001
"4391","Blue","Neither","Neither","Red",14,1,6,6,0,17077,7,19128,242,61,-162,177,15,2,6,9,0,17239,7,18951,245,66,0,-1,-1,0,-3,-3,-5,0
"4392","Blue","Red","Neither","Red",26,4,5,8,0,15710,6.6,16731,205,46,-3731,-1458,16,3,10,11,0,19441,7.2,18189,230,51,0,10,1,-5,-3,-25,-5,-0.600000000000001
"4393","Blue","Red","Neither","Blue",17,1,5,4,0,16450,7,18801,229,72,1771,1846,18,0,4,4,0,14679,6.6,16955,194,46,0,-1,1,1,0,35,26,0.4
"4394","Red","Neither","Neither","Red",15,2,3,0,0,16228,6.8,18476,234,71,352,639,9,2,5,6,0,15876,7,17837,203,44,0,6,0,-2,-6,31,27,-0.2
"4395","Red","Blue","Neither","Blue",16,2,6,2,0,16803,7,18812,255,61,1189,1151,19,2,4,5,0,15614,7.2,17661,206,59,0,-3,0,2,-3,49,2,-0.2
"4396","Red","Blue","Neither","Blue",14,3,2,3,0,15462,7,17729,249,66,-1176,-1499,15,1,5,7,0,16638,7.2,19228,248,58,0,-1,2,-3,-4,1,8,-0.2
"4397","Blue","Neither","Blue","Blue",43,4,4,2,1,16233,6.8,17972,210,52,1404,1286,15,4,3,3,0,14829,6.8,16686,209,51,1,28,0,1,-1,1,1,0
"4398","Blue","Red","Blue","Blue",16,1,7,8,0,16239,6.4,16109,202,52,-4876,-3481,17,3,17,19,0,21115,7.2,19590,230,56,0,-1,-2,-10,-11,-28,-4,-0.8
"4399","Red","Red","Neither","Blue",50,2,4,4,0,15514,6.6,16759,223,40,249,182,17,3,4,5,0,15265,6.6,16577,204,45,0,33,-1,0,-1,19,-5,0
"4400","Red","Red","Neither","Blue",39,6,9,7,0,18466,7.6,19801,218,68,2220,2300,11,2,6,7,0,16246,7,17501,185,52,0,28,4,3,0,33,16,0.6
"4401","Red","Blue","Neither","Blue",38,2,4,4,0,16907,7.2,18996,259,55,1559,814,16,19,4,7,0,15348,6.8,18182,189,56,0,22,-17,0,-3,70,-1,0.4
"4402","Blue","Neither","Red","Blue",13,2,11,11,0,17662,7.2,18294,195,24,1673,536,47,0,7,5,0,15989,7,17758,173,63,0,-34,2,4,6,22,-39,0.2
"4403","Red","Red","Neither","Red",13,1,4,1,0,14738,6.6,16575,199,52,-4785,-3317,30,1,12,15,0,19523,7.2,19892,220,65,0,-17,0,-8,-14,-21,-13,-0.600000000000001
"4404","Red","Blue","Neither","Red",17,2,7,13,0,16225,6.6,17213,206,56,-2463,-2163,17,3,11,13,0,18688,7.4,19376,224,36,0,0,-1,-4,0,-18,20,-0.800000000000001
"4405","Blue","Red","Neither","Blue",18,1,7,13,0,18486,7.4,20095,264,68,5159,4916,16,2,1,2,0,13327,6.4,15179,182,48,0,2,-1,6,11,82,20,1
"4406","Red","Neither","Neither","Red",38,3,2,2,0,14597,6.8,17317,220,44,-3805,-2559,14,6,9,13,0,18402,7.4,19876,274,48,0,24,-3,-7,-11,-54,-4,-0.600000000000001
"4407","Blue","Neither","Neither","Blue",21,2,6,3,0,16818,7.2,19595,250,56,2274,2694,12,1,2,2,0,14544,6.8,16901,202,50,0,9,1,4,1,48,6,0.4
"4408","Red","Neither","Red","Red",17,1,2,2,0,13714,6.6,16890,201,43,-5129,-3055,13,1,11,12,0,18843,7.2,19945,250,38,0,4,0,-9,-10,-49,5,-0.600000000000001
"4409","Blue","Blue","Red","Red",19,3,6,5,1,17946,7.2,18589,225,64,2398,1573,16,4,4,2,0,15548,6.6,17016,230,45,1,3,-1,2,3,-5,19,0.600000000000001
"4410","Red","Red","Blue","Red",19,1,6,3,0,16141,7.4,19201,215,58,488,2349,16,3,5,9,0,15653,6.6,16852,183,44,0,3,-2,1,-6,32,14,0.800000000000001
"4411","Red","Red","Neither","Red",16,1,7,8,0,17151,6.8,17131,215,54,-2489,-2055,14,1,11,18,0,19640,7.2,19186,205,65,0,2,0,-4,-10,10,-11,-0.4
"4412","Blue","Red","Neither","Blue",42,4,9,15,0,18483,7,18474,222,44,270,-688,19,4,10,13,0,18213,7.2,19162,207,68,0,23,0,-1,2,15,-24,-0.2
"4413","Blue","Blue","Blue","Blue",21,6,3,2,0,15530,6.8,17715,235,52,1219,232,42,4,1,3,0,14311,6.8,17483,238,46,0,-21,2,2,-1,-3,6,0
"4414","Red","Blue","Neither","Red",12,1,7,6,0,15900,7,18137,206,48,-435,-960,34,2,5,4,0,16335,7,19097,218,77,0,-22,-1,2,2,-12,-29,0
"4415","Blue","Blue","Blue","Blue",13,2,7,5,0,17520,7.2,19639,245,63,4228,2880,15,1,0,0,0,13292,6.6,16759,194,60,0,-2,1,7,5,51,3,0.600000000000001
"4416","Red","Red","Red","Blue",13,3,5,5,0,15933,7.2,18047,246,40,465,632,40,2,4,5,0,15468,6.8,17415,203,49,0,-27,1,1,0,43,-9,0.4
"4417","Red","Neither","Neither","Blue",19,4,6,7,0,16369,7,18174,236,51,-1673,-1221,36,6,9,10,0,18042,7.4,19395,239,40,0,-17,-2,-3,-3,-3,11,-0.4
"4418","Blue","Red","Neither","Red",16,3,0,0,0,14422,6.6,17039,245,59,-1723,-545,17,4,5,10,0,16145,6.8,17584,229,52,0,-1,-1,-5,-10,16,7,-0.2
"4419","Red","Red","Red","Red",17,3,1,2,0,13570,6.2,15620,194,52,-6578,-4807,21,3,9,8,1,20148,7.2,20427,267,63,-1,-4,0,-8,-6,-73,-11,-1
"4420","Red","Red","Red","Red",14,3,4,6,0,15706,7,17720,244,46,-1992,-1588,43,3,7,11,0,17698,7.2,19308,256,56,0,-29,0,-3,-5,-12,-10,-0.2
"4421","Blue","Red","Neither","Red",17,6,9,9,0,17898,7,18398,231,52,-113,-116,39,5,9,11,0,18011,7.2,18514,218,52,0,-22,1,0,-2,13,0,-0.2
"4422","Red","Red","Neither","Red",16,1,3,3,0,14397,6.6,16267,210,52,-3517,-3374,14,2,8,9,0,17914,7.2,19641,226,64,0,2,-1,-5,-6,-16,-12,-0.600000000000001
"4423","Blue","Red","Blue","Red",12,6,5,6,0,17227,7,18492,245,62,2582,2655,19,2,3,5,0,14645,6.2,15837,200,49,0,-7,4,2,1,45,13,0.8
"4424","Red","Blue","Neither","Red",15,3,6,7,0,16080,7,17928,218,31,533,1187,17,3,4,6,0,15547,6.6,16741,219,52,0,-2,0,2,1,-1,-21,0.4
"4425","Red","Blue","Neither","Blue",17,4,4,4,0,15346,6.6,16812,230,48,-973,-1012,21,3,7,6,0,16319,6.8,17824,178,64,0,-4,1,-3,-2,52,-16,-0.2
"4426","Red","Neither","Blue","Red",24,2,2,2,0,13853,6.2,14781,205,42,-3650,-3119,17,4,8,7,0,17503,7.2,17900,221,46,0,7,-2,-6,-5,-16,-4,-1
"4427","Red","Red","Neither","Blue",12,5,2,1,0,14417,6.6,16652,198,60,-1930,-2043,17,2,6,7,0,16347,7.2,18695,223,53,0,-5,3,-4,-6,-25,7,-0.600000000000001
"4428","Blue","Neither","Neither","Blue",40,2,13,14,0,18676,7,18018,196,44,3188,2289,13,5,6,5,0,15488,6.4,15729,164,28,0,27,-3,7,9,32,16,0.6
"4429","Red","Neither","Neither","Blue",28,1,10,13,0,18858,7,18627,195,77,2674,1630,13,2,4,4,0,16184,6.4,16997,240,52,0,15,-1,6,9,-45,25,0.6
"4430","Blue","Blue","Red","Blue",17,1,10,8,0,18463,7.4,19599,248,40,3002,2125,10,2,3,3,0,15461,6.8,17474,218,58,0,7,-1,7,5,30,-18,0.600000000000001
"4431","Red","Red","Neither","Blue",17,2,5,3,0,15286,6.6,16864,181,49,-1936,-646,19,5,7,7,0,17222,7,17510,230,42,0,-2,-3,-2,-4,-49,7,-0.4
"4432","Red","Blue","Neither","Blue",16,2,6,8,0,17088,6.8,18472,206,82,-2595,-574,13,2,10,9,1,19683,7.4,19046,233,50,-1,3,0,-4,-1,-27,32,-0.600000000000001
"4433","Red","Neither","Neither","Blue",14,3,3,4,0,14674,6.4,15727,184,48,-5092,-4196,38,3,10,5,1,19766,7.4,19923,240,48,-1,-24,0,-7,-1,-56,0,-1
"4434","Blue","Neither","Neither","Red",14,1,9,8,0,16676,7.2,18316,201,47,-978,-1076,31,2,8,11,0,17654,7.4,19392,203,59,0,-17,-1,1,-3,-2,-12,-0.2
"4435","Red","Blue","Blue","Blue",27,5,6,5,0,16843,7.2,19160,241,52,1597,1617,18,6,3,5,0,15246,6.8,17543,231,42,0,9,-1,3,0,10,10,0.4
"4436","Blue","Blue","Neither","Blue",15,5,8,10,0,17640,7,18174,207,55,4035,3311,51,3,4,9,0,13605,6,14863,155,40,0,-36,2,4,1,52,15,1
"4437","Red","Red","Blue","Blue",18,4,7,9,0,16517,6.6,16968,182,50,473,446,18,2,7,7,0,16044,6.6,16522,183,42,0,0,2,0,2,-1,8,0
"4438","Blue","Red","Blue","Blue",16,3,9,12,1,18626,7.4,19683,205,38,5448,4419,16,1,1,1,0,13178,6.4,15264,179,45,1,0,2,8,11,26,-7,1
"4439","Blue","Blue","Neither","Blue",17,5,16,25,0,20996,7.2,19123,218,47,6476,4261,13,3,5,8,0,14520,6.2,14862,147,41,0,4,2,11,17,71,6,1
"4440","Blue","Red","Red","Red",14,2,5,4,0,16595,7.2,19727,220,59,1584,2449,23,0,3,4,0,15011,6.8,17278,204,47,0,-9,2,2,0,16,12,0.4
"4441","Red","Red","Blue","Red",18,3,6,4,0,16561,7,18103,239,54,-1637,-886,39,6,8,7,0,18198,7.2,18989,240,57,0,-21,-3,-2,-3,-1,-3,-0.2
"4442","Red","Red","Red","Red",13,1,4,4,0,15676,7.2,19519,223,63,-2476,-394,19,3,8,7,0,18152,7.4,19913,260,64,0,-6,-2,-4,-3,-37,-1,-0.2
"4443","Blue","Blue","Neither","Red",19,2,7,9,0,16847,7,17670,209,43,505,-1017,14,4,5,5,0,16342,7.2,18687,212,68,0,5,-2,2,4,-3,-25,-0.2
"4444","Blue","Red","Neither","Red",17,6,4,1,0,14837,6.8,17198,205,52,-576,-1318,26,2,5,8,0,15413,7.2,18516,172,60,0,-9,4,-1,-7,33,-8,-0.4
"4445","Red","Red","Neither","Red",15,2,4,4,0,15624,6.8,18203,229,58,-1647,-1866,14,8,7,7,0,17271,7.4,20069,243,58,0,1,-6,-3,-3,-14,0,-0.600000000000001
"4446","Red","Blue","Red","Red",19,2,3,3,0,14587,6.8,16414,222,48,-2395,-2214,26,4,5,6,0,16982,7,18628,254,60,0,-7,-2,-2,-3,-32,-12,-0.2
"4447","Red","Red","Blue","Blue",19,4,4,7,0,15904,6.6,16786,232,47,-1067,-1598,18,3,7,5,0,16971,7,18384,230,39,0,1,1,-3,2,2,8,-0.4
"4448","Red","Neither","Blue","Red",13,3,0,0,0,14103,6.6,17162,230,66,-1977,-700,13,3,5,4,0,16080,7,17862,224,54,0,0,0,-5,-4,6,12,-0.4
"4449","Blue","Blue","Neither","Blue",16,5,7,11,0,16685,7,18048,216,40,2306,1659,19,3,2,2,0,14379,6.6,16389,208,44,0,-3,2,5,9,8,-4,0.4
"4450","Blue","Blue","Neither","Red",19,6,5,7,0,16501,6.8,18178,234,50,366,84,19,3,5,4,0,16135,6.8,18094,231,62,0,0,3,0,3,3,-12,0
"4451","Red","Red","Blue","Blue",18,4,4,6,0,15694,6.6,17103,248,40,567,-1018,16,6,4,3,0,15127,7,18121,245,44,0,2,-2,0,3,3,-4,-0.4
"4452","Blue","Blue","Neither","Red",15,2,7,4,0,16544,7,18907,247,47,272,1485,36,3,6,6,0,16272,7,17422,221,54,0,-21,-1,1,-2,26,-7,0
"4453","Red","Neither","Red","Blue",18,3,11,15,0,18923,7,18843,225,68,1744,454,16,2,8,7,0,17179,7,18389,219,48,0,2,1,3,8,6,20,0
"4454","Red","Neither","Neither","Blue",15,3,3,2,0,14756,6.6,16229,226,48,-2175,-2386,15,3,7,9,0,16931,7.2,18615,233,50,0,0,0,-4,-7,-7,-2,-0.600000000000001
"4455","Blue","Red","Blue","Red",19,0,4,5,0,14450,6.4,15560,186,48,-5976,-4619,13,3,14,14,0,20426,7.4,20179,264,33,0,6,-3,-10,-9,-78,15,-1
"4456","Blue","Red","Neither","Blue",18,4,3,4,0,15332,7,17832,229,55,359,-386,39,2,3,0,0,14973,7,18218,242,48,0,-21,2,0,4,-13,7,0
"4457","Red","Neither","Neither","Red",53,2,2,2,0,14026,6.8,17348,210,45,-2478,-1258,18,2,4,7,0,16504,7.2,18606,244,66,0,35,0,-2,-5,-34,-21,-0.4
"4458","Red","Neither","Neither","Blue",14,3,7,7,0,16835,7,18378,220,52,700,814,14,3,6,6,0,16135,7,17564,210,45,0,0,0,1,1,10,7,0
"4459","Blue","Neither","Neither","Blue",36,2,7,4,0,17301,7.8,20766,241,67,1207,2244,11,1,5,4,0,16094,7,18522,243,52,0,25,1,2,0,-2,15,0.8
"4460","Blue","Red","Red","Red",16,1,6,7,0,16489,7.2,17951,219,55,-592,-223,14,3,7,9,0,17081,7,18174,227,52,0,2,-2,-1,-2,-8,3,0.2
"4461","Blue","Neither","Neither","Blue",21,1,8,13,0,17212,7,17919,227,41,684,167,14,2,7,6,0,16528,6.8,17752,199,55,0,7,-1,1,7,28,-14,0.2
"4462","Red","Blue","Blue","Blue",13,3,5,7,0,15090,6.6,15998,176,56,-3684,-3135,15,1,9,11,0,18774,7,19133,246,51,0,-2,2,-4,-4,-70,5,-0.4
"4463","Red","Neither","Neither","Red",12,1,2,2,0,14319,6.6,16364,219,51,-1272,-2335,12,1,4,1,0,15591,7.2,18699,236,48,0,0,0,-2,1,-17,3,-0.600000000000001
"4464","Blue","Neither","Neither","Red",16,2,5,6,0,16721,7,18046,237,53,1788,2424,15,2,4,6,0,14933,6.4,15622,210,42,0,1,0,1,0,27,11,0.6
"4465","Red","Red","Neither","Blue",15,2,4,1,0,15089,6.6,17098,235,53,-5292,-4004,14,4,12,14,1,20381,7.6,21102,234,63,-1,1,-2,-8,-13,1,-10,-1
"4466","Blue","Red","Neither","Blue",15,2,4,7,0,15662,6.8,17214,202,42,-130,-624,16,3,7,9,0,15792,6.8,17838,200,35,0,-1,-1,-3,-2,2,7,0
"4467","Red","Red","Neither","Red",18,1,5,5,0,15463,6.6,16939,206,44,-2791,-2246,17,2,9,13,0,18254,7.4,19185,227,57,0,1,-1,-4,-8,-21,-13,-0.800000000000001
"4468","Red","Neither","Red","Blue",11,0,7,12,0,16880,7,17307,216,43,-2125,-3115,14,1,12,12,0,19005,7.4,20422,221,33,0,-3,-1,-5,0,-5,10,-0.4
"4469","Blue","Blue","Blue","Red",13,1,5,3,0,15216,7.2,18894,216,53,-101,-556,15,0,2,0,0,15317,7.2,19450,248,68,0,-2,1,3,3,-32,-15,0
"4470","Blue","Neither","Neither","Blue",18,2,10,13,0,17674,7,18595,209,48,1269,788,11,2,7,6,0,16405,7,17807,205,32,0,7,0,3,7,4,16,0
"4471","Red","Blue","Neither","Blue",18,3,5,5,0,16533,6.6,17396,231,43,251,-340,44,3,6,6,0,16282,7,17736,217,61,0,-26,0,-1,-1,14,-18,-0.4
"4472","Blue","Red","Red","Red",17,1,4,3,0,15716,6.8,16980,225,39,-3446,-3817,15,0,12,10,0,19162,7.8,20797,239,59,0,2,1,-8,-7,-14,-20,-1
"4473","Blue","Neither","Red","Blue",31,5,6,6,0,17631,7,18398,261,53,2803,2471,18,5,4,7,0,14828,6.6,15927,188,46,0,13,0,2,-1,73,7,0.4
"4474","Red","Red","Neither","Red",14,2,3,2,0,15148,7,18263,213,50,-1416,63,15,2,5,8,0,16564,7,18200,230,67,0,-1,0,-2,-6,-17,-17,0
"4475","Red","Red","Neither","Red",130,5,3,3,0,14649,6.8,17099,186,52,-2588,-884,21,2,7,9,0,17237,7,17983,246,36,0,109,3,-4,-6,-60,16,-0.2
"4476","Red","Blue","Red","Red",15,7,6,7,0,16517,6.8,16913,238,44,-409,-2098,18,4,7,7,0,16926,7,19011,254,44,0,-3,3,-1,0,-16,0,-0.2
"4477","Blue","Neither","Neither","Red",15,1,9,11,0,18026,7,18214,211,56,894,639,11,3,9,8,0,17132,6.8,17575,195,47,0,4,-2,0,3,16,9,0.2
"4478","Red","Neither","Neither","Blue",30,4,7,3,0,16399,7,18258,214,44,-1977,-944,13,4,10,9,0,18376,7.2,19202,231,55,0,17,0,-3,-6,-17,-11,-0.2
"4479","Blue","Red","Blue","Blue",22,3,13,15,0,18959,6.8,18151,186,56,2316,1298,17,4,5,4,0,16643,6.6,16853,219,40,0,5,-1,8,11,-33,16,0.2
"4480","Red","Neither","Red","Red",53,1,2,0,0,13888,6.4,15518,172,52,-3220,-4094,14,3,6,6,0,17108,7.4,19612,242,52,0,39,-2,-4,-6,-70,0,-1
"4481","Blue","Blue","Neither","Red",13,2,3,2,0,15188,7,17748,236,57,52,1036,14,1,3,3,0,15136,6.6,16712,214,55,0,-1,1,0,-1,22,2,0.4
"4482","Red","Neither","Neither","Red",11,1,2,0,0,14395,6.6,17060,210,43,-1386,-335,16,1,4,6,0,15781,6.8,17395,211,60,0,-5,0,-2,-6,-1,-17,-0.2
"4483","Red","Neither","Red","Blue",51,5,8,13,0,17663,6.8,18440,202,60,1942,890,39,2,5,3,0,15721,6.8,17550,205,58,0,12,3,3,10,-3,2,0
"4484","Blue","Red","Blue","Blue",14,1,9,7,0,18348,7.2,19545,216,62,3111,2739,13,0,5,4,0,15237,6.8,16806,202,51,0,1,1,4,3,14,11,0.4
"4485","Blue","Red","Neither","Red",19,4,2,2,0,13337,6.4,15472,197,43,-4427,-3299,15,6,5,5,1,17764,7.2,18771,236,48,-1,4,-2,-3,-3,-39,-5,-0.8
"4486","Blue","Neither","Red","Blue",55,4,8,11,0,17064,7,18586,207,42,1183,1036,18,1,4,2,0,15881,7,17550,217,54,0,37,3,4,9,-10,-12,0
"4487","Blue","Blue","Blue","Blue",17,4,13,8,0,18595,7.6,21025,237,60,5236,5547,12,2,1,1,0,13359,6.6,15478,199,52,0,5,2,12,7,38,8,1
"4488","Red","Neither","Neither","Red",15,4,2,2,0,15096,7,17840,228,48,-915,-1035,33,3,4,4,0,16011,7.2,18875,239,65,0,-18,1,-2,-2,-11,-17,-0.2
"4489","Blue","Neither","Neither","Red",43,1,8,3,0,17743,7.6,20843,247,56,2507,3436,11,3,4,5,0,15236,6.8,17407,186,67,0,32,-2,4,-2,61,-11,0.8
"4490","Blue","Red","Red","Blue",14,0,7,6,0,17088,7.2,18459,219,40,-788,151,13,2,8,5,0,17876,7.2,18308,226,64,0,1,-2,-1,1,-7,-24,0
"4491","Blue","Blue","Neither","Red",17,2,8,10,0,17810,7.6,19743,248,57,3866,3496,19,1,3,1,0,13944,6.4,16247,191,41,0,-2,1,5,9,57,16,1.2
"4492","Blue","Neither","Neither","Red",14,2,0,0,0,13954,6.8,17057,231,60,-936,-624,18,2,3,3,0,14890,7,17681,199,47,0,-4,0,-3,-3,32,13,-0.2
"4493","Blue","Red","Neither","Blue",15,0,5,4,0,16300,7.2,19402,244,45,955,1833,15,2,5,3,0,15345,7,17569,192,63,0,0,-2,0,1,52,-18,0.2
"4494","Red","Neither","Blue","Red",17,3,5,7,0,16096,7,17359,224,45,-581,146,16,2,9,8,0,16677,6.8,17213,204,43,0,1,1,-4,-1,20,2,0.2
"4495","Red","Blue","Red","Blue",16,3,5,6,0,16331,6.6,16667,220,51,-2814,-2623,15,2,10,10,0,19145,7,19290,220,64,0,1,1,-5,-4,0,-13,-0.4
"4496","Blue","Blue","Blue","Blue",26,3,5,4,0,16515,7.2,18870,257,54,1967,1068,17,2,2,3,0,14548,7,17802,233,48,0,9,1,3,1,24,6,0.2
"4497","Blue","Blue","Neither","Red",16,1,5,7,0,16860,7,18682,264,45,1245,686,15,2,3,2,0,15615,7,17996,248,63,0,1,-1,2,5,16,-18,0
"4498","Blue","Red","Neither","Blue",18,3,8,11,0,16870,6.6,16180,212,44,829,-929,19,5,6,5,0,16041,6.6,17109,245,46,0,-1,-2,2,6,-33,-2,0
"4499","Blue","Neither","Neither","Red",144,3,4,5,0,17001,7.2,19717,242,61,759,467,10,3,4,4,0,16242,7.2,19250,242,63,0,134,0,0,1,0,-2,0
"4500","Red","Neither","Neither","Blue",17,3,2,3,0,14112,6.6,16664,223,30,-174,-35,18,4,0,0,0,14286,6.6,16699,226,44,0,-1,-1,2,3,-3,-14,0
"4501","Red","Blue","Neither","Red",14,4,2,2,0,15300,7,18001,266,53,-978,-849,17,2,6,8,0,16278,7,18850,228,48,0,-3,2,-4,-6,38,5,0
"4502","Blue","Blue","Neither","Blue",16,0,12,14,0,19276,7.2,19221,192,49,1801,2218,14,1,7,8,0,17475,6.8,17003,217,36,0,2,-1,5,6,-25,13,0.4
"4503","Red","Red","Neither","Blue",39,4,4,9,0,15766,6.6,16789,220,48,-1590,-780,22,5,7,11,0,17356,6.8,17569,235,52,0,17,-1,-3,-2,-15,-4,-0.2
"4504","Red","Red","Neither","Blue",15,2,5,8,0,15292,7,18345,187,54,-1805,-504,18,3,6,10,0,17097,7,18849,241,64,0,-3,-1,-1,-2,-54,-10,0
"4505","Red","Red","Neither","Blue",19,2,2,1,0,14321,6.4,16217,203,44,-1296,-382,18,6,5,5,0,15617,6.6,16599,226,38,0,1,-4,-3,-4,-23,6,-0.199999999999999
"4506","Red","Red","Red","Blue",16,6,6,12,0,16492,6.8,17944,220,47,-2847,-1355,51,4,9,19,1,19339,7.4,19299,237,56,-1,-35,2,-3,-7,-17,-9,-0.600000000000001
"4507","Blue","Blue","Red","Blue",14,7,8,12,0,17357,7,18244,222,48,1031,829,16,2,6,10,0,16326,6.8,17415,208,36,0,-2,5,2,2,14,12,0.2
"4508","Blue","Neither","Neither","Blue",36,3,5,6,1,17519,6.8,17307,215,46,1953,135,15,2,4,6,0,15566,6.6,17172,215,48,1,21,1,1,0,0,-2,0.2
"4509","Blue","Red","Neither","Blue",14,4,4,5,0,16139,6.8,17770,245,46,690,444,21,4,4,7,0,15449,6.8,17326,206,52,0,-7,0,0,-2,39,-6,0
"4510","Red","Blue","Neither","Red",30,1,7,7,0,17088,7,18568,201,60,-793,606,16,1,10,9,0,17881,7,17962,221,48,0,14,0,-3,-2,-20,12,0
"4511","Blue","Blue","Neither","Red",16,1,6,6,0,15609,6.8,18083,180,67,661,735,14,1,3,2,0,14948,6.6,17348,199,52,0,2,0,3,4,-19,15,0.2
"4512","Red","Red","Blue","Blue",14,1,8,10,1,18913,7.4,19182,225,60,3240,1787,19,4,4,6,0,15673,6.8,17395,237,48,1,-5,-3,4,4,-12,12,0.600000000000001
"4513","Blue","Blue","Neither","Red",14,3,9,12,0,18054,7.2,18465,241,52,1859,1271,39,0,6,11,0,16195,6.8,17194,197,55,0,-25,3,3,1,44,-3,0.4
"4514","Blue","Blue","Neither","Red",16,2,6,5,0,15690,6.8,17299,214,44,903,1110,13,2,3,3,0,14787,6.8,16189,199,52,0,3,0,3,2,15,-8,0
"4515","Red","Red","Neither","Blue",13,3,4,2,0,16003,6.8,17739,226,56,353,-160,15,1,4,5,0,15650,6.8,17899,209,59,0,-2,2,0,-3,17,-3,0
"4516","Blue","Neither","Neither","Red",16,2,9,10,1,18181,6.6,17078,202,36,1520,1110,37,4,9,14,0,16661,6.6,15968,165,31,1,-21,-2,0,-4,37,5,0
"4517","Red","Red","Neither","Red",40,3,5,7,0,15628,7,17683,221,49,-623,-39,18,5,6,6,0,16251,6.8,17722,223,42,0,22,-2,-1,1,-2,7,0.2
"4518","Blue","Blue","Neither","Blue",29,1,11,12,0,18093,6.8,17986,211,48,2025,-460,12,3,5,3,0,16068,6.8,18446,199,52,0,17,-2,6,9,12,-4,0
"4519","Blue","Red","Blue","Red",12,4,4,4,0,15607,7,18678,215,57,-315,718,18,3,4,3,0,15922,6.8,17960,246,62,0,-6,1,0,1,-31,-5,0.2
"4520","Blue","Blue","Neither","Blue",15,4,3,2,0,15164,6.8,17404,218,51,-1592,-2199,11,1,5,5,0,16756,7.2,19603,255,52,0,4,3,-2,-3,-37,-1,-0.4
"4521","Red","Neither","Neither","Red",19,4,9,5,0,18090,7,18948,238,43,736,-349,16,5,8,9,0,17354,7.4,19297,213,59,0,3,-1,1,-4,25,-16,-0.4
"4522","Blue","Blue","Neither","Blue",14,3,6,5,0,17001,7,18549,240,49,3156,1621,14,2,1,2,0,13845,6.8,16928,206,47,0,0,1,5,3,34,2,0.2
"4523","Blue","Neither","Neither","Blue",23,5,5,9,0,15904,7,17670,213,48,1085,-556,20,2,2,1,0,14819,6.8,18226,229,64,0,3,3,3,8,-16,-16,0.2
"4524","Blue","Red","Blue","Red",24,8,11,16,0,18215,7.2,19165,239,47,3672,4732,16,4,4,6,0,14543,6.2,14433,183,59,0,8,4,7,10,56,-12,1
"4525","Blue","Red","Red","Red",16,3,5,3,0,16177,7,18401,216,60,-126,463,17,3,6,6,0,16303,6.6,17938,215,58,0,-1,0,-1,-3,1,2,0.4
"4526","Red","Blue","Red","Red",16,5,5,5,1,17087,6.8,17225,206,44,-988,-1321,59,3,9,8,1,18075,7.2,18546,201,39,0,-43,2,-4,-3,5,5,-0.4
"4527","Blue","Red","Blue","Blue",14,3,6,5,0,16594,7,18973,224,50,466,933,40,4,5,8,0,16128,7,18040,233,52,0,-26,-1,1,-3,-9,-2,0
"4528","Red","Red","Neither","Blue",37,3,2,1,0,15101,7,18673,241,64,-1443,-269,44,1,4,5,0,16544,7,18942,217,68,0,-7,2,-2,-4,24,-4,0
"4529","Blue","Blue","Neither","Red",23,4,5,4,0,15787,6.8,17255,209,63,833,383,43,2,5,10,0,14954,6.6,16872,179,36,0,-20,2,0,-6,30,27,0.2
"4530","Blue","Blue","Neither","Blue",19,3,4,3,0,15936,7,18164,255,56,-189,-709,17,2,5,4,0,16125,7.4,18873,252,44,0,2,1,-1,-1,3,12,-0.4
"4531","Red","Red","Red","Red",16,3,3,6,0,15608,7.2,18584,234,60,-233,20,15,1,4,4,0,15841,7.2,18564,240,57,0,1,2,-1,2,-6,3,0
"4532","Blue","Red","Neither","Blue",11,2,7,4,0,17226,7,19315,226,58,-193,548,18,3,8,7,0,17419,7.2,18767,223,48,0,-7,-1,-1,-3,3,10,-0.2
"4533","Red","Red","Neither","Red",16,1,8,6,0,16972,7.2,19143,198,64,-1832,-386,37,1,9,10,0,18804,7.4,19529,230,60,0,-21,0,-1,-4,-32,4,-0.2
"4534","Blue","Neither","Blue","Red",9,5,6,6,0,16421,7.4,19037,224,50,961,849,18,0,6,4,0,15460,7,18188,194,48,0,-9,5,0,2,30,2,0.4
"4535","Red","Red","Blue","Red",14,0,2,3,1,16664,6.8,18036,255,55,1047,-143,14,3,3,4,0,15617,7,18179,247,54,1,0,-3,-1,-1,8,1,-0.2
"4536","Red","Red","Neither","Red",14,2,4,4,0,14920,6.8,17398,186,57,-6000,-3856,16,4,12,15,0,20920,7.6,21254,246,60,0,-2,-2,-8,-11,-60,-3,-0.8
"4537","Red","Blue","Neither","Red",144,2,9,7,0,18227,7.4,19733,248,56,3036,3251,15,2,5,3,0,15191,6.6,16482,173,44,0,129,0,4,4,75,12,0.800000000000001
"4538","Blue","Red","Neither","Blue",19,4,16,21,0,19885,7,18684,177,33,5422,3259,15,3,4,4,0,14463,6.4,15425,182,32,0,4,1,12,17,-5,1,0.6
"4539","Red","Red","Neither","Red",15,1,7,7,0,15225,6.4,16334,180,40,-3230,-3243,17,3,11,7,0,18455,7.2,19577,227,52,0,-2,-2,-4,0,-47,-12,-0.8
"4540","Red","Blue","Neither","Red",14,4,3,5,0,15070,6.8,18012,217,50,-2692,-1151,15,3,7,14,0,17762,7.6,19163,225,52,0,-1,1,-4,-9,-8,-2,-0.8
"4541","Red","Blue","Neither","Red",14,4,6,3,0,16425,7,18433,232,39,-336,-124,15,1,8,6,0,16761,7.2,18557,197,47,0,-1,3,-2,-3,35,-8,-0.2
"4542","Blue","Red","Neither","Blue",17,1,7,10,0,17168,7,17989,233,52,1089,196,12,6,5,4,0,16079,6.8,17793,235,52,0,5,-5,2,6,-2,0,0.2
"4543","Blue","Blue","Neither","Red",83,3,9,12,0,17822,7,18329,209,44,-775,687,15,2,8,8,1,18597,6.6,17642,219,44,-1,68,1,1,4,-10,0,0.4
"4544","Red","Red","Neither","Red",16,2,1,2,0,14055,6.6,16334,208,55,-4331,-2588,43,4,8,10,0,18386,7.2,18922,226,56,0,-27,-2,-7,-8,-18,-1,-0.600000000000001
"4545","Red","Blue","Neither","Red",16,2,5,6,0,16213,6.6,17532,208,48,-916,483,12,1,7,12,0,17129,7,17049,215,56,0,4,1,-2,-6,-7,-8,-0.4
"4546","Red","Red","Neither","Red",13,1,6,4,0,16337,7,16985,202,52,-2529,-2091,36,4,12,15,0,18866,7.2,19076,214,48,0,-23,-3,-6,-11,-12,4,-0.2
"4547","Red","Red","Blue","Blue",18,1,2,3,0,15736,7,18218,234,60,705,-208,16,1,2,2,0,15031,7,18426,250,59,0,2,0,0,1,-16,1,0
"4548","Blue","Red","Blue","Red",14,5,4,3,1,16790,6.8,18508,242,45,1814,619,20,3,4,5,0,14976,6.8,17889,185,47,1,-6,2,0,-2,57,-2,0
"4549","Red","Blue","Neither","Blue",23,6,3,5,0,16091,6.6,17434,230,54,-1053,-1363,17,7,5,5,0,17144,7,18797,248,47,0,6,-1,-2,0,-18,7,-0.4
"4550","Red","Red","Red","Red",14,2,2,3,0,14433,6.4,15908,210,42,-4395,-4086,17,4,9,9,1,18828,7.4,19994,219,63,-1,-3,-2,-7,-6,-9,-21,-1
"4551","Blue","Red","Neither","Blue",12,3,7,4,0,17389,7,18966,237,52,3129,1416,12,2,2,1,0,14260,6.8,17550,203,60,0,0,1,5,3,34,-8,0.2
"4552","Red","Red","Blue","Red",15,1,2,2,0,14475,6.6,16283,205,64,-4666,-3086,14,4,9,9,1,19141,7.2,19369,224,58,-1,1,-3,-7,-7,-19,6,-0.600000000000001
"4553","Red","Neither","Blue","Red",37,3,1,1,0,15373,7,18233,264,80,599,754,43,3,3,3,0,14774,6.8,17479,212,48,0,-6,0,-2,-2,52,32,0.2
"4554","Red","Red","Neither","Red",11,0,3,3,0,14381,6.6,16919,202,41,-2528,-993,14,0,7,10,0,16909,6.8,17912,196,51,0,-3,0,-4,-7,6,-10,-0.2
"4555","Blue","Red","Neither","Blue",12,2,8,5,0,17975,7.2,18967,248,51,1283,518,15,1,7,2,0,16692,7,18449,217,68,0,-3,1,1,3,31,-17,0.2
"4556","Blue","Blue","Neither","Blue",19,4,7,8,0,17459,7.2,19021,231,64,2929,1296,15,1,2,2,0,14530,7,17725,191,64,0,4,3,5,6,40,0,0.2
"4557","Blue","Neither","Blue","Blue",14,2,6,8,1,19056,7.4,19650,232,72,2638,2423,16,1,7,12,0,16418,6.8,17227,204,37,1,-2,1,-1,-4,28,35,0.600000000000001
"4558","Red","Red","Red","Red",17,4,2,2,0,14117,6.6,16799,199,44,-4158,-3452,15,3,8,7,0,18275,7.4,20251,248,56,0,2,1,-6,-5,-49,-12,-0.800000000000001
"4559","Red","Neither","Blue","Blue",17,1,6,12,0,17191,6.8,17872,227,45,-355,-1775,12,1,7,8,0,17546,7.2,19647,204,64,0,5,0,-1,4,23,-19,-0.4
"4560","Blue","Blue","Neither","Blue",15,1,9,11,0,18585,7.2,18660,216,51,3161,2079,13,2,4,4,0,15424,6.8,16581,185,68,0,2,-1,5,7,31,-17,0.4
"4561","Blue","Blue","Blue","Blue",17,2,11,4,0,18271,7.2,20332,224,48,2875,3178,12,2,4,4,0,15396,6.8,17154,213,56,0,5,0,7,0,11,-8,0.4
"4562","Blue","Red","Neither","Blue",13,1,8,8,0,17953,6.8,18196,218,59,3363,2997,13,2,5,9,0,14590,6.4,15199,176,43,0,0,-1,3,-1,42,16,0.399999999999999
"4563","Red","Blue","Red","Blue",24,6,6,8,0,15645,6.8,17261,184,47,6,1023,19,1,4,3,0,15639,6.6,16238,230,42,0,5,5,2,5,-46,5,0.2
"4564","Red","Neither","Neither","Red",14,1,1,1,0,14588,6.8,17460,241,45,-2574,-404,11,3,4,6,1,17162,6.8,17864,222,47,-1,3,-2,-3,-5,19,-2,0
"4565","Blue","Red","Red","Red",16,2,4,7,0,16152,7,17881,260,44,-428,-432,16,4,5,7,0,16580,7.2,18313,238,56,0,0,-2,-1,0,22,-12,-0.2
"4566","Blue","Blue","Neither","Blue",16,1,8,5,0,17030,6.8,18285,212,47,1866,80,17,3,2,2,0,15164,7.2,18205,246,57,0,-1,-2,6,3,-34,-10,-0.4
"4567","Blue","Neither","Blue","Blue",122,2,15,9,0,19204,7.6,20520,215,54,1902,3370,13,4,10,12,0,17302,6.8,17150,183,27,0,109,-2,5,-3,32,27,0.8
"4568","Red","Red","Neither","Red",26,3,4,3,0,14925,7,18636,218,49,-1375,-850,16,7,5,4,0,16300,7.6,19486,220,76,0,10,-4,-1,-1,-2,-27,-0.6
"4569","Blue","Blue","Blue","Red",18,2,8,9,0,17561,7.2,19417,222,49,2585,3290,19,3,3,4,0,14976,6.4,16127,222,43,0,-1,-1,5,5,0,6,0.8
"4570","Red","Red","Red","Red",15,9,4,7,0,15049,6.6,16534,211,47,-2353,-2050,29,9,8,7,0,17402,7,18584,235,44,0,-14,0,-4,0,-24,3,-0.4
"4571","Red","Blue","Neither","Blue",12,3,3,4,0,15523,7,18159,233,60,-279,-411,13,1,4,6,0,15802,7.2,18570,247,52,0,-1,2,-1,-2,-14,8,-0.2
"4572","Red","Red","Red","Red",13,1,2,2,0,14910,6.8,16907,227,56,-2917,-2806,17,0,11,4,0,17827,7,19713,216,53,0,-4,1,-9,-2,11,3,-0.2
"4573","Red","Red","Neither","Blue",13,1,5,4,0,15787,6.6,15849,200,40,-3783,-3300,30,4,14,12,0,19570,7.2,19149,201,61,0,-17,-3,-9,-8,-1,-21,-0.600000000000001
"4574","Red","Red","Red","Red",12,3,5,4,0,16840,7.2,19282,264,53,-103,859,17,2,5,3,1,16943,7,18423,219,48,-1,-5,1,0,1,45,5,0.2
"4575","Blue","Blue","Neither","Red",26,5,2,2,0,14541,6.8,18354,240,48,-1345,-621,15,2,2,2,0,15886,7.2,18975,260,61,0,11,3,0,0,-20,-13,-0.4
"4576","Blue","Red","Neither","Blue",17,0,6,6,0,16273,7,17751,193,55,-1115,-883,16,4,8,7,0,17388,7.2,18634,208,72,0,1,-4,-2,-1,-15,-17,-0.2
"4577","Red","Red","Neither","Red",26,3,2,5,0,14531,6.8,16999,222,56,-1711,-2183,15,4,5,5,0,16242,7.2,19182,235,52,0,11,-1,-3,0,-13,4,-0.4
"4578","Blue","Neither","Neither","Blue",46,5,9,10,0,17413,7,17940,229,25,1221,-172,15,0,5,7,0,16192,7,18112,213,67,0,31,5,4,3,16,-42,0
"4579","Red","Red","Neither","Red",32,7,3,3,0,15622,6.8,17546,246,50,-2461,-1626,18,1,9,10,0,18083,7.2,19172,228,48,0,14,6,-6,-7,18,2,-0.4
"4580","Red","Blue","Blue","Blue",9,2,10,11,1,19556,7.2,18530,198,53,2100,1556,16,2,10,11,0,17456,6.8,16974,189,47,1,-7,0,0,0,9,6,0.4
"4581","Red","Neither","Red","Blue",17,2,6,5,0,16797,7,18636,213,65,823,2681,14,2,7,11,0,15974,6.4,15955,158,44,0,3,0,-1,-6,55,21,0.6
"4582","Red","Red","Blue","Red",15,4,5,10,0,15735,6.6,17073,225,47,-488,-237,19,3,7,8,0,16223,6.8,17310,200,48,0,-4,1,-2,2,25,-1,-0.2
"4583","Blue","Blue","Neither","Blue",23,1,13,15,0,18570,7.2,19063,206,51,2093,2151,16,1,7,11,0,16477,6.6,16912,212,42,0,7,0,6,4,-6,9,0.600000000000001
"4584","Blue","Red","Neither","Blue",16,3,8,8,0,17849,7,18536,227,40,3364,2412,15,1,3,2,0,14485,6.4,16124,223,49,0,1,2,5,6,4,-9,0.6
"4585","Blue","Blue","Neither","Blue",18,3,11,16,0,19364,7.4,19292,232,49,3356,2257,18,3,6,9,0,16008,6.8,17035,198,41,0,0,0,5,7,34,8,0.600000000000001
"4586","Blue","Red","Neither","Red",14,2,9,7,0,17047,7.2,19134,226,57,1992,2548,14,1,4,4,0,15055,6.6,16586,225,44,0,0,1,5,3,1,13,0.600000000000001
"4587","Red","Neither","Red","Blue",16,6,5,4,0,16105,7,17701,237,52,-1198,-833,19,4,9,8,0,17303,7.2,18534,230,40,0,-3,2,-4,-4,7,12,-0.2
"4588","Red","Red","Neither","Red",14,2,5,5,0,15611,7,17672,222,44,-2415,-2092,12,1,9,10,0,18026,7.2,19764,231,56,0,2,1,-4,-5,-9,-12,-0.2
"4589","Blue","Neither","Neither","Blue",12,0,12,12,0,18766,7.2,20059,231,45,2265,2656,24,0,6,6,0,16501,6.8,17403,225,48,0,-12,0,6,6,6,-3,0.4
"4590","Blue","Blue","Red","Blue",17,2,7,6,0,17590,7.2,19299,231,56,2708,1906,107,2,4,3,0,14882,6.6,17393,223,37,0,-90,0,3,3,8,19,0.600000000000001
"4591","Red","Red","Blue","Blue",19,1,6,3,0,15222,6.4,16160,192,38,-2558,-2878,56,7,10,15,0,17780,7.2,19038,205,49,0,-37,-6,-4,-12,-13,-11,-0.8
"4592","Red","Neither","Red","Red",19,3,3,1,0,15537,7.2,18116,239,56,-294,-531,15,5,4,4,0,15831,7.2,18647,244,48,0,4,-2,-1,-3,-5,8,0
"4593","Blue","Blue","Neither","Blue",15,3,10,9,0,19265,7.4,20085,244,75,4692,3644,16,1,5,0,0,14573,6.6,16441,221,28,0,-1,2,5,9,23,47,0.800000000000001
"4594","Red","Blue","Neither","Red",21,3,2,2,0,14746,7,17859,237,56,-1222,-815,18,2,3,2,0,15968,7.2,18674,246,44,0,3,1,-1,0,-9,12,-0.2
"4595","Blue","Blue","Neither","Red",14,3,4,7,0,15261,6.8,15935,227,40,-1107,-2894,16,1,7,4,0,16368,7.2,18829,224,68,0,-2,2,-3,3,3,-28,-0.4
"4596","Red","Red","Neither","Red",17,1,2,0,0,13465,6.2,15462,191,43,-3179,-937,15,2,6,6,0,16644,6.6,16399,226,43,0,2,-1,-4,-6,-35,0,-0.399999999999999
"4597","Blue","Red","Blue","Blue",10,1,16,7,0,20310,7.4,20225,230,60,5565,5067,81,1,5,3,0,14745,6.2,15158,169,46,0,-71,0,11,4,61,14,1.2
"4598","Blue","Red","Neither","Blue",15,1,7,10,0,17527,7,18186,227,56,1863,464,18,2,4,6,0,15664,7,17722,231,48,0,-3,-1,3,4,-4,8,0
"4599","Red","Neither","Red","Blue",16,3,7,7,0,15061,6.2,15124,183,31,-4179,-4531,15,3,13,8,0,19240,7.2,19655,236,52,0,1,0,-6,-1,-53,-21,-1
"4600","Blue","Blue","Neither","Blue",48,1,7,7,0,16765,7.2,18366,213,57,-923,-229,11,0,9,8,0,17688,7,18595,214,38,0,37,1,-2,-1,-1,19,0.2
"4601","Red","Neither","Neither","Red",14,2,4,4,0,15018,6.6,17474,200,50,-1910,-1781,36,2,7,6,0,16928,7.2,19255,227,43,0,-22,0,-3,-2,-27,7,-0.600000000000001
"4602","Blue","Neither","Red","Blue",33,3,9,9,0,18205,7.4,19871,225,48,4061,3186,12,0,3,2,0,14144,6.6,16685,187,39,0,21,3,6,7,38,9,0.800000000000001
"4603","Blue","Red","Neither","Blue",13,0,5,6,0,15284,6.6,16690,187,51,-480,-607,15,1,3,3,0,15764,6.6,17297,230,60,0,-2,-1,2,3,-43,-9,0
"4604","Red","Blue","Neither","Blue",21,4,3,4,0,15026,6.4,16386,202,52,-2243,-3667,37,5,6,8,0,17269,7.6,20053,229,75,0,-16,-1,-3,-4,-27,-23,-1.2
"4605","Red","Red","Neither","Blue",12,5,5,5,0,15827,6.8,17668,212,52,443,-1437,38,1,3,4,0,15384,7.2,19105,232,59,0,-26,4,2,1,-20,-7,-0.4
"4606","Blue","Neither","Neither","Red",37,0,6,8,0,16463,7.2,18961,221,60,354,816,15,1,4,1,0,16109,7,18145,225,48,0,22,-1,2,7,-4,12,0.2
"4607","Blue","Red","Neither","Blue",18,0,9,7,0,16908,6.8,17271,196,31,-363,-191,40,2,8,9,0,17271,6.8,17462,187,68,0,-22,-2,1,-2,9,-37,0
"4608","Red","Red","Blue","Red",20,5,6,5,1,18017,7.2,18923,228,68,2459,834,18,2,3,3,0,15558,6.8,18089,220,51,1,2,3,3,2,8,17,0.4
"4609","Blue","Blue","Neither","Blue",14,2,4,2,0,15257,6.8,18061,221,44,-216,882,16,4,3,3,0,15473,6.6,17179,244,53,0,-2,-2,1,-1,-23,-9,0.2
"4610","Red","Red","Neither","Red",22,3,0,0,0,13643,7,16820,217,62,-3585,-3405,18,4,5,6,0,17228,7.4,20225,266,68,0,4,-1,-5,-6,-49,-6,-0.4
"4611","Blue","Red","Red","Red",27,3,3,1,0,14418,6.4,16672,206,52,-2778,-2174,16,5,8,7,0,17196,7,18846,205,52,0,11,-2,-5,-6,1,0,-0.6
"4612","Red","Blue","Neither","Red",12,4,5,5,0,15999,7,18592,241,48,-2450,-1839,54,2,8,6,0,18449,7.2,20431,255,63,0,-42,2,-3,-1,-14,-15,-0.2
"4613","Blue","Neither","Red","Red",23,3,3,4,0,15031,6.8,16824,202,55,-330,-142,17,1,4,5,0,15361,6.6,16966,215,46,0,6,2,-1,-1,-13,9,0.2
"4614","Red","Blue","Neither","Red",25,3,6,8,0,16129,7.2,18567,210,48,2279,2842,17,2,1,1,0,13850,6.4,15725,205,39,0,8,1,5,7,5,9,0.8
"4615","Red","Red","Red","Red",13,5,5,8,0,16059,7,18553,216,48,-1694,-1,22,6,4,5,1,17753,7.2,18554,231,52,-1,-9,-1,1,3,-15,-4,-0.2
"4616","Blue","Neither","Neither","Red",17,1,8,13,0,17731,7,18478,256,34,709,1296,13,1,6,5,0,17022,6.8,17182,229,54,0,4,0,2,8,27,-20,0.2
"4617","Red","Red","Neither","Red",12,2,4,3,0,15202,6.6,16607,219,40,-6871,-5115,34,2,12,11,1,22073,8,21722,253,80,-1,-22,0,-8,-8,-34,-40,-1.4
"4618","Blue","Red","Neither","Red",12,4,4,1,0,15786,7.2,18637,246,60,987,1253,17,1,4,4,0,14799,6.8,17384,200,47,0,-5,3,0,-3,46,13,0.4
"4619","Blue","Neither","Blue","Blue",21,3,5,11,0,16003,7,17277,216,56,145,-862,16,5,3,4,0,15858,7,18139,246,59,0,5,-2,2,7,-30,-3,0
"4620","Red","Neither","Neither","Red",80,4,2,1,0,13867,6.2,15515,206,31,-3975,-4232,17,3,9,9,0,17842,7,19747,237,44,0,63,1,-7,-8,-31,-13,-0.8
"4621","Blue","Blue","Neither","Blue",18,2,5,4,0,15792,7,17609,228,56,683,246,20,1,4,6,0,15109,6.6,17363,210,41,0,-2,1,1,-2,18,15,0.4
"4622","Red","Red","Neither","Red",18,5,2,2,0,14415,6.8,17248,215,49,-1674,-772,19,5,5,6,0,16089,6.8,18020,246,44,0,-1,0,-3,-4,-31,5,0
"4623","Blue","Blue","Neither","Red",13,1,6,6,0,16665,7,18534,236,56,1630,1924,14,1,3,3,0,15035,6.8,16610,235,36,0,-1,0,3,3,1,20,0.2
"4624","Blue","Red","Neither","Red",17,4,5,2,0,15775,6.6,16946,249,45,-848,-4,19,3,5,7,0,16623,6.6,16950,225,53,0,-2,1,0,-5,24,-8,0
"4625","Red","Blue","Neither","Blue",16,3,4,5,0,16418,6.8,17454,237,50,217,72,16,0,7,5,0,16201,6.6,17382,216,40,0,0,3,-3,0,21,10,0.2
"4626","Red","Neither","Neither","Blue",19,3,12,8,0,19525,7.6,20374,242,50,3224,2800,60,7,8,10,0,16301,7,17574,181,32,0,-41,-4,4,-2,61,18,0.6
"4627","Red","Red","Neither","Red",12,0,4,3,0,14349,6.6,16821,159,49,-6973,-3705,19,0,13,11,1,21322,7.6,20526,263,60,-1,-7,0,-9,-8,-104,-11,-1
"4628","Red","Neither","Red","Blue",12,1,6,9,0,16480,6.6,17339,226,48,-1726,63,18,2,8,9,1,18206,6.8,17276,229,26,-1,-6,-1,-2,0,-3,22,-0.2
"4629","Blue","Blue","Blue","Red",13,2,8,4,0,17683,7.6,20153,237,56,1289,2602,16,2,7,7,0,16394,6.6,17551,208,36,0,-3,0,1,-3,29,20,1
"4630","Red","Blue","Neither","Blue",14,0,8,8,0,16797,6.8,17770,200,48,-3201,-3067,55,1,13,16,0,19998,7.6,20837,232,47,0,-41,-1,-5,-8,-32,1,-0.8
"4631","Red","Blue","Neither","Blue",16,1,5,3,0,14616,6.6,16844,183,40,-1313,-1476,14,1,6,3,0,15929,7,18320,217,56,0,2,0,-1,0,-34,-16,-0.4
"4632","Blue","Neither","Neither","Blue",19,1,11,11,0,18622,7.2,19365,245,50,5269,3577,36,1,1,1,0,13353,6.6,15788,189,45,0,-17,0,10,10,56,5,0.600000000000001
"4633","Red","Red","Neither","Red",16,2,4,3,0,14689,6.6,16679,195,49,-5354,-4248,15,4,11,10,0,20043,7.6,20927,244,61,0,1,-2,-7,-7,-49,-12,-1
"4634","Red","Blue","Neither","Red",13,1,10,13,0,17842,6.8,18236,194,52,-1949,-1074,15,3,12,12,0,19791,7.2,19310,228,46,0,-2,-2,-2,1,-34,6,-0.4
"4635","Blue","Blue","Neither","Red",41,1,2,1,0,14756,7.2,18676,237,64,-1318,132,17,5,3,5,0,16074,6.8,18544,266,38,0,24,-4,-1,-4,-29,26,0.4
"4636","Blue","Blue","Neither","Red",14,4,12,23,0,18494,6.8,17736,212,43,3098,2685,25,1,5,9,0,15396,6.2,15051,188,34,0,-11,3,7,14,24,9,0.6
"4637","Red","Blue","Neither","Red",18,3,2,4,0,13870,6.4,15601,202,46,-2809,-2023,20,7,7,7,0,16679,6.8,17624,221,50,0,-2,-4,-5,-3,-19,-4,-0.399999999999999
"4638","Red","Blue","Red","Red",17,3,3,2,0,14409,6.4,17030,212,44,-108,-914,42,3,3,5,0,14517,7,17944,200,50,0,-25,0,0,-3,12,-6,-0.6
"4639","Red","Red","Red","Red",15,2,5,5,0,15543,6.8,17304,197,44,-3318,-2979,14,1,11,8,0,18861,7.6,20283,228,60,0,1,1,-6,-3,-31,-16,-0.8
"4640","Red","Red","Neither","Red",84,0,6,5,0,15740,6.4,15862,177,49,-4093,-2844,22,1,14,16,0,19833,7.2,18706,208,41,0,62,-1,-8,-11,-31,8,-0.8
"4641","Blue","Red","Red","Blue",63,0,5,4,0,15691,6.8,17738,190,60,-854,-1069,17,1,7,5,0,16545,7,18807,227,52,0,46,-1,-2,-1,-37,8,-0.2
"4642","Blue","Neither","Blue","Blue",19,1,3,4,0,15314,7,17245,207,61,-1891,-1211,11,5,8,6,0,17205,7.2,18456,226,44,0,8,-4,-5,-2,-19,17,-0.2
"4643","Blue","Neither","Neither","Blue",41,4,14,15,1,20030,7.2,18878,205,58,5872,4455,37,4,3,5,0,14158,6,14423,171,34,1,4,0,11,10,34,24,1.2
"4644","Blue","Blue","Red","Blue",18,2,6,5,0,18121,7.4,19941,257,68,3713,3023,21,5,2,1,0,14408,6.6,16918,241,40,0,-3,-3,4,4,16,28,0.800000000000001
"4645","Blue","Blue","Blue","Blue",17,3,10,12,0,18625,7.2,18897,223,63,3149,2125,17,1,5,4,0,15476,6.8,16772,227,40,0,0,2,5,8,-4,23,0.4
"4646","Blue","Neither","Red","Blue",19,4,10,7,0,18152,7.2,19147,233,47,4263,2953,16,3,1,2,0,13889,6.6,16194,204,55,0,3,1,9,5,29,-8,0.600000000000001
"4647","Blue","Neither","Neither","Blue",18,1,7,10,0,17350,7.2,18363,233,46,2896,1979,15,0,3,6,0,14454,6.4,16384,199,40,0,3,1,4,4,34,6,0.8
"4648","Blue","Blue","Neither","Blue",13,1,6,7,0,16363,7,18353,218,52,2216,1311,20,3,2,2,0,14147,6.6,17042,211,56,0,-7,-2,4,5,7,-4,0.4
"4649","Blue","Blue","Neither","Blue",18,1,8,5,0,16104,6.8,17424,175,56,530,227,15,5,5,4,0,15574,6.8,17197,227,47,0,3,-4,3,1,-52,9,0
"4650","Blue","Blue","Neither","Blue",25,5,6,9,0,15401,6.6,16508,195,32,-729,-889,18,2,5,5,0,16130,6.6,17397,191,51,0,7,3,1,4,4,-19,0
"4651","Blue","Blue","Neither","Red",9,3,8,9,0,19331,7.4,20193,254,62,5885,4652,15,0,1,0,0,13446,6.4,15541,169,59,0,-6,3,7,9,85,3,1
"4652","Red","Blue","Neither","Blue",16,2,11,9,0,17537,7.2,19736,196,56,2607,1862,11,2,6,2,0,14930,7,17874,183,44,0,5,0,5,7,13,12,0.2
"4653","Red","Red","Neither","Blue",20,5,11,14,0,18379,7.2,19031,203,52,1952,1542,17,3,6,9,0,16427,6.8,17489,196,64,0,3,2,5,5,7,-12,0.4
"4654","Red","Red","Neither","Red",18,2,2,2,0,14857,6.4,16453,210,59,-1726,-1890,15,1,7,17,0,16583,7.2,18343,203,44,0,3,1,-5,-15,7,15,-0.8
"4655","Blue","Red","Neither","Blue",13,5,8,6,0,17520,7,18523,220,48,996,116,20,1,6,6,0,16524,6.8,18407,221,43,0,-7,4,2,0,-1,5,0.2
"4656","Red","Red","Red","Red",16,3,4,4,0,14837,6.6,17437,209,48,-4715,-1691,12,5,9,10,1,19552,7.4,19128,239,44,-1,4,-2,-5,-6,-30,4,-0.800000000000001
"4657","Red","Red","Neither","Red",16,6,5,8,0,16930,7.2,18587,237,52,928,-633,20,4,5,3,0,16002,7.2,19220,241,56,0,-4,2,0,5,-4,-4,0
"4658","Red","Red","Neither","Red",99,5,7,11,0,16332,6.8,17067,196,56,-1514,-893,15,4,10,9,0,17846,6.8,17960,211,48,0,84,1,-3,2,-15,8,0
"4659","Red","Neither","Neither","Red",19,5,5,2,0,15807,7.2,18325,231,43,-281,497,16,7,6,5,0,16088,7,17828,230,48,0,3,-2,-1,-3,1,-5,0.2
"4660","Blue","Blue","Neither","Red",16,5,11,10,0,18720,7.2,18913,222,44,-438,-669,37,1,10,12,0,19158,7.2,19582,186,64,0,-21,4,1,-2,36,-20,0
"4661","Red","Red","Neither","Red",19,2,1,1,0,14215,6.6,17252,228,52,-579,-379,39,6,2,1,0,14794,6.8,17631,233,40,0,-20,-4,-1,0,-5,12,-0.2
"4662","Blue","Red","Neither","Blue",17,2,13,9,0,19124,7.2,20438,244,56,3579,2679,15,3,5,4,0,15545,7,17759,191,52,0,2,-1,8,5,53,4,0.2
"4663","Red","Neither","Red","Red",18,2,3,1,0,14352,6.8,17455,222,44,-1241,-1045,15,3,4,2,0,15593,6.8,18500,232,55,0,3,-1,-1,-1,-10,-11,0
"4664","Blue","Neither","Neither","Red",26,4,5,7,0,16784,7,18136,252,56,727,-566,13,0,3,2,0,16057,7.2,18702,221,55,0,13,4,2,5,31,1,-0.2
"4665","Blue","Blue","Neither","Blue",15,1,5,6,0,16328,6.8,17945,241,50,-972,-1814,15,0,7,8,0,17300,7.2,19759,233,53,0,0,1,-2,-2,8,-3,-0.4
"4666","Red","Red","Red","Red",13,1,5,3,0,15318,7,18578,200,48,-1086,646,35,1,8,8,0,16404,6.8,17932,194,43,0,-22,0,-3,-5,6,5,0.2
"4667","Blue","Red","Red","Blue",15,0,3,5,0,14896,6.8,17240,207,42,-2200,-1933,53,2,5,6,0,17096,7.4,19173,235,63,0,-38,-2,-2,-1,-28,-21,-0.600000000000001
"4668","Blue","Blue","Neither","Blue",15,1,5,6,0,15667,7,17128,202,51,481,-259,17,1,3,1,0,15186,6.8,17387,219,57,0,-2,0,2,5,-17,-6,0.2
"4669","Blue","Blue","Neither","Blue",15,3,13,13,1,21908,7.4,20909,227,84,4612,2877,15,1,9,12,0,17296,7,18032,195,44,1,0,2,4,1,32,40,0.4
"4670","Red","Red","Blue","Blue",72,4,6,5,0,16372,6.8,17570,234,42,1506,-265,39,3,5,3,0,14866,6.8,17835,200,59,0,33,1,1,2,34,-17,0
"4671","Blue","Blue","Neither","Blue",17,2,7,9,0,15993,6.4,16122,188,51,2090,468,18,4,2,2,0,13903,6.4,15654,209,36,0,-1,-2,5,7,-21,15,0
"4672","Red","Neither","Red","Red",15,0,5,7,0,14469,6.2,15329,136,48,-2579,-3819,14,3,5,2,0,17048,7.2,19148,244,60,0,1,-3,0,5,-108,-12,-1
"4673","Blue","Blue","Red","Blue",21,4,5,6,0,16956,7.2,18750,259,56,1723,740,14,2,1,1,0,15233,6.8,18010,262,64,0,7,2,4,5,-3,-8,0.4
"4674","Red","Red","Blue","Blue",13,2,7,4,0,16699,7,18064,212,48,559,55,16,3,7,7,0,16140,7.2,18009,194,56,0,-3,-1,0,-3,18,-8,-0.2
"4675","Red","Red","Red","Red",25,3,3,1,0,14868,6.6,16222,237,41,-3346,-3153,18,5,8,9,0,18214,7.2,19375,229,52,0,7,-2,-5,-8,8,-11,-0.600000000000001
"4676","Red","Blue","Blue","Blue",16,2,9,15,0,18281,7,17856,218,44,785,812,48,3,11,12,0,17496,7,17044,184,40,0,-32,-1,-2,3,34,4,0
"4677","Red","Red","Red","Red",18,6,3,4,0,15144,7.4,18640,214,56,-439,775,17,2,5,6,0,15583,6.6,17865,241,32,0,1,4,-2,-2,-27,24,0.800000000000001
"4678","Red","Red","Neither","Red",21,2,4,4,0,14135,6.4,15854,182,48,-4416,-3186,16,4,10,10,0,18551,7.4,19040,231,44,0,5,-2,-6,-6,-49,4,-1
"4679","Red","Red","Neither","Blue",12,2,3,2,0,13808,6.2,15418,169,42,-4523,-3729,18,1,9,9,0,18331,7.2,19147,219,65,0,-6,1,-6,-7,-50,-23,-1
"4680","Red","Blue","Red","Red",18,4,4,4,0,15137,6.6,15969,206,38,-3447,-3324,17,5,9,10,0,18584,7.2,19293,262,59,0,1,-1,-5,-6,-56,-21,-0.600000000000001
"4681","Blue","Blue","Neither","Blue",21,3,7,7,0,17247,7,18201,223,48,2145,870,15,4,4,5,0,15102,6.8,17331,231,29,0,6,-1,3,2,-8,19,0.2
"4682","Red","Red","Neither","Red",15,2,5,6,0,16485,7.2,18714,247,48,577,1501,15,1,4,5,0,15908,6.8,17213,236,56,0,0,1,1,1,11,-8,0.4
"4683","Red","Red","Blue","Blue",21,6,7,11,0,16867,6.8,16680,209,52,-1883,-873,20,4,12,13,0,18750,7,17553,226,34,0,1,2,-5,-2,-17,18,-0.2
"4684","Red","Neither","Neither","Red",37,4,3,2,0,14272,6,15106,194,55,-3608,-4288,15,4,9,4,0,17880,7.2,19394,259,47,0,22,0,-6,-2,-65,8,-1.2
"4685","Red","Red","Neither","Red",73,4,3,4,0,14282,6.6,16446,182,49,-4690,-3429,15,8,9,11,0,18972,7.4,19875,235,65,0,58,-4,-6,-7,-53,-16,-0.800000000000001
"4686","Blue","Red","Neither","Blue",19,3,4,5,0,16352,6.8,17852,220,56,1705,177,17,1,3,2,0,14647,7,17675,202,64,0,2,2,1,3,18,-8,-0.2
"4687","Red","Red","Neither","Blue",13,2,10,12,0,17862,7.4,19955,242,44,2417,2101,15,1,3,3,0,15445,7,17854,203,64,0,-2,1,7,9,39,-20,0.4
"4688","Red","Blue","Blue","Blue",20,7,7,12,0,16431,6.8,17901,204,54,617,866,19,5,4,6,0,15814,6.6,17035,236,52,0,1,2,3,6,-32,2,0.2
"4689","Blue","Red","Neither","Blue",18,4,5,5,0,17114,7.4,19292,253,51,2861,2287,16,3,1,1,0,14253,6.8,17005,248,51,0,2,1,4,4,5,0,0.600000000000001
"4690","Blue","Blue","Blue","Red",18,5,9,11,1,19003,6.6,16349,226,31,503,-222,19,1,10,14,0,18500,6.6,16571,209,43,1,-1,4,-1,-3,17,-12,0
"4691","Red","Red","Red","Blue",11,4,6,10,0,15451,6.4,16217,188,35,-1679,-1569,24,4,9,10,0,17130,7.2,17786,188,48,0,-13,0,-3,0,0,-13,-0.8
"4692","Red","Blue","Neither","Blue",16,4,9,13,0,17941,7.2,18842,205,52,2361,770,17,2,3,3,0,15580,6.8,18072,249,52,0,-1,2,6,10,-44,0,0.4
"4693","Blue","Blue","Neither","Blue",14,13,12,10,0,19537,7.8,20680,246,51,4932,3923,40,1,3,2,0,14605,6.6,16757,212,48,0,-26,12,9,8,34,3,1.2
"4694","Blue","Red","Neither","Blue",20,3,7,6,0,16863,6.6,17496,232,45,1310,-95,14,3,3,3,0,15553,6.8,17591,227,55,0,6,0,4,3,5,-10,-0.2
"4695","Red","Blue","Neither","Blue",31,2,3,3,0,15315,6.8,17328,213,48,-2314,-2460,14,6,8,11,0,17629,7.2,19788,237,61,0,17,-4,-5,-8,-24,-13,-0.4
"4696","Blue","Blue","Neither","Red",27,6,5,10,0,15853,7,17700,204,55,-153,-962,20,5,6,4,0,16006,6.8,18662,241,44,0,7,1,-1,6,-37,11,0.2
"4697","Red","Red","Neither","Blue",16,1,2,0,0,14072,6.6,16596,207,56,-2186,-1093,37,1,6,7,0,16258,7,17689,210,54,0,-21,0,-4,-7,-3,2,-0.4
"4698","Red","Neither","Neither","Red",43,3,9,8,0,17030,6.8,16983,176,41,-1567,1876,15,0,12,15,0,18597,6.2,15107,171,36,0,28,3,-3,-7,5,5,0.6
"4699","Red","Red","Neither","Blue",38,0,6,5,0,15617,6.8,17606,194,35,-2139,-1844,95,0,8,10,0,17756,7.4,19450,200,80,0,-57,0,-2,-5,-6,-45,-0.600000000000001
"4700","Blue","Blue","Red","Blue",17,2,3,4,0,15634,6.6,17475,213,53,487,-618,37,2,1,0,0,15147,7,18093,242,70,0,-20,0,2,4,-29,-17,-0.4
"4701","Blue","Red","Blue","Red",14,2,5,2,0,15493,6.8,17405,211,52,-860,-121,17,0,7,10,0,16353,7,17526,202,46,0,-3,2,-2,-8,9,6,-0.2
"4702","Red","Blue","Neither","Red",19,4,5,5,0,15959,7.2,18751,244,52,786,1155,17,2,3,5,0,15173,6.8,17596,238,49,0,2,2,2,0,6,3,0.4
"4703","Red","Red","Red","Blue",14,4,4,2,0,15945,7,17784,229,56,-1757,-1856,28,1,10,8,0,17702,7.2,19640,209,60,0,-14,3,-6,-6,20,-4,-0.2
"4704","Blue","Red","Neither","Red",39,2,8,8,0,17389,7,18770,218,43,-1067,-523,18,2,9,9,0,18456,7.4,19293,234,60,0,21,0,-1,-1,-16,-17,-0.4
"4705","Blue","Blue","Neither","Blue",17,1,11,14,0,17961,7.2,19152,205,41,3354,2760,13,0,4,5,0,14607,6.8,16392,206,32,0,4,1,7,9,-1,9,0.4
"4706","Red","Red","Neither","Red",14,3,4,2,0,15744,7.6,20593,234,67,419,1790,16,2,3,0,0,15325,7.2,18803,263,52,0,-2,1,1,2,-29,15,0.399999999999999
"4707","Red","Blue","Neither","Red",14,4,7,10,0,16657,7,18425,231,43,1131,1518,15,4,3,3,0,15526,6.6,16907,233,60,0,-1,0,4,7,-2,-17,0.4
"4708","Red","Blue","Red","Blue",36,5,3,3,0,15951,7,19210,247,70,1151,1753,48,4,2,1,0,14800,6.8,17457,236,45,0,-12,1,1,2,11,25,0.2
"4709","Blue","Red","Neither","Red",17,6,7,8,0,15956,6.8,17011,191,51,-1206,-963,19,5,8,7,0,17162,7,17974,243,44,0,-2,1,-1,1,-52,7,-0.2
"4710","Red","Neither","Neither","Red",17,1,4,4,0,16184,6.8,17808,239,68,-1620,-720,15,4,9,8,0,17804,7.2,18528,218,52,0,2,-3,-5,-4,21,16,-0.4
"4711","Blue","Red","Neither","Red",22,1,9,7,0,17518,7.2,19434,212,52,731,1627,13,1,7,4,0,16787,7,17807,192,47,0,9,0,2,3,20,5,0.2
"4712","Blue","Neither","Neither","Blue",16,5,6,10,0,16992,6.8,17775,227,53,1182,420,20,2,6,8,0,15810,6.6,17355,203,39,0,-4,3,0,2,24,14,0.2
"4713","Red","Neither","Red","Red",19,1,3,2,0,14317,6.8,17076,224,45,-2155,-1351,20,2,4,4,0,16472,7,18427,239,52,0,-1,-1,-1,-2,-15,-7,-0.2
"4714","Blue","Neither","Neither","Blue",38,4,3,2,0,14935,7.2,17972,220,48,-792,-9,13,5,5,6,0,15727,7,17981,221,49,0,25,-1,-2,-4,-1,-1,0.2
"4715","Red","Neither","Neither","Blue",15,0,2,2,0,14736,6.4,16670,235,50,-635,-1175,17,1,3,4,0,15371,7.2,17845,235,47,0,-2,-1,-1,-2,0,3,-0.8
"4716","Blue","Blue","Neither","Blue",15,4,10,12,0,18444,7,18580,220,51,3711,2294,16,3,2,2,0,14733,6.4,16286,234,47,0,-1,1,8,10,-14,4,0.6
"4717","Blue","Blue","Neither","Blue",13,3,6,6,0,17089,7.2,18072,232,52,2387,1690,33,1,4,3,0,14702,6.6,16382,191,44,0,-20,2,2,3,41,8,0.600000000000001
"4718","Blue","Neither","Neither","Blue",14,3,15,16,0,20036,7.2,19646,178,80,4060,3619,17,3,7,8,0,15976,6.4,16027,192,44,0,-3,0,8,8,-14,36,0.8
"4719","Blue","Red","Blue","Blue",16,3,8,11,1,18976,7.2,19176,259,49,4910,2573,20,2,1,0,0,14066,6.6,16603,224,43,1,-4,1,7,11,35,6,0.600000000000001
"4720","Blue","Blue","Neither","Blue",18,3,3,4,0,15257,6.6,16719,237,52,-686,-634,12,9,5,8,0,15943,6.8,17353,208,43,0,6,-6,-2,-4,29,9,-0.2
"4721","Red","Neither","Neither","Blue",18,3,5,4,0,16510,7,17844,239,44,1066,528,17,2,4,3,0,15444,7,17316,231,36,0,1,1,1,1,8,8,0
"4722","Blue","Neither","Neither","Blue",13,4,8,10,0,17754,7,18653,239,39,3880,2784,18,2,2,1,0,13874,6.4,15869,204,40,0,-5,2,6,9,35,-1,0.6
"4723","Blue","Neither","Neither","Red",56,2,6,7,0,16339,7,17799,205,54,297,1283,32,2,6,7,0,16042,6.4,16516,225,47,0,24,0,0,0,-20,7,0.6
"4724","Blue","Red","Neither","Red",14,2,7,7,0,17309,6.8,17384,231,46,334,-302,16,1,9,12,0,16975,7,17686,191,52,0,-2,1,-2,-5,40,-6,-0.2
"4725","Blue","Blue","Neither","Blue",15,2,6,3,0,15712,6.8,17676,216,48,267,745,19,1,5,7,0,15445,6.8,16931,203,44,0,-4,1,1,-4,13,4,0
"4726","Red","Neither","Blue","Red",15,7,7,10,0,16008,7.2,18460,210,49,178,1499,18,4,4,5,0,15830,6.6,16961,227,44,0,-3,3,3,5,-17,5,0.600000000000001
"4727","Blue","Red","Neither","Red",16,3,1,2,0,13772,6.6,16974,231,48,-845,-571,22,3,2,4,0,14617,7,17545,197,60,0,-6,0,-1,-2,34,-12,-0.4
"4728","Red","Red","Neither","Red",20,0,3,3,0,14301,6.6,17009,173,52,-2482,-1576,14,3,8,6,0,16783,7,18585,230,52,0,6,-3,-5,-3,-57,0,-0.4
"4729","Red","Red","Blue","Blue",26,1,7,9,0,16682,7,18002,180,59,-1370,-1269,15,0,9,14,0,18052,7.4,19271,221,44,0,11,1,-2,-5,-41,15,-0.4
"4730","Blue","Blue","Red","Blue",17,2,3,3,0,14849,6.8,17502,221,53,-3736,-2032,16,2,7,6,1,18585,7.6,19534,232,60,-1,1,0,-4,-3,-11,-7,-0.8
"4731","Red","Red","Red","Red",15,4,9,8,0,17807,7.4,19554,229,46,1233,336,80,1,6,5,0,16574,7.4,19218,197,53,0,-65,3,3,3,32,-7,0
"4732","Blue","Blue","Blue","Blue",15,1,11,11,0,18866,7.6,20876,214,60,3650,3906,11,1,3,4,0,15216,6.8,16970,219,44,0,4,0,8,7,-5,16,0.8
"4733","Red","Blue","Neither","Blue",18,6,9,6,0,17828,6.8,17917,218,54,1767,709,19,4,6,7,0,16061,6.8,17208,202,44,0,-1,2,3,-1,16,10,0
"4734","Blue","Blue","Neither","Blue",16,3,7,7,0,16470,7,17655,216,49,632,-1247,14,4,5,2,0,15838,7,18902,230,60,0,2,-1,2,5,-14,-11,0
"4735","Red","Red","Neither","Red",100,1,8,4,0,16865,7.4,19606,212,56,147,1133,30,0,7,3,0,16718,7,18473,209,52,0,70,1,1,1,3,4,0.4
"4736","Red","Neither","Neither","Blue",14,2,5,4,0,15353,7,17812,189,46,-2332,-2671,14,1,8,5,0,17685,7.6,20483,217,60,0,0,1,-3,-1,-28,-14,-0.6
"4737","Red","Neither","Neither","Red",12,2,2,1,0,14247,6.8,16785,216,56,-1179,-557,12,3,6,3,0,15426,6.8,17342,194,52,0,0,-1,-4,-2,22,4,0
"4738","Blue","Neither","Neither","Blue",43,2,12,13,0,18278,6.8,17024,191,24,2352,707,17,5,7,9,0,15926,6.6,16317,189,45,0,26,-3,5,4,2,-21,0.2
"4739","Red","Red","Red","Red",13,2,6,8,0,16068,7.2,18240,209,54,-932,-517,15,1,7,4,0,17000,7.2,18757,240,44,0,-2,1,-1,4,-31,10,0
"4740","Blue","Blue","Neither","Blue",19,4,4,3,0,15966,6.8,17893,231,48,1361,1064,17,3,2,1,0,14605,6.6,16829,208,64,0,2,1,2,2,23,-16,0.2
"4741","Blue","Neither","Neither","Red",39,4,10,12,0,17860,7,17673,182,52,-268,407,15,4,10,16,0,18128,6.8,17266,199,40,0,24,0,0,-4,-17,12,0.2
"4742","Red","Red","Red","Red",18,4,9,14,0,17517,7.2,18612,228,44,124,-1526,39,4,6,7,0,17393,7.4,20138,235,60,0,-21,0,3,7,-7,-16,-0.2
"4743","Red","Red","Neither","Blue",40,1,5,4,0,15815,6.8,17429,224,40,-721,-1118,12,2,6,7,0,16536,7,18547,241,50,0,28,-1,-1,-3,-17,-10,-0.2
"4744","Red","Blue","Neither","Red",15,2,7,4,0,16519,7,18850,203,64,-1464,331,21,2,6,4,0,17983,7,18519,240,60,0,-6,0,1,0,-37,4,0
"4745","Blue","Red","Blue","Blue",17,0,7,11,0,16977,7,17852,201,44,1753,847,9,5,5,9,0,15224,6.6,17005,186,49,0,8,-5,2,2,15,-5,0.4
"4746","Red","Neither","Neither","Red",14,2,3,2,0,14769,6.4,16504,205,45,-4374,-2570,14,3,12,13,0,19143,7,19074,209,53,0,0,-1,-9,-11,-4,-8,-0.6
"4747","Red","Red","Neither","Blue",18,4,7,5,0,17221,6.8,18291,229,54,194,1206,123,2,9,8,0,17027,6.8,17085,213,44,0,-105,2,-2,-3,16,10,0
"4748","Blue","Neither","Neither","Blue",34,2,10,12,0,18152,7,18364,196,56,-973,-2396,15,2,10,10,0,19125,7.4,20760,238,68,0,19,0,0,2,-42,-12,-0.4
"4749","Blue","Red","Neither","Red",15,2,9,10,0,17118,7.2,19705,224,52,1550,3286,14,3,6,8,0,15568,6.8,16419,182,56,0,1,-1,3,2,42,-4,0.4
"4750","Blue","Blue","Neither","Red",44,4,8,9,0,16923,6.8,18443,195,60,2504,2824,17,2,4,3,0,14419,6.4,15619,199,29,0,27,2,4,6,-4,31,0.399999999999999
"4751","Red","Red","Neither","Blue",16,2,8,8,0,17698,7.2,18605,218,56,-373,-1526,14,2,8,5,0,18071,7.4,20131,233,76,0,2,0,0,3,-15,-20,-0.2
"4752","Red","Neither","Neither","Red",17,2,2,2,0,13889,6.4,16133,200,52,-4479,-2696,13,4,9,12,0,18368,7,18829,239,48,0,4,-2,-7,-10,-39,4,-0.6
"4753","Red","Red","Neither","Red",16,3,2,1,0,15218,6.8,17342,227,51,-2789,-1511,14,5,9,7,0,18007,7,18853,248,56,0,2,-2,-7,-6,-21,-5,-0.2
"4754","Red","Blue","Neither","Blue",31,5,4,3,0,15876,7,18504,228,63,525,294,22,3,3,2,0,15351,6.8,18210,227,48,0,9,2,1,1,1,15,0.2
"4755","Red","Blue","Neither","Red",17,1,2,1,0,14476,6.6,16263,201,57,-4094,-3320,18,2,8,8,0,18570,7.2,19583,252,66,0,-1,-1,-6,-7,-51,-9,-0.600000000000001
"4756","Blue","Red","Blue","Blue",45,3,10,5,0,18730,7.4,20389,232,58,5229,5136,16,15,3,0,0,13501,6.4,15253,181,36,0,29,-12,7,5,51,22,1
"4757","Red","Red","Neither","Blue",17,4,4,4,0,14788,6.6,17212,212,46,-516,-113,38,3,4,5,0,15304,6.6,17325,212,47,0,-21,1,0,-1,0,-1,0
"4758","Blue","Red","Blue","Blue",14,4,7,10,0,17257,6.8,17553,189,52,-429,-698,88,3,8,9,0,17686,7,18251,223,60,0,-74,1,-1,1,-34,-8,-0.2
"4759","Red","Blue","Neither","Red",15,3,4,1,0,16755,6.8,18760,263,68,695,1686,17,2,5,4,0,16060,6.6,17074,225,39,0,-2,1,-1,-3,38,29,0.2
"4760","Red","Neither","Neither","Red",14,4,6,5,0,17160,7.4,18631,240,60,750,1304,28,1,5,9,0,16410,6.8,17327,230,56,0,-14,3,1,-4,10,4,0.600000000000001
"4761","Blue","Neither","Blue","Red",16,2,9,11,0,17949,6.6,17918,234,40,1076,-845,18,2,7,6,0,16873,7.2,18763,214,56,0,-2,0,2,5,20,-16,-0.600000000000001
"4762","Red","Neither","Neither","Red",33,6,4,2,0,15585,6.8,17639,224,42,-3559,-1319,30,2,12,11,0,19144,7.2,18958,216,44,0,3,4,-8,-9,8,-2,-0.4
"4763","Blue","Blue","Neither","Red",15,1,9,12,0,18055,6.8,17444,212,50,3332,2911,14,0,4,8,0,14723,6.2,14533,186,41,0,1,1,5,4,26,9,0.6
"4764","Red","Red","Neither","Blue",16,3,7,7,0,17406,7,18922,240,48,1104,183,15,4,5,8,0,16302,7.2,18739,207,48,0,1,-1,2,-1,33,0,-0.2
"4765","Red","Red","Red","Red",16,4,9,16,0,18633,6.8,18367,246,47,-1428,-433,17,5,12,10,1,20061,7.2,18800,223,48,-1,-1,-1,-3,6,23,-1,-0.4
"4766","Blue","Neither","Neither","Red",40,4,8,8,0,17564,7.2,18892,232,40,1156,916,53,5,6,5,0,16408,7,17976,211,65,0,-13,-1,2,3,21,-25,0.2
"4767","Red","Red","Neither","Blue",18,3,9,8,0,17944,7.2,18559,255,40,1319,41,17,4,7,4,0,16625,7,18518,234,56,0,1,-1,2,4,21,-16,0.2
"4768","Red","Neither","Red","Red",15,2,5,6,0,15888,7,18305,239,47,-1157,-51,14,4,7,7,0,17045,7,18356,216,56,0,1,-2,-2,-1,23,-9,0
"4769","Red","Blue","Neither","Red",39,1,8,9,0,16650,7,18077,199,63,-1968,-469,15,3,10,11,0,18618,7.2,18546,224,44,0,24,-2,-2,-2,-25,19,-0.2
"4770","Red","Neither","Neither","Blue",14,3,10,15,0,17892,7,18021,190,48,479,52,14,2,9,19,0,17413,7,17969,221,48,0,0,1,1,-4,-31,0,0
"4771","Blue","Red","Neither","Blue",12,1,3,3,0,15708,6.8,17721,226,52,-564,-1862,16,4,5,5,0,16272,7.2,19583,243,60,0,-4,-3,-2,-2,-17,-8,-0.4
"4772","Blue","Red","Neither","Blue",14,2,13,14,0,19324,7,19019,226,55,3110,1541,17,1,6,8,0,16214,7,17478,206,56,0,-3,1,7,6,20,-1,0
"4773","Red","Neither","Neither","Blue",33,0,7,10,0,16425,6.8,16635,207,36,-964,-1439,14,1,10,7,0,17389,7,18074,189,44,0,19,-1,-3,3,18,-8,-0.2
"4774","Red","Red","Blue","Blue",11,0,5,3,0,16993,7,18944,241,67,1140,-531,12,1,5,5,0,15853,7,19475,231,60,0,-1,-1,0,-2,10,7,0
"4775","Red","Red","Neither","Red",16,3,2,3,0,14752,6.8,17935,228,61,-2181,-1293,17,3,6,8,0,16933,7.2,19228,252,52,0,-1,0,-4,-5,-24,9,-0.4
"4776","Red","Red","Red","Red",82,3,2,1,0,14675,6.8,17184,207,44,-3911,-2728,15,1,10,10,0,18586,7.4,19912,254,40,0,67,2,-8,-9,-47,4,-0.600000000000001
"4777","Blue","Red","Neither","Blue",21,2,6,10,0,16907,6.8,18072,165,56,1697,125,14,5,3,1,0,15210,6.8,17947,242,50,0,7,-3,3,9,-77,6,0
"4778","Red","Red","Neither","Red",12,1,2,3,0,14384,7,17020,237,40,-6124,-4043,13,2,11,8,0,20508,7.6,21063,252,64,0,-1,-1,-9,-5,-15,-24,-0.6
"4779","Red","Red","Neither","Red",19,3,3,3,0,16060,7.2,17844,213,57,-1603,-1134,41,3,8,11,0,17663,7.2,18978,227,53,0,-22,0,-5,-8,-14,4,0
"4780","Red","Red","Neither","Blue",17,1,3,3,0,15484,7,18326,232,60,-930,185,17,5,4,3,0,16414,7,18141,249,52,0,0,-4,-1,0,-17,8,0
"4781","Red","Red","Red","Red",17,0,4,10,0,15064,6.2,14203,141,40,-5181,-5072,17,2,10,9,1,20245,7.4,19275,240,60,-1,0,-2,-6,1,-99,-20,-1.2
"4782","Blue","Neither","Red","Blue",18,4,8,8,1,18775,7,18390,230,40,2666,400,17,3,5,4,0,16109,6.8,17990,215,49,1,1,1,3,4,15,-9,0.2
"4783","Blue","Blue","Blue","Blue",16,3,5,5,0,17665,7.4,19907,258,68,4520,5730,9,1,2,0,0,13145,5.6,14177,210,29,0,7,2,3,5,48,39,1.8
"4784","Blue","Red","Neither","Blue",19,4,7,10,0,17379,7.6,20465,265,64,1524,2071,18,5,3,7,0,15855,7,18394,268,60,0,1,-1,4,3,-3,4,0.6
"4785","Red","Red","Blue","Blue",14,2,4,2,0,16266,6.6,17958,224,47,-622,-1278,19,0,8,13,0,16888,7.2,19236,231,53,0,-5,2,-4,-11,-7,-6,-0.600000000000001
"4786","Red","Neither","Red","Red",12,1,6,8,0,16260,6.8,17081,197,37,-2025,-1774,50,1,7,11,1,18285,7,18855,193,59,-1,-38,0,-1,-3,4,-22,-0.2
"4787","Red","Red","Neither","Red",11,4,2,3,0,14313,6.4,16259,212,57,-2276,-2192,15,0,7,7,0,16589,6.8,18451,217,47,0,-4,4,-5,-4,-5,10,-0.399999999999999
"4788","Blue","Red","Red","Red",13,2,2,3,0,15397,6.8,17958,247,44,908,-79,16,2,2,1,0,14489,6.8,18037,221,60,0,-3,0,0,2,26,-16,0
"4789","Blue","Neither","Neither","Blue",13,3,7,9,0,16275,6.8,17390,224,47,1606,615,44,3,4,4,0,14669,6.4,16775,208,36,0,-31,0,3,5,16,11,0.399999999999999
"4790","Red","Neither","Neither","Blue",33,4,8,9,0,18026,7,17839,198,44,726,-455,17,2,9,12,0,17300,7,18294,186,68,0,16,2,-1,-3,12,-24,0
"4791","Red","Red","Neither","Blue",15,1,1,0,0,13415,6.4,16177,215,43,-5048,-4231,17,6,8,8,0,18463,7.6,20408,264,51,0,-2,-5,-7,-8,-49,-8,-1.2
"4792","Red","Blue","Neither","Red",13,5,7,7,0,16635,7,17795,215,62,544,758,33,1,7,10,0,16091,6.6,17037,194,49,0,-20,4,0,-3,21,13,0.4
"4793","Red","Red","Red","Red",15,3,1,2,0,14114,6.8,17618,229,55,-1313,-6,18,2,3,5,0,15427,6.8,17624,250,48,0,-3,1,-2,-3,-21,7,0
"4794","Red","Blue","Blue","Red",19,2,5,2,0,15975,6.6,17545,222,60,-33,-559,12,2,6,7,0,16008,7,18104,214,55,0,7,0,-1,-5,8,5,-0.4
"4795","Red","Red","Neither","Red",15,3,4,5,0,14606,6.4,16104,173,59,-4405,-3304,57,3,11,16,0,19011,7.2,19408,193,63,0,-42,0,-7,-11,-20,-4,-0.8
"4796","Blue","Blue","Neither","Red",16,3,10,13,0,19134,7.6,20399,227,71,3440,2199,16,2,5,4,0,15694,6.8,18200,209,66,0,0,1,5,9,18,5,0.8
"4797","Red","Neither","Neither","Blue",14,4,3,3,0,15209,7,17965,201,48,-325,9,16,2,3,6,0,15534,7,17956,246,47,0,-2,2,0,-3,-45,1,0
"4798","Blue","Red","Blue","Blue",16,2,6,9,0,16512,7.4,18547,207,75,-1314,-1027,39,2,7,10,0,17826,7.2,19574,246,67,0,-23,0,-1,-1,-39,8,0.2
"4799","Red","Red","Blue","Red",16,2,4,6,0,15707,6.6,16687,225,36,-1724,-1515,61,3,9,12,0,17431,7,18202,202,39,0,-45,-1,-5,-6,23,-3,-0.4
"4800","Blue","Blue","Neither","Red",15,5,10,9,0,17886,7.4,19530,224,62,3854,2986,15,2,3,2,0,14032,6.6,16544,193,44,0,0,3,7,7,31,18,0.800000000000001
"4801","Blue","Blue","Neither","Blue",16,3,4,3,0,15620,7,17974,225,52,234,-318,89,2,4,4,0,15386,7,18292,227,40,0,-73,1,0,-1,-2,12,0
"4802","Red","Blue","Neither","Blue",11,6,5,5,0,16275,7,17526,199,64,-4202,-3846,19,4,15,9,0,20477,7.8,21372,248,44,0,-8,2,-10,-4,-49,20,-0.8
"4803","Blue","Red","Blue","Red",36,3,9,10,0,17308,6.8,16585,209,48,832,-504,15,1,9,6,0,16476,6.6,17089,183,56,0,21,2,0,4,26,-8,0.2
"4804","Red","Neither","Neither","Red",64,2,2,1,0,13875,6.4,16214,212,46,-1207,-1542,19,6,3,3,0,15082,7,17756,227,37,0,45,-4,-1,-2,-15,9,-0.6
"4805","Blue","Blue","Neither","Red",16,2,12,19,1,20721,7,18605,247,49,4453,1296,15,3,7,13,0,16268,7,17309,206,48,1,1,-1,5,6,41,1,0
"4806","Blue","Blue","Neither","Blue",15,4,8,9,0,16955,6.8,17434,191,56,1306,1039,16,0,4,2,0,15649,6.6,16395,200,48,0,-1,4,4,7,-9,8,0.2
"4807","Red","Red","Neither","Blue",35,2,6,8,0,16099,6.8,17169,200,31,-1063,-1027,11,1,9,7,0,17162,7.2,18196,215,49,0,24,1,-3,1,-15,-18,-0.4
"4808","Blue","Red","Blue","Blue",89,2,13,13,0,19569,7.2,19298,203,36,5148,2308,42,4,4,2,0,14421,6.8,16990,179,51,0,47,-2,9,11,24,-15,0.4
"4809","Blue","Blue","Neither","Blue",18,2,15,17,1,20932,7.2,19304,233,48,4217,1384,32,4,7,8,0,16715,7,17920,188,64,1,-14,-2,8,9,45,-16,0.2
"4810","Blue","Blue","Blue","Blue",21,2,17,17,0,20983,7.2,19590,220,32,5372,4626,14,2,7,8,0,15611,6.4,14964,156,40,0,7,0,10,9,64,-8,0.8
"4811","Red","Red","Red","Blue",37,3,4,6,0,15871,6.8,17242,224,56,-752,-1764,14,10,6,4,0,16623,7,19006,228,72,0,23,-7,-2,2,-4,-16,-0.2
"4812","Blue","Red","Neither","Blue",12,2,10,11,0,17938,6.8,17865,219,37,2161,1731,15,1,7,6,0,15777,6.2,16134,195,55,0,-3,1,3,5,24,-18,0.6
"4813","Blue","Blue","Blue","Blue",16,5,8,7,3,20685,8,21642,279,58,7761,5818,20,1,0,0,0,12924,6.4,15824,201,44,3,-4,4,8,7,78,14,1.6
"4814","Blue","Neither","Blue","Blue",16,2,11,8,0,18045,7.4,20275,227,55,2647,3204,15,6,6,10,0,15398,6.6,17071,203,35,0,1,-4,5,-2,24,20,0.800000000000001
"4815","Blue","Blue","Blue","Red",89,3,7,7,0,16985,7,19175,241,52,986,1194,17,1,4,5,0,15999,7,17981,267,48,0,72,2,3,2,-26,4,0
"4816","Blue","Red","Blue","Red",11,0,3,2,0,14106,6.2,15716,200,48,-2393,-1004,14,3,6,6,0,16499,6.4,16720,186,40,0,-3,-3,-3,-4,14,8,-0.2
"4817","Red","Blue","Neither","Blue",122,1,3,3,0,15474,6.8,17407,203,64,-347,-1134,11,0,3,5,0,15821,7.2,18541,224,63,0,111,1,0,-2,-21,1,-0.4
"4818","Blue","Red","Blue","Red",16,4,6,6,0,16434,7,18330,235,48,-435,574,20,5,4,8,0,16869,6.8,17756,270,36,0,-4,-1,2,-2,-35,12,0.2
"4819","Red","Blue","Blue","Red",14,2,4,3,0,14885,6.8,17810,192,59,-4790,-2126,89,2,8,5,1,19675,7.4,19936,232,67,-1,-75,0,-4,-2,-40,-8,-0.600000000000001
"4820","Blue","Blue","Neither","Blue",20,1,11,9,0,19527,7.6,20653,237,52,5525,3467,12,2,2,1,0,14002,6.8,17186,211,52,0,8,-1,9,8,26,0,0.8
"4821","Red","Red","Neither","Red",12,2,6,6,0,16685,6.6,17126,223,44,17,-1180,13,2,7,4,0,16668,7,18306,175,61,0,-1,0,-1,2,48,-17,-0.4
"4822","Red","Red","Blue","Red",17,4,14,16,0,19868,7,19587,201,58,2782,4548,92,1,11,18,0,17086,6.4,15039,157,36,0,-75,3,3,-2,44,22,0.6
"4823","Red","Red","Neither","Red",13,1,9,10,0,16017,6.8,17022,182,34,-58,13,14,2,7,3,0,16075,6.8,17009,228,37,0,-1,-1,2,7,-46,-3,0
"4824","Red","Red","Neither","Red",109,2,0,0,0,13557,6.6,16944,213,60,-2637,-1878,36,6,5,8,0,16194,6.8,18822,248,52,0,73,-4,-5,-8,-35,8,-0.2
"4825","Blue","Neither","Blue","Blue",18,2,6,8,0,17779,7.6,20127,268,48,3206,2261,15,4,2,2,0,14573,7,17866,225,52,0,3,-2,4,6,43,-4,0.6
"4826","Blue","Blue","Neither","Red",13,1,14,19,0,19133,7.2,19406,200,56,4531,2978,12,2,2,3,0,14602,6.6,16428,211,60,0,1,-1,12,16,-11,-4,0.600000000000001
"4827","Red","Blue","Neither","Blue",11,2,3,3,0,14304,6,15110,199,56,-2083,-2549,13,1,3,5,1,16387,6.8,17659,236,44,-1,-2,1,0,-2,-37,12,-0.8
"4828","Blue","Red","Neither","Red",33,4,1,0,0,14339,6.8,17922,234,60,-1327,-825,18,1,3,5,0,15666,7.2,18747,241,50,0,15,3,-2,-5,-7,10,-0.4
"4829","Blue","Blue","Neither","Blue",17,1,9,12,0,17101,6.8,16986,194,47,359,-1714,39,2,9,7,0,16742,7,18700,197,56,0,-22,-1,0,5,-3,-9,-0.2
"4830","Blue","Red","Blue","Blue",19,1,3,4,0,14731,6.6,16242,223,41,-2272,-2782,12,2,5,7,0,17003,7.2,19024,220,84,0,7,-1,-2,-3,3,-43,-0.600000000000001
"4831","Blue","Blue","Neither","Blue",14,3,8,10,0,17766,7.2,18700,229,54,-680,-703,15,2,10,12,0,18446,7,19403,243,41,0,-1,1,-2,-2,-14,13,0.2
"4832","Red","Blue","Neither","Blue",14,1,7,7,0,16747,7,18330,202,48,482,-670,12,0,5,2,0,16265,7.2,19000,225,60,0,2,1,2,5,-23,-12,-0.2
"4833","Red","Blue","Blue","Blue",15,0,7,5,0,16074,6.8,16408,185,50,-3268,-4457,17,3,12,10,0,19342,7.6,20865,206,55,0,-2,-3,-5,-5,-21,-5,-0.8
"4834","Blue","Blue","Neither","Blue",89,3,7,7,0,17488,7.2,18635,220,51,1902,967,54,6,5,6,0,15586,7,17668,193,60,0,35,-3,2,1,27,-9,0.2
"4835","Red","Red","Neither","Red",16,3,0,0,0,12698,6.2,15550,195,48,-3784,-4019,13,2,6,11,0,16482,7.4,19569,222,60,0,3,1,-6,-11,-27,-12,-1.2
"4836","Blue","Neither","Neither","Red",15,2,10,10,0,17264,7.4,19660,230,36,2474,2494,13,4,3,2,0,14790,6.8,17166,230,51,0,2,-2,7,8,0,-15,0.600000000000001
"4837","Red","Red","Neither","Blue",22,4,2,5,0,14516,6.6,17011,218,52,-3678,-3234,22,3,11,12,0,18194,7.6,20245,246,52,0,0,1,-9,-7,-28,0,-1
"4838","Red","Red","Neither","Blue",17,3,8,11,0,17666,7.4,19438,241,49,2537,1833,17,1,2,2,0,15129,7,17605,234,54,0,0,2,6,9,7,-5,0.4
"4839","Blue","Blue","Neither","Blue",14,2,6,8,0,16521,7,17693,203,56,1490,1461,14,2,4,6,0,15031,6.4,16232,216,39,0,0,0,2,2,-13,17,0.6
"4840","Red","Blue","Red","Red",15,0,5,5,0,15880,6.8,17975,199,56,-3840,-2835,12,2,9,11,0,19720,7.6,20810,239,76,0,3,-2,-4,-6,-40,-20,-0.8
"4841","Blue","Blue","Neither","Blue",16,3,9,12,0,17020,6.8,17178,185,44,1377,-673,21,2,3,2,0,15643,7,17851,232,51,0,-5,1,6,10,-47,-7,-0.2
"4842","Blue","Blue","Neither","Blue",22,8,7,9,0,18021,7.2,19353,246,50,4957,4440,50,2,2,2,0,13064,6.4,14913,182,45,0,-28,6,5,7,64,5,0.8
"4843","Red","Red","Red","Red",13,1,5,8,0,16334,7,18034,245,40,-1337,-1106,85,1,7,9,0,17671,7.2,19140,245,60,0,-72,0,-2,-1,0,-20,-0.2
"4844","Blue","Red","Neither","Red",45,2,2,1,0,13979,6.6,16912,203,48,-2871,-2427,19,5,6,4,0,16850,7.4,19339,243,59,0,26,-3,-4,-3,-40,-11,-0.800000000000001
"4845","Red","Neither","Neither","Red",13,3,3,3,0,15006,7,18694,230,51,-1271,-366,37,3,3,3,0,16277,7.2,19060,264,52,0,-24,0,0,0,-34,-1,-0.2
"4846","Blue","Neither","Red","Red",29,10,2,5,0,15696,7.2,18895,243,68,-1163,-19,42,2,5,7,0,16859,7.2,18914,246,51,0,-13,8,-3,-2,-3,17,0
"4847","Red","Neither","Red","Blue",18,1,7,7,0,15946,6.8,16836,170,36,-833,-932,16,2,9,10,0,16779,7,17768,230,44,0,2,-1,-2,-3,-60,-8,-0.2
"4848","Red","Red","Neither","Red",10,4,3,3,0,15548,6.8,17564,215,44,-2686,-2037,184,1,10,15,0,18234,7.4,19601,212,43,0,-174,3,-7,-12,3,1,-0.600000000000001
"4849","Blue","Blue","Neither","Blue",15,0,4,5,0,15942,7.2,19003,232,71,486,865,20,4,1,2,0,15456,7,18138,242,64,0,-5,-4,3,3,-10,7,0.2
"4850","Blue","Neither","Neither","Blue",14,5,4,1,0,15727,7.4,18760,264,56,1441,473,14,2,2,0,0,14286,7,18287,211,43,0,0,3,2,1,53,13,0.4
"4851","Red","Red","Red","Red",16,3,7,10,0,16772,6.4,16548,228,42,192,-1496,18,2,5,5,0,16580,6.8,18044,234,56,0,-2,1,2,5,-6,-14,-0.399999999999999
"4852","Red","Red","Blue","Red",16,1,7,6,0,17820,7.6,20320,234,68,3462,2960,10,0,1,1,0,14358,6.8,17360,205,60,0,6,1,6,5,29,8,0.8
"4853","Red","Red","Neither","Blue",20,4,5,6,0,16440,6.8,17567,238,55,-892,-255,18,1,8,14,0,17332,7,17822,206,44,0,2,3,-3,-8,32,11,-0.2
"4854","Blue","Blue","Blue","Blue",20,4,10,15,1,19890,6.8,18304,214,56,3290,1398,13,3,6,7,1,16600,6.6,16906,214,40,0,7,1,4,8,0,16,0.2
"4855","Blue","Red","Neither","Red",38,2,5,4,0,15936,7,18595,234,47,254,140,15,2,4,2,0,15682,7,18455,205,63,0,23,0,1,2,29,-16,0
"4856","Red","Red","Neither","Red",39,0,6,8,0,16065,7,17606,193,50,-1823,-2149,13,1,8,7,0,17888,7.4,19755,234,63,0,26,-1,-2,1,-41,-13,-0.4
"4857","Blue","Red","Blue","Blue",16,1,3,3,1,16385,6.6,17307,215,42,962,-1646,14,1,2,3,0,15423,7,18953,261,65,1,2,0,1,0,-46,-23,-0.4
"4858","Red","Blue","Neither","Blue",14,2,3,4,0,15315,6.8,17144,210,50,-2478,-2136,15,2,7,7,0,17793,7.2,19280,231,60,0,-1,0,-4,-3,-21,-10,-0.4
"4859","Blue","Neither","Neither","Red",39,3,3,3,0,15610,7.2,19049,246,57,-99,727,16,1,5,7,0,15709,6.8,18322,234,48,0,23,2,-2,-4,12,9,0.4
"4860","Blue","Neither","Neither","Blue",17,3,3,3,0,14650,6.8,16684,192,36,-2003,-1611,19,5,8,11,0,16653,7,18295,195,43,0,-2,-2,-5,-8,-3,-7,-0.2
"4861","Red","Red","Blue","Blue",13,2,4,4,0,16209,7,18146,254,52,316,-597,15,1,4,4,0,15893,7,18743,237,57,0,-2,1,0,0,17,-5,0
"4862","Red","Neither","Neither","Blue",16,3,7,6,0,16254,6.8,17374,200,47,-908,-1806,21,3,6,8,0,17162,7.2,19180,227,52,0,-5,0,1,-2,-27,-5,-0.4
"4863","Red","Red","Neither","Red",17,2,5,7,0,15881,6.8,17927,214,39,-1943,-1582,60,3,11,7,0,17824,7.2,19509,216,45,0,-43,-1,-6,0,-2,-6,-0.4
"4864","Blue","Red","Red","Red",16,3,8,11,0,17554,6.6,16706,227,43,-1548,-1988,20,7,11,13,0,19102,7,18694,225,58,0,-4,-4,-3,-2,2,-15,-0.4
"4865","Red","Red","Neither","Red",15,6,2,2,0,14329,6.6,16330,211,47,-1966,-3591,18,1,7,1,0,16295,7.2,19921,217,64,0,-3,5,-5,1,-6,-17,-0.600000000000001
"4866","Blue","Blue","Neither","Red",27,7,5,4,0,15712,6.8,17969,221,46,-169,282,23,4,4,4,0,15881,6.8,17687,235,50,0,4,3,1,0,-14,-4,0
"4867","Red","Red","Neither","Red",88,1,4,9,0,16121,6.6,16956,169,65,-1587,-1578,14,2,11,12,0,17708,6.8,18534,221,40,0,74,-1,-7,-3,-52,25,-0.2
"4868","Red","Blue","Neither","Red",15,14,1,1,0,14471,6.8,17810,241,55,-355,-400,39,4,2,2,0,14826,7.2,18210,232,56,0,-24,10,-1,-1,9,-1,-0.4
"4869","Blue","Red","Neither","Blue",15,2,5,5,0,14797,6.6,16703,195,40,-1576,-1720,15,2,4,2,0,16373,6.8,18423,259,48,0,0,0,1,3,-64,-8,-0.2
"4870","Red","Neither","Red","Blue",15,2,5,9,0,15692,6.4,16690,206,51,482,-2053,39,4,3,2,0,15210,7.2,18743,235,54,0,-24,-2,2,7,-29,-3,-0.8
"4871","Blue","Blue","Red","Blue",14,2,8,7,0,18271,7.4,19689,223,55,938,181,10,1,7,6,0,17333,7.2,19508,204,52,0,4,1,1,1,19,3,0.2
"4872","Red","Red","Neither","Red",15,3,1,0,0,14928,7,18640,229,81,-360,331,13,5,4,2,0,15288,7,18309,213,46,0,2,-2,-3,-2,16,35,0
"4873","Blue","Neither","Neither","Blue",13,1,6,13,0,15835,6.8,17352,217,40,-1973,-1497,14,1,8,8,0,17808,7.2,18849,236,60,0,-1,0,-2,5,-19,-20,-0.4
"4874","Blue","Neither","Blue","Blue",16,0,10,10,1,19598,7,18704,242,44,4864,1938,15,4,4,5,0,14734,6.8,16766,204,44,1,1,-4,6,5,38,0,0.2
"4875","Blue","Blue","Neither","Red",12,4,7,9,0,16664,7.2,18875,244,49,2543,965,17,2,2,0,0,14121,7,17910,204,59,0,-5,2,5,9,40,-10,0.2
"4876","Blue","Red","Blue","Blue",19,3,6,6,0,15826,7,17062,196,42,-2296,-1677,16,5,10,9,0,18122,6.8,18739,243,45,0,3,-2,-4,-3,-47,-3,0.2
"4877","Red","Red","Neither","Blue",13,2,6,7,0,16517,7,18263,216,57,954,570,16,3,4,5,0,15563,6.6,17693,216,44,0,-3,-1,2,2,0,13,0.4
"4878","Red","Red","Blue","Red",12,0,5,5,1,16888,7.2,18334,225,40,1063,-391,14,1,4,2,0,15825,7,18725,231,55,1,-2,-1,1,3,-6,-15,0.2
"4879","Blue","Blue","Neither","Blue",13,6,13,19,2,21872,7.2,19671,225,36,7404,5156,14,0,3,3,0,14468,6.2,14515,169,50,2,-1,6,10,16,56,-14,1
"4880","Blue","Blue","Neither","Blue",18,2,8,7,0,17828,7.2,19155,242,65,3642,3850,38,6,3,3,0,14186,6.2,15305,179,34,0,-20,-4,5,4,63,31,1
"4881","Blue","Red","Neither","Blue",20,3,6,11,0,16535,6.8,17913,199,45,-847,11,14,4,7,10,0,17382,6.8,17902,227,46,0,6,-1,-1,1,-28,-1,0
"4882","Blue","Red","Red","Red",17,1,4,4,0,16194,6.8,17871,238,76,376,-194,19,4,5,10,0,15818,7,18065,215,52,0,-2,-3,-1,-6,23,24,-0.2
"4883","Red","Blue","Blue","Blue",20,4,5,2,0,15304,6.6,17175,195,44,-1469,116,17,3,6,8,0,16773,6.8,17059,238,46,0,3,1,-1,-6,-43,-2,-0.2
"4884","Red","Red","Blue","Blue",22,1,2,4,0,14931,6.6,17257,215,53,1295,-80,16,4,0,0,0,13636,7,17337,230,51,0,6,-3,2,4,-15,2,-0.4
"4885","Red","Red","Neither","Red",51,2,5,7,0,15175,6.4,16256,170,60,-1243,-1229,18,0,7,6,0,16418,6.8,17485,219,37,0,33,2,-2,1,-49,23,-0.399999999999999
"4886","Blue","Blue","Neither","Red",16,1,4,4,0,15089,7.2,17882,219,48,-3426,-2754,18,6,11,15,0,18515,7.6,20636,227,48,0,-2,-5,-7,-11,-8,0,-0.399999999999999
"4887","Blue","Neither","Neither","Blue",19,1,11,12,0,19057,7,19088,236,64,2455,1940,12,3,5,10,0,16602,6.8,17148,226,43,0,7,-2,6,2,10,21,0.2
"4888","Blue","Neither","Neither","Red",16,1,7,10,0,17198,7.4,19868,233,62,1926,2119,51,1,2,2,0,15272,6.8,17749,219,73,0,-35,0,5,8,14,-11,0.600000000000001
"4889","Red","Blue","Neither","Red",16,0,2,4,0,14206,7,17591,210,56,-2865,-1866,13,3,7,7,0,17071,7.2,19457,248,60,0,3,-3,-5,-3,-38,-4,-0.2
"4890","Red","Blue","Neither","Blue",16,5,6,9,0,15303,6.6,16803,209,28,-1154,-1629,21,1,7,8,0,16457,7,18432,207,44,0,-5,4,-1,1,2,-16,-0.4
"4891","Blue","Red","Neither","Red",16,3,7,6,0,15257,6.4,16021,191,25,-1860,-720,14,4,8,9,0,17117,6.6,16741,211,32,0,2,-1,-1,-3,-20,-7,-0.199999999999999
"4892","Blue","Blue","Neither","Blue",13,2,8,9,0,17643,6.6,17308,226,48,2331,25,14,5,5,4,0,15312,6.8,17283,193,36,0,-1,-3,3,5,33,12,-0.2
"4893","Blue","Neither","Red","Red",17,3,1,2,0,14649,7,17790,229,55,-444,-877,19,4,1,1,0,15093,7,18667,247,55,0,-2,-1,0,1,-18,0,0
"4894","Red","Blue","Neither","Red",16,1,5,3,0,15101,6.4,16888,187,48,-3014,-357,23,5,9,13,0,18115,6.6,17245,252,49,0,-7,-4,-4,-10,-65,-1,-0.199999999999999
"4895","Blue","Neither","Neither","Blue",13,4,8,8,0,18288,7.2,18800,223,56,4377,1719,14,3,2,0,0,13911,6.8,17081,220,48,0,-1,1,6,8,3,8,0.4
"4896","Blue","Neither","Neither","Blue",15,2,6,9,0,17357,7.4,20069,236,56,2030,1411,18,1,1,2,0,15327,7,18658,252,69,0,-3,1,5,7,-16,-13,0.4
"4897","Blue","Red","Neither","Red",14,4,4,3,0,16101,7.4,19176,266,56,884,1028,15,2,3,3,0,15217,7,18148,236,36,0,-1,2,1,0,30,20,0.4
"4898","Red","Neither","Neither","Red",17,3,6,5,0,16864,7,18758,219,49,-1406,-1006,15,1,11,12,0,18270,7.2,19764,195,67,0,2,2,-5,-7,24,-18,-0.2
"4899","Red","Red","Neither","Red",13,2,5,3,0,14470,6.6,15760,175,36,-4259,-4262,23,2,9,9,0,18729,7.4,20022,246,60,0,-10,0,-4,-6,-71,-24,-0.800000000000001
"4900","Blue","Blue","Neither","Blue",15,5,6,8,0,18027,7.2,19090,252,53,3909,1938,15,2,2,1,0,14118,6.6,17152,219,37,0,0,3,4,7,33,16,0.600000000000001
"4901","Blue","Blue","Neither","Blue",18,3,9,12,0,18920,7.4,19580,238,44,2339,625,13,3,7,5,0,16581,7,18955,220,39,0,5,0,2,7,18,5,0.4
"4902","Red","Red","Blue","Red",10,3,3,5,0,15521,6.6,16916,202,60,-1187,-714,72,1,6,6,0,16708,7,17630,219,53,0,-62,2,-3,-1,-17,7,-0.4
"4903","Blue","Red","Neither","Blue",38,1,6,10,0,15579,6.8,16638,198,38,-1314,-566,17,2,8,8,0,16893,6.8,17204,215,48,0,21,-1,-2,2,-17,-10,0
"4904","Blue","Neither","Red","Blue",16,4,10,8,0,18602,7.4,20068,200,64,123,1313,29,3,8,6,1,18479,7.2,18755,226,46,-1,-13,1,2,2,-26,18,0.2
"4905","Red","Red","Red","Red",15,0,6,9,0,15325,6.6,16317,192,36,-2964,-2587,16,1,10,12,0,18289,7.2,18904,208,56,0,-1,-1,-4,-3,-16,-20,-0.600000000000001
"4906","Red","Neither","Neither","Red",13,0,4,3,0,15161,6.6,16945,196,60,-7089,-2815,16,0,13,13,1,22250,7.2,19760,237,55,-1,-3,0,-9,-10,-41,5,-0.600000000000001
"4907","Red","Neither","Neither","Blue",18,1,8,10,0,17818,7.2,19558,238,44,2534,1730,11,3,3,2,0,15284,7,17828,223,60,0,7,-2,5,8,15,-16,0.2
"4908","Red","Neither","Red","Red",13,3,3,2,0,14066,6.4,16007,178,46,-6966,-4723,24,3,13,12,1,21032,7.6,20730,246,44,-1,-11,0,-10,-10,-68,2,-1.2
"4909","Red","Neither","Neither","Red",13,4,5,3,0,16143,6.6,17759,212,47,-3283,-582,16,2,12,8,0,19426,6.8,18341,194,56,0,-3,2,-7,-5,18,-9,-0.2
"4910","Red","Red","Neither","Blue",17,3,4,3,0,15431,7,17705,214,54,-3460,-2389,17,5,11,10,0,18891,7.6,20094,233,56,0,0,-2,-7,-7,-19,-2,-0.6
"4911","Red","Neither","Blue","Blue",20,2,8,5,0,16815,7,18326,207,41,10,223,19,6,7,8,0,16805,6.8,18103,241,48,0,1,-4,1,-3,-34,-7,0.2
"4912","Blue","Red","Blue","Red",15,3,7,5,0,17060,7.2,19600,242,61,2207,2836,15,3,3,3,0,14853,6.6,16764,219,68,0,0,0,4,2,23,-7,0.600000000000001
"4913","Red","Red","Neither","Red",18,3,4,3,0,15341,6.8,17802,204,44,-2310,-1604,17,3,10,11,0,17651,7.2,19406,220,56,0,1,0,-6,-8,-16,-12,-0.4
"4914","Red","Blue","Blue","Blue",11,3,7,9,0,17012,7.2,19316,230,57,1456,1433,15,2,4,4,0,15556,7,17883,220,60,0,-4,1,3,5,10,-3,0.2
"4915","Blue","Red","Blue","Blue",16,2,6,4,1,17805,7,17597,218,40,1446,-1351,38,1,7,9,0,16359,7,18948,212,45,1,-22,1,-1,-5,6,-5,0
"4916","Red","Red","Neither","Red",20,1,6,2,0,16425,6.8,17934,205,60,-4561,-1835,11,1,12,16,0,20986,7.6,19769,271,60,0,9,0,-6,-14,-66,0,-0.8
"4917","Red","Blue","Neither","Blue",20,3,12,12,0,17804,6.6,16151,168,29,-612,-1019,14,5,10,13,0,18416,6.6,17170,171,52,0,6,-2,2,-1,-3,-23,0
"4918","Red","Red","Neither","Red",41,2,2,1,0,14449,6.4,16336,220,45,-1979,-338,16,13,5,8,0,16428,6.8,16674,186,68,0,25,-11,-3,-7,34,-23,-0.399999999999999
"4919","Blue","Neither","Neither","Blue",14,6,10,15,0,17687,7,18169,203,52,1484,-24,33,3,6,8,0,16203,7.2,18193,216,56,0,-19,3,4,7,-13,-4,-0.2
"4920","Red","Red","Neither","Blue",14,4,9,8,0,18471,7.4,19497,225,65,3252,2304,15,3,4,3,0,15219,6.8,17193,201,62,0,-1,1,5,5,24,3,0.600000000000001
"4921","Blue","Blue","Neither","Red",12,4,5,5,0,16245,7,17547,206,52,-1051,753,18,2,8,11,0,17296,6.8,16794,206,48,0,-6,2,-3,-6,0,4,0.2
"4922","Blue","Blue","Neither","Red",20,3,6,2,0,15054,6.4,16819,209,26,-2018,-1345,17,4,9,14,0,17072,7.2,18164,169,57,0,3,-1,-3,-12,40,-31,-0.8
"4923","Blue","Neither","Neither","Blue",12,4,9,10,0,17216,6.6,17264,207,48,1462,1290,39,4,8,9,0,15754,6.4,15974,165,39,0,-27,0,1,1,42,9,0.199999999999999
"4924","Blue","Red","Red","Red",16,4,4,2,0,14997,6.8,17191,218,44,-3401,-2179,18,2,12,15,0,18398,7.4,19370,219,40,0,-2,2,-8,-13,-1,4,-0.600000000000001
"4925","Blue","Red","Neither","Red",13,1,2,1,0,14804,7,17613,239,44,-1645,-1076,28,1,6,7,0,16449,6.8,18689,245,47,0,-15,0,-4,-6,-6,-3,0.2
"4926","Red","Red","Blue","Blue",17,0,4,3,0,15645,7.2,18594,227,56,929,1095,13,5,3,2,0,14716,6.6,17499,205,67,0,4,-5,1,1,22,-11,0.600000000000001
"4927","Red","Neither","Neither","Red",16,5,3,3,0,15365,6.8,17435,221,55,-2450,-1150,18,3,9,12,0,17815,7.2,18585,233,40,0,-2,2,-6,-9,-12,15,-0.4
"4928","Red","Red","Neither","Blue",16,0,8,11,0,17524,6.8,16577,209,41,-293,-1855,16,2,10,11,0,17817,7.2,18432,211,57,0,0,-2,-2,0,-2,-16,-0.4
"4929","Blue","Neither","Neither","Blue",14,2,10,9,0,18324,7.4,19267,199,54,4545,3714,15,1,1,1,0,13779,6.2,15553,195,46,0,-1,1,9,8,4,8,1.2
"4930","Blue","Blue","Blue","Blue",32,1,7,9,0,17140,6.8,18226,221,68,597,875,15,3,6,7,0,16543,6.8,17351,226,57,0,17,-2,1,2,-5,11,0
"4931","Blue","Neither","Neither","Blue",19,4,9,9,0,17756,7,18384,211,40,1975,969,19,6,7,4,0,15781,6.6,17415,210,38,0,0,-2,2,5,1,2,0.4
"4932","Red","Blue","Neither","Red",26,0,14,12,0,19094,7.2,19076,196,56,1693,1287,16,3,8,6,0,17401,6.8,17789,214,43,0,10,-3,6,6,-18,13,0.4
"4933","Red","Red","Blue","Red",36,4,5,5,0,15963,7.2,18713,218,62,-985,-93,22,2,5,5,0,16948,7.2,18806,262,61,0,14,2,0,0,-44,1,0
"4934","Blue","Blue","Blue","Blue",15,1,14,10,1,21266,7.4,19884,231,56,7427,6558,9,1,5,3,0,13839,5.6,13326,129,47,1,6,0,9,7,102,9,1.8
"4935","Blue","Red","Neither","Blue",13,2,10,10,0,17692,7.2,18587,203,63,1018,1319,12,1,8,10,0,16674,6.8,17268,201,38,0,1,1,2,0,2,25,0.4
"4936","Red","Blue","Neither","Red",18,1,4,4,0,14562,6.2,15997,206,35,-1857,-1976,17,4,7,6,0,16419,7,17973,214,53,0,1,-3,-3,-2,-8,-18,-0.8
"4937","Red","Red","Neither","Red",12,1,5,5,0,15881,6.6,16662,215,52,-3438,-2574,19,3,13,9,0,19319,7.2,19236,222,52,0,-7,-2,-8,-4,-7,0,-0.600000000000001
"4938","Red","Neither","Neither","Blue",15,4,9,9,0,17649,7,17906,207,40,1579,578,10,3,8,8,0,16070,6.8,17328,209,36,0,5,1,1,1,-2,4,0.2
"4939","Red","Blue","Red","Red",20,1,1,1,0,14358,6.6,16468,203,56,-3071,-2267,15,2,5,2,1,17429,7,18735,242,56,-1,5,-1,-4,-1,-39,0,-0.4
"4940","Red","Neither","Neither","Blue",20,2,8,10,0,17828,7,18836,229,43,1042,-31,16,4,6,3,0,16786,7,18867,231,52,0,4,-2,2,7,-2,-9,0
"4941","Blue","Neither","Neither","Blue",11,1,9,10,0,17495,7.4,19387,178,60,1871,2897,14,0,4,3,0,15624,6.6,16490,227,40,0,-3,1,5,7,-49,20,0.800000000000001
"4942","Red","Red","Neither","Red",14,4,3,2,0,15519,7,18382,256,58,-546,1078,21,3,4,6,0,16065,6.8,17304,227,48,0,-7,1,-1,-4,29,10,0.2
"4943","Red","Red","Neither","Blue",25,3,3,3,0,15365,6.8,17502,250,49,-528,-1130,19,6,3,4,0,15893,7,18632,259,55,0,6,-3,0,-1,-9,-6,-0.2
"4944","Red","Neither","Red","Red",18,2,6,9,0,15582,6.6,16182,190,45,-1780,-1378,17,3,8,7,0,17362,7,17560,229,43,0,1,-1,-2,2,-39,2,-0.4
"4945","Red","Blue","Neither","Blue",16,6,4,5,0,15054,6.6,16861,223,56,-387,-725,19,1,3,5,0,15441,6.6,17586,210,56,0,-3,5,1,0,13,0,0
"4946","Red","Red","Neither","Red",11,2,3,5,0,15052,6.6,16956,204,48,-2077,-2457,16,2,7,5,0,17129,7.2,19413,242,72,0,-5,0,-4,0,-38,-24,-0.600000000000001
"4947","Red","Neither","Neither","Red",16,2,4,4,0,15608,6.6,16536,197,50,-1690,-2943,37,4,9,8,0,17298,7.2,19479,220,54,0,-21,-2,-5,-4,-23,-4,-0.600000000000001
"4948","Blue","Blue","Blue","Blue",15,2,7,7,0,16578,6.8,18186,220,50,-987,-741,18,2,9,9,0,17565,7.4,18927,206,44,0,-3,0,-2,-2,14,6,-0.600000000000001
"4949","Blue","Red","Neither","Red",15,3,4,3,0,16361,6.8,17937,225,68,-2902,-1196,53,3,12,16,0,19263,7.2,19133,231,56,0,-38,0,-8,-13,-6,12,-0.4
"4950","Blue","Red","Red","Red",19,1,4,3,0,14709,6.4,16206,209,29,-2923,-1079,16,2,10,12,0,17632,6.8,17285,232,53,0,3,-1,-6,-9,-23,-24,-0.399999999999999
"4951","Red","Blue","Neither","Blue",17,2,5,4,1,17457,7,18205,225,52,1495,-413,15,1,4,3,0,15962,6.8,18618,248,53,1,2,1,1,1,-23,-1,0.2
"4952","Red","Red","Neither","Red",12,3,3,3,0,14179,6.4,16052,205,36,-4927,-3950,17,4,11,11,0,19106,7.6,20002,230,64,0,-5,-1,-8,-8,-25,-28,-1.2
"4953","Blue","Neither","Neither","Red",16,1,7,8,0,16294,6.8,18342,214,50,-18,252,17,1,5,4,0,16312,7,18090,229,45,0,-1,0,2,4,-15,5,-0.2
"4954","Red","Red","Red","Red",13,1,2,2,0,15392,7,18126,238,60,-1045,406,14,2,6,7,0,16437,6.8,17720,205,64,0,-1,-1,-4,-5,33,-4,0.2
"4955","Red","Blue","Neither","Blue",59,4,5,4,0,15534,6.6,16209,204,40,-2212,-1548,17,4,9,8,0,17746,6.8,17757,215,60,0,42,0,-4,-4,-11,-20,-0.2
"4956","Blue","Neither","Neither","Blue",18,1,7,6,1,17462,7,18011,210,52,1323,1994,15,4,6,8,0,16139,6.4,16017,215,54,1,3,-3,1,-2,-5,-2,0.6
"4957","Red","Neither","Neither","Red",38,3,9,6,0,17346,7.4,19356,197,59,-220,1427,14,0,10,9,0,17566,7.2,17929,186,63,0,24,3,-1,-3,11,-4,0.2
"4958","Blue","Red","Neither","Blue",36,3,3,3,0,16248,7,18185,239,60,2086,1397,15,4,0,0,0,14162,6.6,16788,241,56,0,21,-1,3,3,-2,4,0.4
"4959","Blue","Neither","Neither","Blue",22,2,5,4,0,15218,6.4,16539,211,48,-828,421,14,4,6,10,0,16046,6.6,16118,206,34,0,8,-2,-1,-6,5,14,-0.199999999999999
"4960","Blue","Neither","Neither","Blue",23,4,13,13,0,20329,7.6,20692,264,48,4227,3892,16,5,6,7,0,16102,6.6,16800,174,40,0,7,-1,7,6,90,8,1
"4961","Red","Blue","Neither","Red",14,2,9,13,0,17235,6.8,17249,196,47,1177,-691,16,4,6,7,0,16058,6.8,17940,232,37,0,-2,-2,3,6,-36,10,0
"4962","Red","Blue","Blue","Red",40,7,6,4,1,17433,6.8,17931,221,48,263,342,28,3,7,9,0,17170,7,17589,206,48,1,12,4,-1,-5,15,0,-0.2
"4963","Red","Red","Neither","Red",21,1,3,5,0,15480,7,19018,243,61,-816,-27,17,6,3,3,0,16296,7,19045,278,63,0,4,-5,0,2,-35,-2,0
"4964","Blue","Blue","Neither","Blue",15,1,8,6,0,17850,7.2,19943,238,71,1097,1914,16,2,7,6,0,16753,7,18029,224,40,0,-1,-1,1,0,14,31,0.2
"4965","Blue","Red","Neither","Blue",36,3,7,7,0,16590,7,19121,210,60,1057,1295,16,1,5,5,0,15533,7,17826,227,48,0,20,2,2,2,-17,12,0
"4966","Blue","Blue","Blue","Blue",19,1,10,12,0,17706,7,18096,214,41,145,-1102,9,3,6,8,0,17561,7,19198,221,64,0,10,-2,4,4,-7,-23,0
"4967","Blue","Neither","Blue","Red",15,0,10,11,0,18972,7.2,19388,231,36,3559,2227,9,4,5,4,0,15413,6.6,17161,189,55,0,6,-4,5,7,42,-19,0.600000000000001
"4968","Red","Red","Neither","Red",38,2,6,8,0,16530,7,18808,205,54,-1726,-267,20,3,10,12,0,18256,7,19075,238,46,0,18,-1,-4,-4,-33,8,0
"4969","Blue","Blue","Neither","Red",15,1,1,1,0,14911,6.8,18362,238,60,-626,895,19,2,4,4,0,15537,6.8,17467,230,39,0,-4,-1,-3,-3,8,21,0
"4970","Blue","Blue","Neither","Blue",15,2,11,7,1,20543,7.6,20964,233,57,6529,4484,11,1,4,2,0,14014,6.8,16480,161,60,1,4,1,7,5,72,-3,0.8
"4971","Blue","Blue","Blue","Blue",16,3,12,16,1,21437,7.2,20067,229,60,7370,5454,16,3,6,11,0,14067,5.8,14613,133,39,1,0,0,6,5,96,21,1.4
"4972","Blue","Blue","Red","Blue",39,2,2,2,0,15185,6.8,18437,231,70,-419,-428,16,9,3,2,0,15604,7,18865,241,53,0,23,-7,-1,0,-10,17,-0.2
"4973","Red","Red","Neither","Red",16,4,3,3,0,15275,6.8,17812,217,56,-701,346,12,1,3,5,0,15976,6.8,17466,214,56,0,4,3,0,-2,3,0,0
"4974","Blue","Blue","Neither","Blue",17,2,9,12,0,18581,6.8,17855,229,55,4279,1907,13,2,2,3,0,14302,6.4,15948,239,44,0,4,0,7,9,-10,11,0.399999999999999
"4975","Blue","Blue","Red","Blue",42,5,8,11,0,17072,7.2,18825,205,42,-164,851,13,6,6,8,0,17236,7,17974,244,45,0,29,-1,2,3,-39,-3,0.2
"4976","Red","Blue","Neither","Blue",18,5,5,10,0,15758,6.4,16364,190,72,-882,-1760,19,3,6,5,0,16640,7,18124,253,40,0,-1,2,-1,5,-63,32,-0.6
"4977","Red","Red","Neither","Red",18,3,3,5,0,15144,6.8,17285,224,50,-2283,-1969,47,2,7,9,0,17427,7.2,19254,259,62,0,-29,1,-4,-4,-35,-12,-0.4
"4978","Blue","Blue","Neither","Red",81,0,4,4,0,15742,7.2,18562,244,52,-896,-1292,14,2,4,4,0,16638,7.4,19854,252,72,0,67,-2,0,0,-8,-20,-0.2
"4979","Red","Neither","Red","Blue",11,4,6,6,0,15161,6.6,16711,187,36,-3312,-3119,13,1,10,11,0,18473,7.4,19830,223,48,0,-2,3,-4,-5,-36,-12,-0.800000000000001
"4980","Red","Neither","Red","Red",15,3,5,3,0,16554,6.8,18076,216,56,-505,-580,36,1,8,13,0,17059,7,18656,193,71,0,-21,2,-3,-10,23,-15,-0.2
"4981","Red","Blue","Neither","Red",16,4,3,4,0,14384,6.2,15955,199,36,-3388,-3025,21,4,7,9,0,17772,7.2,18980,256,52,0,-5,0,-4,-5,-57,-16,-1
"4982","Blue","Red","Neither","Blue",41,1,10,8,0,17183,7,17906,208,45,1100,170,15,3,7,5,0,16083,7,17736,166,47,0,26,-2,3,3,42,-2,0
"4983","Red","Neither","Neither","Blue",15,3,3,3,0,15165,6.8,17462,218,62,-1995,-1194,19,4,6,13,0,17160,7.2,18656,251,55,0,-4,-1,-3,-10,-33,7,-0.4
"4984","Blue","Red","Neither","Red",17,2,6,5,0,16747,6.8,18099,214,52,-1391,-16,11,1,10,12,0,18138,6.8,18115,189,72,0,6,1,-4,-7,25,-20,0
"4985","Red","Neither","Neither","Blue",16,4,6,5,0,16625,7.2,18202,226,48,-810,-730,17,4,8,9,0,17435,7.4,18932,234,48,0,-1,0,-2,-4,-8,0,-0.2
"4986","Red","Red","Neither","Red",16,0,5,5,0,15738,6.8,16964,215,42,-1769,-1859,17,4,8,15,0,17507,7.2,18823,185,81,0,-1,-4,-3,-10,30,-39,-0.4
"4987","Red","Blue","Blue","Red",16,3,6,7,0,16326,7,18447,232,44,1165,744,15,2,3,3,0,15161,7,17703,231,53,0,1,1,3,4,1,-9,0
"4988","Red","Neither","Neither","Red",17,0,5,2,0,15334,7,18085,204,63,-2564,-35,101,3,8,12,0,17898,7,18120,227,44,0,-84,-3,-3,-10,-23,19,0
"4989","Red","Red","Blue","Blue",18,2,9,7,1,18490,6.8,16745,215,33,479,-658,15,2,8,15,0,18011,6.8,17403,230,47,1,3,0,1,-8,-15,-14,0
"4990","Red","Red","Neither","Blue",14,4,5,5,0,15542,6.6,16959,188,59,-2118,-2048,70,3,8,8,0,17660,7.2,19007,238,44,0,-56,1,-3,-3,-50,15,-0.600000000000001
"4991","Red","Neither","Neither","Blue",15,1,3,2,0,15409,6.8,17883,240,44,-729,-900,35,0,4,4,0,16138,7,18783,250,44,0,-20,1,-1,-2,-10,0,-0.2
"4992","Red","Red","Neither","Blue",18,1,6,9,0,16205,6.4,15951,171,44,-3719,-3695,42,3,15,14,0,19924,7.4,19646,216,48,0,-24,-2,-9,-5,-45,-4,-1
"4993","Blue","Neither","Blue","Red",15,2,8,8,0,16836,6.8,17998,228,49,-52,-301,15,2,8,12,0,16888,7,18299,186,52,0,0,0,0,-4,42,-3,-0.2
"4994","Blue","Blue","Red","Red",19,0,1,1,0,14862,7,18359,237,56,9,-172,13,2,2,2,0,14853,7.2,18531,199,80,0,6,-2,-1,-1,38,-24,-0.2
"4995","Blue","Blue","Neither","Blue",42,5,8,11,0,17971,7,19666,209,64,523,-69,24,5,7,9,0,17448,7.2,19735,237,61,0,18,0,1,2,-28,3,-0.2
"4996","Blue","Blue","Neither","Red",35,1,4,8,0,15689,7,18377,211,64,673,1681,16,1,4,5,0,15016,6.6,16696,210,43,0,19,0,0,3,1,21,0.4
"4997","Blue","Neither","Neither","Red",14,4,3,2,0,15751,6.8,17685,252,46,926,328,46,4,3,3,0,14825,6.8,17357,215,49,0,-32,0,0,-1,37,-3,0
"4998","Red","Red","Neither","Blue",50,4,11,11,0,17535,6.8,17282,200,23,-400,-1684,41,5,10,9,0,17935,7.2,18966,211,69,0,9,-1,1,2,-11,-46,-0.4
"4999","Blue","Red","Neither","Blue",33,3,3,5,0,16419,7,19867,276,61,1783,1420,15,2,0,0,0,14636,6.8,18447,257,68,0,18,1,3,5,19,-7,0.2
"5000","Blue","Neither","Neither","Red",58,1,2,4,0,13757,6.4,16461,220,34,-1752,-1746,16,5,3,6,0,15509,7.2,18207,238,60,0,42,-4,-1,-2,-18,-26,-0.8
"5001","Blue","Blue","Neither","Red",19,2,10,12,0,18491,7.2,19416,237,55,3517,2881,13,4,4,4,0,14974,6.8,16535,211,48,0,6,-2,6,8,26,7,0.4
"5002","Blue","Red","Neither","Red",16,21,4,7,0,15536,6.6,17282,190,43,-680,410,62,0,4,8,0,16216,6.6,16872,215,53,0,-46,21,0,-1,-25,-10,0
"5003","Blue","Blue","Blue","Blue",14,13,7,3,0,16817,7.2,19506,237,64,3021,2386,37,0,1,0,0,13796,6.8,17120,214,44,0,-23,13,6,3,23,20,0.4
"5004","Blue","Blue","Blue","Blue",12,1,6,5,0,16683,7,18169,213,58,-73,333,13,1,7,11,0,16756,6.8,17836,213,47,0,-1,0,-1,-6,0,11,0.2
"5005","Red","Blue","Neither","Blue",17,3,8,10,0,17161,7.2,18145,206,48,1577,-50,17,3,4,2,0,15584,7,18195,214,48,0,0,0,4,8,-8,0,0.2
"5006","Red","Neither","Red","Red",14,3,2,1,0,14815,7,17728,226,59,-2116,-2156,16,5,5,6,0,16931,7.2,19884,237,80,0,-2,-2,-3,-5,-11,-21,-0.2
"5007","Blue","Red","Neither","Blue",14,2,11,11,0,18180,7,18464,190,47,2575,1454,33,1,5,6,0,15605,6.6,17010,203,48,0,-19,1,6,5,-13,-1,0.4
"5008","Red","Neither","Neither","Blue",20,3,6,6,0,16993,7.4,19908,230,60,1886,1688,15,5,3,4,0,15107,7,18220,230,48,0,5,-2,3,2,0,12,0.4
"5009","Red","Red","Neither","Red",18,1,2,4,0,14023,6.4,15096,187,59,-4659,-3268,15,9,11,18,0,18682,7.2,18364,225,44,0,3,-8,-9,-14,-38,15,-0.8
"5010","Blue","Red","Neither","Red",10,3,5,2,0,16256,6.8,17771,247,48,-862,-406,17,2,7,10,0,17118,7,18177,200,60,0,-7,1,-2,-8,47,-12,-0.2
"5011","Red","Neither","Red","Red",15,2,3,4,0,14462,6.6,15785,197,47,-360,-1748,23,1,3,2,0,14822,6.8,17533,209,56,0,-8,1,0,2,-12,-9,-0.2
"5012","Blue","Blue","Blue","Blue",15,3,4,5,0,15825,6.8,17561,225,58,460,-1107,14,5,5,3,0,15365,7,18668,218,54,0,1,-2,-1,2,7,4,-0.2
"5013","Blue","Blue","Neither","Blue",16,4,8,16,0,17616,7,18517,235,68,1790,1220,19,4,5,7,0,15826,6.8,17297,231,36,0,-3,0,3,9,4,32,0.2
"5014","Blue","Blue","Red","Red",42,3,1,1,0,14322,6.8,17759,236,48,-1970,-1177,28,5,4,5,0,16292,7,18936,222,77,0,14,-2,-3,-4,14,-29,-0.2
"5015","Blue","Red","Blue","Red",16,6,5,6,0,16033,6.8,17303,211,51,1073,103,17,2,4,2,0,14960,6.8,17200,225,50,0,-1,4,1,4,-14,1,0
"5016","Blue","Red","Neither","Blue",48,0,3,7,0,14887,6.6,16190,214,48,-1725,-2004,17,5,7,6,0,16612,6.8,18194,242,48,0,31,-5,-4,1,-28,0,-0.2
"5017","Blue","Red","Red","Blue",16,1,12,12,0,18688,7,18316,199,40,2936,1143,16,0,6,7,0,15752,6.8,17173,207,64,0,0,1,6,5,-8,-24,0.2
"5018","Blue","Red","Red","Red",35,2,4,6,0,15074,6.8,17596,214,52,-2054,-731,16,0,7,10,0,17128,7,18327,211,50,0,19,2,-3,-4,3,2,-0.2
"5019","Red","Red","Red","Red",13,1,3,3,0,14647,7.2,17841,185,68,-2084,-851,15,0,6,6,0,16731,7,18692,251,40,0,-2,1,-3,-3,-66,28,0.2
"5020","Blue","Neither","Neither","Red",31,2,5,3,0,15678,7,18321,221,65,-394,1166,16,1,4,6,0,16072,6.6,17155,230,46,0,15,1,1,-3,-9,19,0.4
"5021","Red","Red","Neither","Red",15,1,1,1,0,13627,6.4,15650,206,48,-3366,-1822,15,3,9,9,0,16993,6.8,17472,205,45,0,0,-2,-8,-8,1,3,-0.399999999999999
"5022","Blue","Blue","Blue","Blue",65,2,9,12,0,18890,7.2,19533,236,48,4237,2338,20,3,2,4,0,14653,6.6,17195,226,59,0,45,-1,7,8,10,-11,0.600000000000001
"5023","Blue","Neither","Neither","Red",15,1,2,0,0,13636,6.6,16872,190,46,-3455,-2405,59,3,8,8,0,17091,7,19277,217,42,0,-44,-2,-6,-8,-27,4,-0.4
"5024","Blue","Neither","Neither","Blue",13,1,14,16,0,19339,7.4,18982,197,39,5578,3447,18,1,2,2,0,13761,6.2,15535,179,48,0,-5,0,12,14,18,-9,1.2
"5025","Red","Neither","Neither","Blue",103,2,5,8,0,15473,6.8,17268,219,36,-130,-423,17,1,5,7,0,15603,7,17691,221,51,0,86,1,0,1,-2,-15,-0.2
"5026","Red","Red","Neither","Red",16,0,3,4,0,14535,6.6,16967,182,52,-2491,-1771,11,3,5,5,0,17026,7.2,18738,241,55,0,5,-3,-2,-1,-59,-3,-0.600000000000001
"5027","Red","Red","Blue","Blue",20,5,2,1,0,14752,6.8,17234,239,48,-2406,-2686,16,2,7,8,0,17158,7.2,19920,218,72,0,4,3,-5,-7,21,-24,-0.4
"5028","Blue","Blue","Red","Blue",12,3,3,4,0,14323,6.6,16834,184,55,-2546,-2542,14,3,5,5,0,16869,7.6,19376,243,70,0,-2,0,-2,-1,-59,-15,-1
"5029","Red","Red","Neither","Blue",16,3,6,8,0,15890,6.4,15995,178,36,237,-1307,38,3,5,5,0,15653,7,17302,202,44,0,-22,0,1,3,-24,-8,-0.6
"5030","Blue","Red","Red","Red",17,6,12,11,0,18028,6.8,16592,179,46,411,1075,25,4,7,11,1,17617,6.2,15517,176,34,-1,-8,2,5,0,3,12,0.6
"5031","Blue","Red","Neither","Blue",13,1,4,8,0,15352,6.4,15672,193,46,-1702,-1490,15,1,8,13,0,17054,6.6,17162,191,44,0,-2,0,-4,-5,2,2,-0.199999999999999
"5032","Blue","Blue","Neither","Red",15,5,8,12,0,17306,6.8,18073,237,43,2170,1383,14,2,4,5,0,15136,6.4,16690,218,44,0,1,3,4,7,19,-1,0.399999999999999
"5033","Red","Neither","Neither","Blue",18,4,6,8,0,15380,7,17373,193,55,-2064,-2639,36,5,6,5,0,17444,7.6,20012,242,60,0,-18,-1,0,3,-49,-5,-0.6
"5034","Red","Blue","Neither","Red",16,6,4,7,0,15376,6.6,16496,225,40,-733,-784,15,1,5,6,0,16109,6.6,17280,201,52,0,1,5,-1,1,24,-12,0
"5035","Blue","Blue","Red","Blue",12,2,6,9,0,16815,7.2,17824,235,48,683,-208,15,0,7,12,0,16132,6.8,18032,179,48,0,-3,2,-1,-3,56,0,0.4
"5036","Blue","Red","Neither","Red",23,3,4,5,0,15364,7,18063,210,51,-946,630,19,4,6,8,0,16310,6.8,17433,229,40,0,4,-1,-2,-3,-19,11,0.2
"5037","Red","Neither","Neither","Blue",17,3,5,3,0,16199,7,18624,205,65,512,858,14,6,4,4,0,15687,6.8,17766,218,61,0,3,-3,1,-1,-13,4,0.2
"5038","Blue","Neither","Neither","Red",17,1,12,7,0,17539,7.6,20178,189,46,686,765,27,2,7,7,0,16853,7,19413,208,63,0,-10,-1,5,0,-19,-17,0.6
"5039","Red","Red","Blue","Red",13,0,8,5,0,16781,6.8,17736,180,42,-1611,-1624,13,3,10,13,0,18392,7.4,19360,188,53,0,0,-3,-2,-8,-8,-11,-0.600000000000001
"5040","Blue","Neither","Neither","Red",38,5,11,10,0,17819,7,18112,232,34,811,376,15,13,8,14,0,17008,7,17736,222,40,0,23,-8,3,-4,10,-6,0
"5041","Blue","Blue","Blue","Blue",15,3,14,14,1,21927,7.4,20604,250,57,5263,3213,22,3,8,11,0,16664,7,17391,174,51,1,-7,0,6,3,76,6,0.4
"5042","Red","Red","Neither","Red",14,2,6,3,0,16621,7,19161,231,60,-249,1420,16,4,7,6,0,16870,6.8,17741,203,60,0,-2,-2,-1,-3,28,0,0.2
"5043","Blue","Blue","Neither","Red",21,4,13,16,0,19865,7.2,18655,225,39,2819,1294,14,4,8,8,0,17046,6.8,17361,210,44,0,7,0,5,8,15,-5,0.4
"5044","Blue","Neither","Neither","Blue",41,1,8,7,0,17208,7.2,18748,197,48,87,435,12,1,8,5,0,17121,7,18313,222,47,0,29,0,0,2,-25,1,0.2
"5045","Red","Blue","Red","Red",142,4,1,0,0,13631,6.6,16334,220,48,-3839,-3318,39,2,8,7,0,17470,7.4,19652,233,55,0,103,2,-7,-7,-13,-7,-0.800000000000001
"5046","Blue","Neither","Neither","Blue",13,4,10,10,0,18588,7.2,18890,229,48,2824,1346,15,2,5,3,0,15764,6.8,17544,214,44,0,-2,2,5,7,15,4,0.4
"5047","Red","Blue","Neither","Red",24,3,5,8,0,15173,6.6,17549,186,60,-2159,-1280,15,1,7,9,0,17332,7.2,18829,227,47,0,9,2,-2,-1,-41,13,-0.600000000000001
"5048","Blue","Neither","Neither","Red",42,3,6,5,0,17188,7.4,19429,250,56,326,1163,16,14,6,6,0,16862,7.2,18266,219,72,0,26,-11,0,-1,31,-16,0.2
"5049","Red","Red","Neither","Red",20,1,6,8,0,15511,6.4,15296,171,50,-4775,-4080,13,4,12,12,0,20286,7.4,19376,237,52,0,7,-3,-6,-4,-66,-2,-1
"5050","Red","Red","Neither","Red",16,3,5,8,0,15642,6.4,15825,214,35,-3811,-3107,14,2,13,12,0,19453,7.2,18932,210,59,0,2,1,-8,-4,4,-24,-0.8
"5051","Red","Blue","Neither","Blue",42,2,5,1,0,15620,7.2,18429,187,72,896,1396,17,2,3,2,0,14724,6.6,17033,227,54,0,25,0,2,-1,-40,18,0.600000000000001
"5052","Blue","Red","Red","Red",14,2,5,8,0,15577,6.6,16572,197,45,-1218,-1528,16,2,6,11,0,16795,7,18100,239,64,0,-2,0,-1,-3,-42,-19,-0.4
"5053","Red","Red","Neither","Red",16,0,3,1,0,14689,6.6,16533,195,52,-3089,-2151,14,2,10,16,0,17778,7,18684,219,48,0,2,-2,-7,-15,-24,4,-0.4
"5054","Red","Red","Red","Red",17,3,1,1,0,14758,6.8,17522,245,49,-1277,-1357,20,3,5,9,0,16035,7.2,18879,223,60,0,-3,0,-4,-8,22,-11,-0.4
"5055","Blue","Blue","Neither","Blue",35,3,14,20,0,20028,7.4,20153,229,51,5885,4694,22,1,3,3,0,14143,6.2,15459,160,60,0,13,2,11,17,69,-9,1.2
"5056","Blue","Neither","Blue","Blue",29,10,13,18,2,22212,7.4,19473,257,40,8977,5411,61,1,2,3,0,13235,6,14062,161,52,2,-32,9,11,15,96,-12,1.4
"5057","Blue","Neither","Neither","Red",14,2,4,9,0,15858,7,17780,215,54,-1050,522,13,0,6,10,0,16908,6.8,17258,213,52,0,1,2,-2,-1,2,2,0.2
"5058","Red","Red","Red","Blue",17,1,5,1,0,16109,7.2,19122,237,64,-1599,332,13,2,5,3,1,17708,7.2,18790,248,60,-1,4,-1,0,-2,-11,4,0
"5059","Blue","Neither","Neither","Red",14,1,4,4,0,15381,7.2,18597,222,56,-758,313,15,1,7,5,0,16139,7.2,18284,194,51,0,-1,0,-3,-1,28,5,0
"5060","Red","Neither","Red","Red",14,0,2,5,0,14680,7,17305,222,52,-1413,-729,10,0,4,7,0,16093,7.2,18034,234,60,0,4,0,-2,-2,-12,-8,-0.2
"5061","Blue","Blue","Blue","Blue",15,2,11,9,0,18504,7.4,19524,226,40,1011,480,17,2,10,12,0,17493,7.2,19044,187,52,0,-2,0,1,-3,39,-12,0.2
"5062","Red","Red","Neither","Blue",16,1,7,2,0,15911,7,17640,219,38,428,1015,13,1,4,5,0,15483,6.6,16625,234,45,0,3,0,3,-3,-15,-7,0.4
"5063","Blue","Neither","Neither","Blue",37,4,8,12,0,18340,7.2,18170,250,56,3206,1437,19,3,4,7,0,15134,6.6,16733,180,63,0,18,1,4,5,70,-7,0.600000000000001
"5064","Blue","Blue","Neither","Blue",17,1,8,11,0,17008,7.2,18943,197,65,2135,1653,17,2,4,3,0,14873,6.8,17290,205,40,0,0,-1,4,8,-8,25,0.4
"5065","Red","Red","Neither","Red",38,3,8,6,0,16760,7.2,18264,217,36,-1302,73,146,3,12,8,0,18062,7,18191,199,36,0,-108,0,-4,-2,18,0,0.2
"5066","Blue","Red","Neither","Red",15,3,4,3,0,16669,7.4,19026,266,51,565,275,19,4,4,5,0,16104,7.2,18751,238,56,0,-4,-1,0,-2,28,-5,0.2
"5067","Blue","Red","Neither","Blue",39,3,7,7,0,17771,7.8,20856,217,81,1958,3140,17,7,4,6,0,15813,6.8,17716,239,49,0,22,-4,3,1,-22,32,1
"5068","Red","Neither","Neither","Blue",14,4,9,5,0,17773,7.2,18937,236,46,4257,2902,14,3,1,1,0,13516,6.4,16035,204,53,0,0,1,8,4,32,-7,0.8
"5069","Blue","Blue","Neither","Blue",15,1,10,13,0,18217,6.6,16663,190,44,1674,-648,17,2,9,7,0,16543,7,17311,192,36,0,-2,-1,1,6,-2,8,-0.4
"5070","Blue","Blue","Neither","Red",38,2,5,6,0,15408,7,17993,209,52,-928,-1753,19,2,7,3,0,16336,7.4,19746,237,56,0,19,0,-2,3,-28,-4,-0.4
"5071","Red","Neither","Neither","Blue",17,1,7,10,0,16360,6.4,16497,218,44,-75,144,14,2,6,8,0,16435,6.8,16353,207,40,0,3,-1,1,2,11,4,-0.399999999999999
"5072","Red","Neither","Red","Red",13,0,1,1,0,13141,6.6,16162,202,39,-4046,-2777,13,0,8,5,0,17187,7.2,18939,214,52,0,0,0,-7,-4,-12,-13,-0.600000000000001
"5073","Red","Neither","Red","Red",13,7,2,3,0,13860,6.8,16225,195,39,-4138,-3792,40,3,9,7,0,17998,7.4,20017,229,52,0,-27,4,-7,-4,-34,-13,-0.600000000000001
"5074","Red","Red","Neither","Red",15,1,8,6,0,15995,6.8,17109,172,57,-3535,-1199,11,0,10,13,1,19530,7.2,18308,220,44,-1,4,1,-2,-7,-48,13,-0.4
"5075","Red","Red","Neither","Red",13,2,2,1,0,14442,6.6,16650,202,48,-4719,-2129,18,1,9,10,1,19161,7,18779,225,48,-1,-5,1,-7,-9,-23,0,-0.4
"5076","Blue","Blue","Blue","Red",16,3,13,16,1,20125,7.4,20117,226,43,5900,5188,16,2,3,8,0,14225,6.2,14929,179,45,1,0,1,10,8,47,-2,1.2
"5077","Red","Blue","Neither","Blue",17,3,6,5,0,16542,7,19007,227,56,1818,1992,19,2,2,0,0,14724,6.6,17015,234,44,0,-2,1,4,5,-7,12,0.4
"5078","Blue","Red","Red","Red",12,2,1,1,0,13943,6.4,17306,229,50,-3461,-1353,17,3,4,6,1,17404,7,18659,244,60,-1,-5,-1,-3,-5,-15,-10,-0.6
"5079","Blue","Blue","Neither","Blue",11,1,8,6,0,16836,6.6,16495,215,41,-1521,-2096,18,3,11,12,0,18357,7,18591,215,51,0,-7,-2,-3,-6,0,-10,-0.4
"5080","Blue","Blue","Neither","Blue",11,3,9,14,0,17631,7,17645,199,38,1328,1043,16,0,7,7,0,16303,6.6,16602,188,56,0,-5,3,2,7,11,-18,0.4
"5081","Blue","Red","Neither","Red",17,3,9,12,0,16765,6.6,16518,181,34,911,-276,20,5,6,4,0,15854,6.8,16794,182,50,0,-3,-2,3,8,-1,-16,-0.2
"5082","Blue","Red","Blue","Blue",16,4,8,9,0,18001,7.2,19477,233,55,2111,1390,16,6,4,5,0,15890,6.8,18087,228,71,0,0,-2,4,4,5,-16,0.4
"5083","Blue","Neither","Neither","Red",42,5,13,14,0,19580,7,18977,201,45,935,2197,13,3,13,14,0,18645,6.6,16780,179,32,0,29,2,0,0,22,13,0.4
"5084","Red","Red","Red","Red",13,2,4,2,0,14774,6.6,16999,214,40,-3032,-2816,37,3,10,11,0,17806,7.2,19815,215,52,0,-24,-1,-6,-9,-1,-12,-0.600000000000001
"5085","Blue","Blue","Neither","Blue",22,7,8,11,0,17525,7,17738,202,61,-425,-1057,17,8,7,6,0,17950,7,18795,264,54,0,5,-1,1,5,-62,7,0
"5086","Blue","Neither","Neither","Red",24,6,10,7,0,19280,7.2,19831,240,52,2365,2052,41,2,8,8,0,16915,7,17779,211,40,0,-17,4,2,-1,29,12,0.2
"5087","Blue","Blue","Red","Red",90,7,7,5,0,17929,7.4,20365,233,59,3140,3364,16,5,4,4,0,14789,6.6,17001,201,52,0,74,2,3,1,32,7,0.800000000000001
"5088","Blue","Neither","Neither","Red",15,4,5,6,0,15988,6.8,17843,215,43,-779,-1837,29,3,5,3,0,16767,7.4,19680,235,71,0,-14,1,0,3,-20,-28,-0.600000000000001
"5089","Blue","Blue","Neither","Blue",15,1,10,5,0,17214,7.2,18566,200,62,1690,1316,38,2,7,9,0,15524,6.8,17250,162,42,0,-23,-1,3,-4,38,20,0.4
"5090","Blue","Blue","Blue","Red",39,3,6,6,0,15897,6.8,18168,188,68,1433,522,18,2,2,1,0,14464,6.8,17646,215,51,0,21,1,4,5,-27,17,0
"5091","Blue","Blue","Red","Red",18,4,7,16,1,18539,7,18188,253,53,3466,1525,25,2,4,2,0,15073,6.6,16663,222,42,1,-7,2,3,14,31,11,0.4
"5092","Blue","Blue","Blue","Blue",21,2,10,14,0,18132,6.8,17869,212,42,1947,136,22,5,4,3,0,16185,6.6,17733,219,49,0,-1,-3,6,11,-7,-7,0.2
"5093","Blue","Blue","Blue","Blue",14,1,13,11,1,21382,7.2,20346,246,48,6624,4865,14,2,2,4,0,14758,6.2,15481,185,51,1,0,-1,11,7,61,-3,1
"5094","Blue","Blue","Neither","Blue",20,5,8,7,0,17011,7.2,17776,194,55,2659,2757,39,2,2,2,0,14352,6,15019,201,37,0,-19,3,6,5,-7,18,1.2
"5095","Blue","Blue","Neither","Blue",15,7,11,12,1,20206,7.4,19702,221,52,6275,4789,15,0,3,2,0,13931,6.2,14913,187,40,1,0,7,8,10,34,12,1.2
"5096","Blue","Blue","Blue","Blue",18,3,9,6,0,17673,7.2,19727,208,68,1369,2756,19,3,6,7,0,16304,6.6,16971,216,48,0,-1,0,3,-1,-8,20,0.600000000000001
"5097","Blue","Red","Blue","Blue",13,2,9,10,0,16983,6.8,17424,183,40,422,-308,15,2,7,6,0,16561,7,17732,200,64,0,-2,0,2,4,-17,-24,-0.2
"5098","Red","Red","Neither","Red",12,1,4,4,0,15139,7,18041,216,56,-2281,-42,16,2,7,8,0,17420,7,18083,244,48,0,-4,-1,-3,-4,-28,8,0
"5099","Blue","Blue","Blue","Blue",36,7,10,11,0,18132,7.6,19522,232,47,1722,1514,20,5,6,8,0,16410,7.2,18008,211,44,0,16,2,4,3,21,3,0.399999999999999
"5100","Red","Blue","Neither","Red",19,4,4,6,0,15867,6.6,17723,186,71,-1595,-1648,21,1,4,4,0,17462,7.2,19371,253,64,0,-2,3,0,2,-67,7,-0.600000000000001
"5101","Blue","Blue","Neither","Red",17,6,4,6,0,15931,6.8,17539,222,52,-730,-251,19,1,6,7,0,16661,7,17790,213,64,0,-2,5,-2,-1,9,-12,-0.2
"5102","Blue","Red","Blue","Blue",23,4,8,9,0,17610,6.8,17779,212,52,-1168,-674,55,2,9,17,0,18778,7.2,18453,229,54,0,-32,2,-1,-8,-17,-2,-0.4
"5103","Blue","Neither","Neither","Blue",14,4,9,14,0,17495,7,18537,208,40,2546,1928,15,2,4,2,0,14949,6.6,16609,211,50,0,-1,2,5,12,-3,-10,0.4
"5104","Red","Red","Red","Red",35,1,5,6,0,16230,7.4,19157,228,44,-839,-833,16,4,6,3,0,17069,7.4,19990,239,88,0,19,-3,-1,3,-11,-44,0
"5105","Red","Red","Red","Red",18,2,3,1,0,14496,6.8,16623,230,48,-2317,-1330,17,4,8,11,0,16813,7,17953,223,44,0,1,-2,-5,-10,7,4,-0.2
"5106","Red","Neither","Blue","Blue",20,6,6,7,0,16008,6.8,17798,216,44,-904,-178,86,6,5,4,0,16912,7,17976,257,47,0,-66,0,1,3,-41,-3,-0.2
"5107","Red","Red","Neither","Red",18,4,7,9,0,16923,6.8,17782,224,36,-673,568,44,6,10,13,0,17596,7,17214,199,42,0,-26,-2,-3,-4,25,-6,-0.2
"5108","Blue","Blue","Neither","Blue",34,18,9,9,0,19462,7.6,19955,239,68,4444,2813,39,1,4,3,0,15018,6.6,17142,209,48,0,-5,17,5,6,30,20,1
"5109","Red","Neither","Neither","Red",14,0,7,6,0,16482,7,17266,229,43,-1243,-604,67,1,6,15,0,17725,7,17870,194,56,0,-53,-1,1,-9,35,-13,0
"5110","Blue","Neither","Blue","Blue",14,5,5,5,0,15592,7,17700,218,39,-2078,-1506,20,5,9,6,0,17670,7.6,19206,205,51,0,-6,0,-4,-1,13,-12,-0.6
"5111","Red","Blue","Red","Blue",17,3,8,12,1,17268,6.6,15979,194,48,-952,-1337,19,1,9,7,0,18220,6.6,17316,214,55,1,-2,2,-1,5,-20,-7,0
"5112","Red","Neither","Neither","Red",18,1,5,4,0,15167,6.6,16733,195,56,-2132,-1088,17,3,9,7,0,17299,7,17821,215,42,0,1,-2,-4,-3,-20,14,-0.4
"5113","Red","Blue","Red","Red",20,1,5,10,0,15847,6.8,17480,203,68,-1015,-1395,13,6,5,9,0,16862,7.2,18875,256,52,0,7,-5,0,1,-53,16,-0.4
"5114","Red","Red","Blue","Blue",19,3,7,8,0,16333,7.2,18737,204,44,517,585,16,3,4,4,0,15816,6.8,18152,234,60,0,3,0,3,4,-30,-16,0.4
"5115","Blue","Red","Neither","Red",19,2,5,6,0,16032,6.8,17171,220,45,-2222,-1252,15,1,9,10,0,18254,7,18423,225,40,0,4,1,-4,-4,-5,5,-0.2
"5116","Blue","Blue","Neither","Red",14,2,5,3,0,15762,7,18318,216,52,-208,-353,14,4,6,5,0,15970,7,18671,221,48,0,0,-2,-1,-2,-5,4,0
"5117","Red","Neither","Neither","Red",53,1,3,4,0,14749,6.8,17146,200,49,-2513,-3419,15,0,6,5,0,17262,7.4,20565,246,70,0,38,1,-3,-1,-46,-21,-0.600000000000001
"5118","Blue","Red","Blue","Blue",18,1,4,9,0,15405,6.8,17336,215,57,-601,-1965,16,1,4,5,0,16006,7.2,19301,249,71,0,2,0,0,4,-34,-14,-0.4
"5119","Blue","Blue","Neither","Red",14,0,7,4,0,16775,7,18235,221,55,1753,2303,19,3,4,7,0,15022,6.4,15932,213,45,0,-5,-3,3,-3,8,10,0.6
"5120","Red","Blue","Neither","Blue",13,2,2,1,0,14667,6.8,18007,202,55,-751,-1229,13,2,3,5,0,15418,7.2,19236,239,60,0,0,0,-1,-4,-37,-5,-0.4
"5121","Blue","Red","Blue","Blue",15,5,7,6,0,17409,6.8,18063,241,51,1430,107,18,2,6,7,0,15979,7,17956,173,54,0,-3,3,1,-1,68,-3,-0.2
"5122","Blue","Blue","Neither","Blue",16,1,5,5,0,15706,6.6,17219,228,43,-469,-1237,19,5,6,4,0,16175,7,18456,229,56,0,-3,-4,-1,1,-1,-13,-0.4
"5123","Blue","Blue","Neither","Blue",17,7,9,7,0,16466,6.6,16716,188,44,-1099,-1318,46,7,7,7,0,17565,7,18034,232,40,0,-29,0,2,0,-44,4,-0.4
"5124","Blue","Red","Neither","Red",16,2,12,12,1,20190,7.2,19713,200,64,5553,3915,16,2,5,4,0,14637,6.4,15798,149,46,1,0,0,7,8,51,18,0.8
"5125","Blue","Neither","Neither","Blue",14,6,9,13,0,17408,7.2,19121,204,56,2091,1359,79,3,4,2,0,15317,6.8,17762,227,48,0,-65,3,5,11,-23,8,0.4
"5126","Red","Blue","Neither","Red",17,4,4,5,0,15591,7,17848,228,59,-1951,-1575,19,4,8,6,0,17542,7.4,19423,236,42,0,-2,0,-4,-1,-8,17,-0.4
"5127","Blue","Blue","Neither","Blue",16,1,6,7,0,16410,7.2,18288,211,60,96,-24,15,2,6,5,0,16314,7,18312,203,48,0,1,-1,0,2,8,12,0.2
"5128","Red","Neither","Red","Red",18,2,9,9,0,17854,7.2,18784,219,43,1762,2377,16,2,6,7,0,16092,6.6,16407,202,40,0,2,0,3,2,17,3,0.600000000000001
"5129","Blue","Neither","Blue","Blue",17,1,8,9,0,17243,7.2,19173,233,50,3082,1360,48,3,2,0,0,14161,6.6,17813,222,45,0,-31,-2,6,9,11,5,0.600000000000001
"5130","Blue","Blue","Neither","Blue",66,6,9,17,0,16987,7.2,18514,189,40,2608,3387,25,1,3,5,0,14379,6.4,15127,172,43,0,41,5,6,12,17,-3,0.8
"5131","Red","Neither","Neither","Blue",16,2,5,3,0,14818,6.4,16417,204,28,-1460,-2414,13,2,3,3,0,16278,7.4,18831,231,59,0,3,0,2,0,-27,-31,-1
"5132","Blue","Blue","Neither","Blue",17,1,11,11,0,18633,7.4,19659,232,49,3784,2577,15,1,3,3,0,14849,6.8,17082,209,57,0,2,0,8,8,23,-8,0.600000000000001
"5133","Red","Red","Red","Blue",15,2,10,8,0,17566,6.8,17314,202,44,-2053,-1784,17,1,12,12,0,19619,7,19098,214,55,0,-2,1,-2,-4,-12,-11,-0.2
"5134","Red","Neither","Neither","Red",14,3,4,4,0,14956,6.6,16196,198,41,-2020,-2716,18,2,7,2,0,16976,7.2,18912,246,55,0,-4,1,-3,2,-48,-14,-0.600000000000001
"5135","Red","Blue","Neither","Red",16,0,8,9,0,18206,7.2,19094,224,56,1137,-92,12,4,6,6,0,17069,7.4,19186,220,68,0,4,-4,2,3,4,-12,-0.2
"5136","Red","Neither","Neither","Blue",16,3,6,11,0,15758,7,16369,204,34,-1561,-1578,17,1,8,9,0,17319,7,17947,213,48,0,-1,2,-2,2,-9,-14,0
"5137","Red","Red","Red","Red",16,6,1,1,0,15632,7.2,18155,268,60,-598,-1285,17,3,4,6,0,16230,7.2,19440,238,78,0,-1,3,-3,-5,30,-18,0
"5138","Red","Red","Neither","Red",14,0,7,8,0,16278,6.6,16530,181,36,-1829,-1668,14,2,9,10,0,18107,7,18198,212,52,0,0,-2,-2,-2,-31,-16,-0.4
"5139","Blue","Blue","Neither","Blue",56,3,11,10,0,17131,7.2,18732,215,44,2036,1891,16,2,4,3,0,15095,6.8,16841,188,56,0,40,1,7,7,27,-12,0.4
"5140","Blue","Blue","Neither","Blue",12,0,8,9,0,16795,6.8,18177,203,43,-1381,-907,14,0,10,9,0,18176,7.2,19084,221,60,0,-2,0,-2,0,-18,-17,-0.4
"5141","Blue","Blue","Neither","Blue",22,5,12,20,0,19070,7,17872,210,56,2247,1367,17,6,7,9,0,16823,6.6,16505,205,38,0,5,-1,5,11,5,18,0.4
"5142","Blue","Blue","Neither","Blue",13,3,5,5,0,15993,7,18392,227,62,-800,72,15,3,5,6,0,16793,7.2,18320,243,46,0,-2,0,0,-1,-16,16,-0.2
"5143","Red","Neither","Red","Blue",14,0,6,6,0,15715,6.6,16563,188,44,-826,-979,12,1,6,7,0,16541,7,17542,237,36,0,2,-1,0,-1,-49,8,-0.4
"5144","Blue","Blue","Neither","Blue",17,3,11,9,0,18583,7.2,18852,204,55,4280,2681,17,1,3,2,0,14303,6.4,16171,202,48,0,0,2,8,7,2,7,0.8
"5145","Red","Blue","Neither","Blue",14,2,9,11,0,16848,6.6,16664,200,35,-973,-2691,17,2,9,12,0,17821,7,19355,214,54,0,-3,0,0,-1,-14,-19,-0.4
"5146","Blue","Blue","Neither","Blue",37,2,8,11,0,17903,7.2,19715,206,71,1970,1999,14,2,4,4,0,15933,7,17716,234,43,0,23,0,4,7,-28,28,0.2
"5147","Blue","Red","Blue","Red",19,2,3,5,0,14724,6.6,16522,195,52,-1858,-1476,17,1,6,7,0,16582,7,17998,225,52,0,2,1,-3,-2,-30,0,-0.4
"5148","Red","Red","Neither","Red",16,3,8,9,0,16371,6.6,16354,201,40,-1867,-2002,15,5,11,11,0,18238,7.2,18356,190,52,0,1,-2,-3,-2,11,-12,-0.600000000000001
"5149","Blue","Blue","Blue","Blue",16,2,7,14,0,16571,6.2,14758,192,32,-684,-2401,13,2,9,16,0,17255,6.8,17159,187,54,0,3,0,-2,-2,5,-22,-0.6
"5150","Blue","Red","Neither","Blue",18,3,4,6,0,15445,6.8,17126,225,44,-3056,-2938,43,5,9,8,0,18501,7.4,20064,221,68,0,-25,-2,-5,-2,4,-24,-0.600000000000001
"5151","Red","Neither","Neither","Blue",16,0,4,2,0,13980,6.2,15464,181,43,-4330,-4347,23,2,10,12,0,18310,7.4,19811,228,44,0,-7,-2,-6,-10,-47,-1,-1.2
"5152","Blue","Red","Neither","Red",16,4,11,6,0,17984,7,18165,178,50,-1348,105,19,2,13,10,0,19332,6.8,18060,210,50,0,-3,2,-2,-4,-32,0,0.2
"5153","Blue","Red","Neither","Red",30,3,8,11,0,17588,7.2,18523,238,47,1800,713,12,2,6,9,0,15788,6.8,17810,192,48,0,18,1,2,2,46,-1,0.4
"5154","Red","Red","Neither","Blue",16,1,6,8,0,16326,7.2,18838,222,50,509,595,14,4,5,1,0,15817,6.8,18243,231,56,0,2,-3,1,7,-9,-6,0.4
"5155","Red","Neither","Neither","Red",16,5,7,9,0,17610,6.8,17644,233,48,1883,973,16,2,4,4,0,15727,6.6,16671,212,62,0,0,3,3,5,21,-14,0.2
"5156","Red","Neither","Neither","Blue",24,2,8,9,0,17238,6.8,17944,209,44,894,-3,15,2,8,10,0,16344,7,17947,187,44,0,9,0,0,-1,22,0,-0.2
"5157","Red","Blue","Neither","Red",18,4,6,3,0,15602,6.4,16415,206,45,-3060,-2937,18,8,10,7,0,18662,7.4,19352,238,48,0,0,-4,-4,-4,-32,-3,-1
"5158","Red","Neither","Red","Red",16,2,7,8,0,15615,6.8,17025,188,39,-3370,-2779,20,2,9,7,0,18985,7.2,19804,250,52,0,-4,0,-2,1,-62,-13,-0.4
"5159","Red","Blue","Neither","Blue",15,4,6,7,0,15138,6.6,16193,191,43,-452,-1060,16,5,5,5,0,15590,7,17253,206,56,0,-1,-1,1,2,-15,-13,-0.4
"5160","Blue","Blue","Neither","Blue",14,4,8,8,0,18021,7.2,19358,253,52,1790,1764,25,1,5,4,0,16231,7,17594,237,47,0,-11,3,3,4,16,5,0.2
"5161","Red","Red","Blue","Blue",16,5,2,5,0,15063,6.6,17160,227,56,790,-1155,19,2,1,0,0,14273,7,18315,217,68,0,-3,3,1,5,10,-12,-0.4
"5162","Blue","Blue","Red","Blue",18,3,7,8,0,17561,6.6,17813,215,64,545,411,16,1,5,1,1,17016,6.6,17402,218,44,-1,2,2,2,7,-3,20,0
"5163","Blue","Red","Blue","Red",42,6,7,10,0,17696,7.2,19541,257,56,3518,2503,20,12,1,1,0,14178,6.6,17038,239,47,0,22,-6,6,9,18,9,0.600000000000001
"5164","Blue","Blue","Blue","Blue",16,2,5,5,0,16548,6.8,18505,226,64,780,523,32,2,4,5,0,15768,7,17982,226,52,0,-16,0,1,0,0,12,-0.2
"5165","Red","Blue","Neither","Blue",13,3,3,2,0,14610,6.6,17048,206,53,-758,-1310,31,2,2,2,0,15368,7,18358,249,57,0,-18,1,1,0,-43,-4,-0.4
"5166","Blue","Red","Neither","Blue",55,5,17,26,0,20604,6.8,18469,194,51,4565,2632,23,5,6,6,0,16039,6.4,15837,202,32,0,32,0,11,20,-8,19,0.399999999999999
"5167","Red","Blue","Neither","Blue",55,2,9,8,0,17698,7.2,19290,206,56,726,1104,15,3,6,5,0,16972,6.8,18186,229,52,0,40,-1,3,3,-23,4,0.4
"5168","Red","Red","Red","Blue",14,1,4,3,0,15021,6.8,16981,207,44,-1254,-956,38,1,4,5,0,16275,7,17937,249,48,0,-24,0,0,-2,-42,-4,-0.2
"5169","Red","Neither","Neither","Red",13,3,3,2,0,15226,6.8,17102,210,64,-1207,-218,22,1,7,7,0,16433,6.6,17320,215,44,0,-9,2,-4,-5,-5,20,0.2
"5170","Red","Red","Blue","Blue",31,1,3,4,1,17064,7,18451,263,52,1167,-1436,15,1,4,5,0,15897,7.2,19887,214,72,1,16,0,-1,-1,49,-20,-0.2
"5171","Red","Red","Neither","Blue",17,5,1,1,0,15221,6.8,17418,266,45,-179,-463,14,4,3,4,0,15400,6.6,17881,240,46,0,3,1,-2,-3,26,-1,0.2
"5172","Red","Neither","Blue","Blue",29,5,10,9,0,17972,7.2,19155,206,44,2363,1314,15,3,4,3,0,15609,6.8,17841,226,59,0,14,2,6,6,-20,-15,0.4
"5173","Blue","Neither","Neither","Red",14,6,9,9,0,18151,7.2,19393,227,44,847,1606,19,0,7,9,0,17304,7,17787,226,60,0,-5,6,2,0,1,-16,0.2
"5174","Blue","Blue","Neither","Blue",18,2,13,16,0,19773,7.6,20507,240,40,5622,3964,13,3,2,4,0,14151,6.6,16543,203,64,0,5,-1,11,12,37,-24,1
"5175","Blue","Neither","Neither","Blue",13,3,5,5,0,16262,7,18089,235,62,467,850,14,2,4,4,0,15795,6.8,17239,228,43,0,-1,1,1,1,7,19,0.2
"5176","Red","Blue","Neither","Blue",19,1,7,8,0,17044,7,17819,200,55,-115,141,9,3,7,7,0,17159,7,17678,209,56,0,10,-2,0,1,-9,-1,0
"5177","Blue","Red","Neither","Blue",20,5,7,9,0,17562,7.2,19532,213,59,3512,2161,15,3,1,2,0,14050,6.8,17371,215,62,0,5,2,6,7,-2,-3,0.4
"5178","Red","Red","Neither","Red",18,0,3,4,0,14364,6.8,16898,204,48,-2845,-1461,18,2,6,5,0,17209,7,18359,208,55,0,0,-2,-3,-1,-4,-7,-0.2
"5179","Blue","Red","Neither","Blue",20,6,9,10,0,17855,7.2,18853,211,60,4076,2996,44,2,2,1,0,13779,6.6,15857,211,44,0,-24,4,7,9,0,16,0.600000000000001
"5180","Blue","Blue","Blue","Blue",20,3,6,6,0,15874,6.4,16649,195,48,-1806,-2407,21,4,9,11,0,17680,7.2,19056,228,58,0,-1,-1,-3,-5,-33,-10,-0.8
"5181","Blue","Neither","Neither","Red",16,1,6,6,0,16881,7,18851,228,56,-216,301,13,2,7,6,0,17097,7,18550,233,44,0,3,-1,-1,0,-5,12,0
"5182","Red","Neither","Blue","Blue",14,4,11,8,0,18060,7.2,18502,192,44,1635,416,15,0,5,3,0,16425,6.6,18086,204,56,0,-1,4,6,5,-12,-12,0.600000000000001
"5183","Red","Neither","Neither","Red",17,2,4,2,0,15106,6.8,16691,201,44,-3081,-1236,18,3,10,14,0,18187,6.8,17927,192,51,0,-1,-1,-6,-12,9,-7,0
"5184","Blue","Neither","Neither","Blue",32,0,4,3,0,16454,7.6,19703,241,60,2711,2693,122,1,1,1,0,13743,6.6,17010,211,55,0,-90,-1,3,2,30,5,1
"5185","Blue","Blue","Neither","Blue",18,1,8,13,0,18078,6.8,18559,247,50,5354,4695,15,4,1,0,0,12724,6,13864,166,46,0,3,-3,7,13,81,4,0.8
"5186","Red","Neither","Neither","Red",18,1,4,4,0,15300,6.6,17024,212,43,-188,-535,18,4,5,5,0,15488,6.8,17559,232,48,0,0,-3,-1,-1,-20,-5,-0.2
"5187","Blue","Blue","Blue","Blue",13,2,7,1,1,18919,7.6,20248,252,73,3983,3375,58,1,3,5,0,14936,6.8,16873,230,38,1,-45,1,4,-4,22,35,0.8
"5188","Blue","Red","Blue","Blue",17,2,2,4,0,15565,6.4,17312,251,64,-1185,-2402,21,2,4,8,0,16750,7.4,19714,267,62,0,-4,0,-2,-4,-16,2,-1
"5189","Blue","Blue","Neither","Blue",13,1,11,17,0,18553,7,18514,204,49,4260,1422,14,1,2,1,0,14293,6.8,17092,210,60,0,-1,0,9,16,-6,-11,0.2
"5190","Blue","Red","Neither","Red",18,0,3,2,0,16639,7.2,19375,269,64,835,1506,36,5,3,4,0,15804,7,17869,216,56,0,-18,-5,0,-2,53,8,0.2
"5191","Blue","Neither","Neither","Blue",22,3,8,7,0,18273,7,18951,211,49,2879,2522,13,5,6,7,0,15394,6.4,16429,195,32,0,9,-2,2,0,16,17,0.6
"5192","Blue","Red","Neither","Blue",12,1,6,5,0,16560,7,18074,203,65,-407,-1257,47,2,8,7,0,16967,7.4,19331,223,52,0,-35,-1,-2,-2,-20,13,-0.4
"5193","Red","Red","Neither","Red",13,0,5,7,0,13742,5.6,12556,123,18,-5705,-5364,13,1,10,11,0,19447,6.8,17920,218,40,0,0,-1,-5,-4,-95,-22,-1.2
"5194","Red","Blue","Neither","Red",17,2,9,12,0,17525,7,19083,221,40,1270,365,34,5,5,2,0,16255,7.4,18718,218,60,0,-17,-3,4,10,3,-20,-0.4
"5195","Red","Blue","Red","Blue",19,3,4,5,0,15123,6.8,17144,210,45,-3204,-779,10,5,9,16,0,18327,7,17923,216,36,0,9,-2,-5,-11,-6,9,-0.2
"5196","Red","Neither","Red","Red",15,0,4,4,0,14686,6.4,15538,184,32,-3927,-3207,14,2,7,4,1,18613,7,18745,262,46,-1,1,-2,-3,0,-78,-14,-0.6
"5197","Blue","Blue","Neither","Red",30,2,8,12,0,16957,6.6,17656,215,42,78,658,15,3,7,11,0,16879,6.8,16998,207,40,0,15,-1,1,1,8,2,-0.2
"5198","Blue","Neither","Neither","Red",11,2,4,3,0,16796,7.2,19731,276,56,1789,2100,14,5,2,4,0,15007,6.8,17631,232,59,0,-3,-3,2,-1,44,-3,0.4
"5199","Red","Red","Red","Blue",83,3,10,12,0,18592,7.2,19027,212,47,1577,678,15,2,7,4,0,17015,7,18349,233,44,0,68,1,3,8,-21,3,0.2
"5200","Red","Neither","Neither","Red",40,1,8,10,0,16411,6.6,17513,176,43,590,1002,16,5,4,4,0,15821,6.6,16511,208,47,0,24,-4,4,6,-32,-4,0
"5201","Red","Red","Neither","Blue",29,0,5,4,0,15730,6.6,16849,223,49,-384,-1408,10,1,4,3,0,16114,7,18257,220,61,0,19,-1,1,1,3,-12,-0.4
"5202","Blue","Blue","Red","Red",22,4,4,2,0,16302,7.2,18728,256,56,315,667,15,1,5,3,0,15987,6.8,18061,224,52,0,7,3,-1,-1,32,4,0.4
"5203","Red","Red","Blue","Blue",16,5,4,2,0,15447,6.6,16928,217,52,580,-1033,20,4,2,2,0,14867,6.8,17961,228,64,0,-4,1,2,0,-11,-12,-0.2
"5204","Blue","Red","Blue","Blue",17,1,6,7,1,17299,6.6,17431,223,36,1870,-729,14,5,3,4,0,15429,7,18160,226,60,1,3,-4,3,3,-3,-24,-0.4
"5205","Blue","Blue","Blue","Red",17,3,8,8,0,17500,6.8,18340,229,55,3308,2114,9,0,3,3,0,14192,6.6,16226,215,28,0,8,3,5,5,14,27,0.2
"5206","Red","Blue","Red","Red",12,3,4,5,0,15659,7.2,19051,210,83,-2542,1134,11,3,7,15,1,18201,7,17917,233,48,-1,1,0,-3,-10,-23,35,0.2
"5207","Red","Neither","Neither","Red",16,2,7,8,0,16286,7,17910,223,40,369,561,15,1,6,8,0,15917,7,17349,196,52,0,1,1,1,0,27,-12,0
"5208","Red","Blue","Neither","Blue",24,2,3,6,0,15335,6.8,17847,239,47,187,-954,19,2,2,1,0,15148,6.8,18801,248,63,0,5,0,1,5,-9,-16,0
"5209","Red","Blue","Blue","Red",15,3,8,6,0,17744,7.2,19502,237,59,1109,735,14,1,5,3,0,16635,7.2,18767,231,60,0,1,2,3,3,6,-1,0
"5210","Blue","Blue","Red","Blue",15,2,9,10,0,17592,7.4,19457,213,52,1572,2134,16,4,6,9,0,16020,6.8,17323,211,42,0,-1,-2,3,1,2,10,0.600000000000001
"5211","Red","Blue","Red","Red",23,1,3,4,0,15732,7,17644,201,72,-2080,-202,13,3,9,12,0,17812,7.2,17846,202,48,0,10,-2,-6,-8,-1,24,-0.2
"5212","Red","Red","Neither","Blue",24,3,5,6,0,16544,7,17851,222,53,-2929,-1731,14,2,11,17,0,19473,7.2,19582,227,48,0,10,1,-6,-11,-5,5,-0.2
"5213","Blue","Red","Neither","Red",81,5,11,14,0,18913,7,18431,215,31,1441,922,16,2,11,11,0,17472,7,17509,200,24,0,65,3,0,3,15,7,0
"5214","Blue","Neither","Neither","Red",18,3,6,5,0,16757,7.2,18596,225,46,873,2194,12,3,5,7,0,15884,6.6,16402,205,65,0,6,0,1,-2,20,-19,0.600000000000001
"5215","Blue","Red","Neither","Blue",17,1,4,2,0,16152,7,18347,212,59,-633,-502,139,2,8,14,0,16785,7,18849,196,53,0,-122,-1,-4,-12,16,6,0
"5216","Red","Red","Blue","Blue",88,2,2,2,0,14505,7,18312,224,48,-838,-593,15,6,2,1,0,15343,7.2,18905,253,67,0,73,-4,0,1,-29,-19,-0.2
"5217","Blue","Neither","Neither","Blue",12,2,4,6,0,15575,6.8,17478,236,44,-1098,271,17,1,6,10,0,16673,6.8,17207,245,39,0,-5,1,-2,-4,-9,5,0
"5218","Red","Red","Blue","Blue",51,3,6,12,0,18187,7.2,19397,257,40,1909,1010,15,4,5,4,0,16278,7,18387,248,52,0,36,-1,1,8,9,-12,0.2
"5219","Blue","Neither","Blue","Blue",14,2,8,3,0,16674,6.8,18357,223,40,-1577,-716,81,1,10,11,0,18251,7,19073,209,50,0,-67,1,-2,-8,14,-10,-0.2
"5220","Red","Blue","Neither","Red",12,3,8,8,0,16028,6.6,16233,187,36,-728,-608,16,0,8,7,0,16756,6.8,16841,184,43,0,-4,3,0,1,3,-7,-0.2
"5221","Red","Red","Neither","Blue",13,1,5,6,0,16157,7,17878,221,51,142,1215,115,2,6,6,0,16015,6.8,16663,199,41,0,-102,-1,-1,0,22,10,0.2
"5222","Red","Red","Neither","Red",15,1,6,5,0,15773,7,18578,228,44,-2069,-22,13,1,9,11,0,17842,7,18600,222,56,0,2,0,-3,-6,6,-12,0
"5223","Blue","Red","Red","Blue",13,1,4,5,0,17262,7,18608,248,52,1673,1200,12,1,3,2,0,15589,6.8,17408,197,69,0,1,0,1,3,51,-17,0.2
"5224","Red","Blue","Neither","Red",20,2,3,3,0,14367,6.4,15957,192,53,-5085,-3236,17,5,10,13,0,19452,7.4,19193,249,48,0,3,-3,-7,-10,-57,5,-1
"5225","Blue","Blue","Neither","Red",16,6,5,10,0,15387,7,17708,174,66,337,1346,22,5,4,4,0,15050,6.8,16362,213,48,0,-6,1,1,6,-39,18,0.2
"5226","Blue","Blue","Neither","Red",44,7,3,1,0,15326,7.2,18992,226,59,-233,1969,18,5,4,5,0,15559,6.6,17023,222,43,0,26,2,-1,-4,4,16,0.600000000000001
"5227","Blue","Red","Neither","Blue",19,1,7,11,0,16867,7.2,18904,219,57,920,1488,18,2,4,6,0,15947,7,17416,210,54,0,1,-1,3,5,9,3,0.2
"5228","Blue","Blue","Neither","Blue",38,3,3,0,0,14162,6.8,17402,201,54,-1078,692,14,1,3,4,0,15240,6.8,16710,240,45,0,24,2,0,-4,-39,9,0
"5229","Red","Blue","Neither","Red",16,2,5,6,0,16253,6.8,18163,212,46,-17,-1171,14,3,5,2,0,16270,7.2,19334,243,55,0,2,-1,0,4,-31,-9,-0.4
"5230","Red","Blue","Neither","Red",14,2,1,2,0,14041,6.6,16529,229,49,-4377,-4323,16,3,9,5,0,18418,7.4,20852,234,79,0,-2,-1,-8,-3,-5,-30,-0.800000000000001
"5231","Blue","Neither","Neither","Blue",14,2,8,9,0,18051,7.2,19471,247,64,2563,2910,15,1,4,4,0,15488,6.6,16561,233,40,0,-1,1,4,5,14,24,0.600000000000001
"5232","Blue","Neither","Neither","Blue",53,6,4,5,0,16441,7,18447,244,52,1254,400,18,3,3,4,0,15187,6.8,18047,218,60,0,35,3,1,1,26,-8,0.2
"5233","Red","Blue","Neither","Red",14,7,4,7,0,16157,6.8,18679,239,64,-521,97,23,3,4,3,0,16678,7,18582,255,57,0,-9,4,0,4,-16,7,-0.2
"5234","Red","Red","Blue","Blue",13,3,10,9,1,19793,7.4,19966,243,65,3387,1454,54,2,6,9,0,16406,7,18512,239,50,1,-41,1,4,0,4,15,0.4
"5235","Blue","Blue","Neither","Red",32,2,7,8,0,16284,7.4,19396,197,44,-496,604,37,4,8,7,0,16780,7,18792,209,48,0,-5,-2,-1,1,-12,-4,0.4
"5236","Red","Neither","Red","Red",105,3,5,4,0,15617,6.6,17334,202,63,-3516,-2677,11,3,11,6,0,19133,7.4,20011,237,52,0,94,0,-6,-2,-35,11,-0.800000000000001
"5237","Blue","Blue","Neither","Blue",20,3,6,4,0,17261,7,18583,206,56,1579,1615,19,3,7,9,0,15682,6.6,16968,184,36,0,1,0,-1,-5,22,20,0.4
"5238","Red","Blue","Neither","Blue",16,2,8,9,0,17385,7.2,18439,185,70,-747,-782,17,3,9,12,0,18132,7.4,19221,214,50,0,-1,-1,-1,-3,-29,20,-0.2
"5239","Blue","Neither","Neither","Red",18,3,15,14,0,20134,7.4,19414,183,52,2445,1767,11,3,9,7,0,17689,7,17647,221,36,0,7,0,6,7,-38,16,0.4
"5240","Blue","Blue","Neither","Red",16,3,3,4,0,14867,7,17875,205,52,-178,738,18,3,2,2,0,15045,6.8,17137,245,49,0,-2,0,1,2,-40,3,0.2
"5241","Red","Neither","Neither","Blue",11,2,4,5,0,15312,6.6,16387,203,48,-1844,-2222,16,0,7,10,0,17156,7.2,18609,227,48,0,-5,2,-3,-5,-24,0,-0.600000000000001
"5242","Blue","Blue","Blue","Red",15,2,2,2,0,14815,6.8,18140,246,56,-980,-1488,14,4,3,0,0,15795,7.4,19628,259,62,0,1,-2,-1,2,-13,-6,-0.600000000000001
"5243","Red","Red","Blue","Blue",14,2,5,6,0,17511,7.4,20020,253,59,2795,2702,12,2,2,2,0,14716,7,17318,244,52,0,2,0,3,4,9,7,0.4
"5244","Red","Neither","Neither","Red",18,5,8,10,0,17157,6.6,17475,200,36,-2095,-2096,18,4,14,15,0,19252,7.4,19571,206,44,0,0,1,-6,-5,-6,-8,-0.800000000000001
"5245","Red","Neither","Neither","Blue",14,1,12,16,0,18714,6.8,18333,199,37,801,262,19,0,12,12,0,17913,6.8,18071,182,37,0,-5,1,0,4,17,0,0
"5246","Blue","Blue","Neither","Blue",13,2,8,5,0,17136,6.8,18329,224,60,-506,-700,14,3,10,7,0,17642,7.2,19029,218,34,0,-1,-1,-2,-2,6,26,-0.4
"5247","Blue","Red","Neither","Red",16,4,8,7,0,16966,7.4,19266,228,55,705,2576,16,4,7,5,0,16261,6.6,16690,198,47,0,0,0,1,2,30,8,0.800000000000001
"5248","Blue","Neither","Neither","Red",18,4,7,7,0,16948,7,18437,222,44,707,1131,14,1,6,6,0,16241,6.8,17306,221,32,0,4,3,1,1,1,12,0.2
"5249","Blue","Red","Red","Blue",54,4,7,8,0,17552,7.4,19684,233,53,2098,2184,14,2,3,3,0,15454,6.8,17500,236,46,0,40,2,4,5,-3,7,0.600000000000001
"5250","Blue","Neither","Neither","Blue",17,8,10,13,0,17941,6.8,17529,206,52,1680,1254,18,5,5,5,0,16261,6.4,16275,215,36,0,-1,3,5,8,-9,16,0.399999999999999
"5251","Red","Red","Neither","Blue",16,6,4,2,1,16334,6.4,15901,218,36,-300,-1937,16,3,8,7,0,16634,7,17838,224,52,1,0,3,-4,-5,-6,-16,-0.6
"5252","Red","Red","Red","Red",17,0,1,2,0,13342,6.4,15464,177,48,-6540,-4772,33,3,10,13,0,19882,7.4,20236,234,56,0,-16,-3,-9,-11,-57,-8,-1
"5253","Blue","Blue","Neither","Blue",12,1,8,9,0,18014,7.2,19778,238,68,1388,973,37,0,5,5,0,16626,7.2,18805,225,60,0,-25,1,3,4,13,8,0
"5254","Red","Red","Red","Red",15,2,2,2,0,15114,6.8,17597,219,64,-1158,-1281,15,3,7,6,0,16272,7.2,18878,231,44,0,0,-1,-5,-4,-12,20,-0.4
"5255","Red","Neither","Blue","Red",13,3,6,8,1,18234,6.6,17526,205,59,1619,-575,17,3,8,5,0,16615,7,18101,209,46,1,-4,0,-2,3,-4,13,-0.4
"5256","Red","Blue","Neither","Blue",17,1,4,3,0,16061,7.2,18335,228,73,-299,454,12,2,6,5,0,16360,6.6,17881,225,37,0,5,-1,-2,-2,3,36,0.600000000000001
"5257","Red","Red","Neither","Red",13,1,6,4,0,15828,6.8,17834,218,48,1176,763,16,1,2,2,0,14652,6.8,17071,218,49,0,-3,0,4,2,0,-1,0
"5258","Red","Red","Neither","Red",15,0,3,3,0,15767,7.2,18720,233,56,-943,140,14,4,5,5,0,16710,7.2,18580,249,48,0,1,-4,-2,-2,-16,8,0
"5259","Red","Blue","Red","Red",40,0,7,5,0,16460,7,18464,202,59,-1449,-777,14,1,8,4,0,17909,7.4,19241,236,56,0,26,-1,-1,1,-34,3,-0.4
"5260","Red","Neither","Neither","Red",14,2,4,3,0,16138,7,17604,217,51,-1531,-2275,20,3,8,7,0,17669,7.4,19879,228,44,0,-6,-1,-4,-4,-11,7,-0.4
"5261","Red","Blue","Red","Red",18,2,7,6,0,16482,6.6,17043,229,40,-672,-335,16,3,8,13,0,17154,6.8,17378,190,56,0,2,-1,-1,-7,39,-16,-0.2
"5262","Red","Red","Neither","Blue",14,1,5,8,0,15656,6.6,16766,230,40,-384,-2030,13,1,5,2,0,16040,7,18796,233,56,0,1,0,0,6,-3,-16,-0.4
"5263","Red","Red","Blue","Blue",16,4,8,7,0,17281,7.4,20413,219,63,2485,2934,18,0,2,4,0,14796,6.8,17479,207,60,0,-2,4,6,3,12,3,0.600000000000001
"5264","Blue","Blue","Red","Blue",41,1,7,6,0,18195,7.4,20319,252,64,4197,3107,14,3,3,1,0,13998,6.8,17212,187,53,0,27,-2,4,5,65,11,0.600000000000001
"5265","Red","Red","Neither","Red",14,1,1,2,0,14054,6.6,17175,205,64,-1744,-1555,14,5,3,3,0,15798,7,18730,232,48,0,0,-4,-2,-1,-27,16,-0.4
"5266","Red","Red","Neither","Blue",66,2,8,13,0,17191,6.8,17401,188,56,654,478,15,1,8,9,0,16537,6.6,16923,191,57,0,51,1,0,4,-3,-1,0.2
"5267","Blue","Blue","Neither","Red",13,2,12,12,0,19226,7.4,20579,228,61,4389,5412,17,2,3,5,0,14837,6.4,15167,217,35,0,-4,0,9,7,11,26,1
"5268","Blue","Blue","Neither","Blue",14,3,12,13,0,18705,7.4,19808,210,50,3692,4028,12,2,4,5,0,15013,6.4,15780,219,36,0,2,1,8,8,-9,14,1
"5269","Blue","Blue","Red","Red",17,2,6,7,0,16057,7,17977,231,44,172,-278,16,2,4,7,0,15885,7,18255,242,56,0,1,0,2,0,-11,-12,0
"5270","Red","Red","Neither","Red",19,2,5,3,0,15722,6.8,17153,224,40,-488,-98,16,3,6,7,0,16210,6.8,17251,192,48,0,3,-1,-1,-4,32,-8,0
"5271","Red","Red","Red","Red",12,2,5,7,0,15513,6.6,17308,203,43,-1791,507,11,0,8,14,0,17304,6.8,16801,225,41,0,1,2,-3,-7,-22,2,-0.2
"5272","Red","Red","Red","Red",14,0,5,3,0,14964,6.6,17465,196,48,-3225,-1705,15,0,9,6,0,18189,7.4,19170,249,67,0,-1,0,-4,-3,-53,-19,-0.800000000000001
"5273","Blue","Blue","Neither","Blue",20,4,8,6,0,16678,6.6,16861,196,62,2367,-249,22,7,4,3,0,14311,6.4,17110,219,42,0,-2,-3,4,3,-23,20,0.199999999999999
"5274","Red","Red","Neither","Blue",15,2,12,18,0,18238,6.8,16827,189,32,1797,-723,18,4,8,5,0,16441,6.8,17550,190,47,0,-3,-2,4,13,-1,-15,0
"5275","Red","Neither","Neither","Blue",19,4,6,9,0,16758,7,17743,243,43,-1356,-1064,17,4,10,15,0,18114,7.2,18807,207,52,0,2,0,-4,-6,36,-9,-0.2
"5276","Blue","Red","Neither","Red",17,3,5,4,0,16545,7.2,19148,235,67,-207,-251,15,4,5,6,0,16752,7.2,19399,235,72,0,2,-1,0,-2,0,-5,0
"5277","Red","Blue","Red","Red",20,3,4,2,0,14843,6.4,16207,176,45,-2691,-1778,14,3,10,12,0,17534,7.2,17985,199,52,0,6,0,-6,-10,-23,-7,-0.8
"5278","Blue","Blue","Blue","Red",15,6,6,3,1,17459,7,18810,226,52,3734,2743,20,5,1,1,0,13725,6.4,16067,198,48,1,-5,1,5,2,28,4,0.6
"5279","Red","Neither","Neither","Red",19,5,7,10,0,15878,6.6,16090,187,45,567,-789,16,6,6,7,0,15311,6.6,16879,220,40,0,3,-1,1,3,-33,5,0
"5280","Red","Blue","Neither","Red",43,3,2,2,0,14462,7,17760,213,56,-892,-818,14,2,3,3,0,15354,7,18578,240,58,0,29,1,-1,-1,-27,-2,0
"5281","Red","Red","Neither","Red",17,4,3,3,0,14788,6.4,15674,194,37,-3231,-3010,17,3,10,14,0,18019,7.4,18684,220,46,0,0,1,-7,-11,-26,-9,-1
"5282","Blue","Red","Neither","Red",17,2,8,5,0,17871,7.4,18848,243,52,1591,1901,21,3,8,11,0,16280,6.6,16947,197,43,0,-4,-1,0,-6,46,9,0.800000000000001
"5283","Red","Neither","Neither","Red",19,3,10,16,0,18080,7,18120,219,30,1998,572,16,3,6,8,0,16082,6.6,17548,225,39,0,3,0,4,8,-6,-9,0.4
"5284","Red","Red","Red","Red",16,0,2,1,0,13268,6.2,15564,170,47,-7839,-3333,14,5,10,12,2,21107,7.2,18897,253,43,-2,2,-5,-8,-11,-83,4,-1
"5285","Blue","Blue","Neither","Blue",11,2,8,13,0,18291,7,18572,235,52,3222,1012,34,0,3,2,0,15069,7.2,17560,232,48,0,-23,2,5,11,3,4,-0.2
"5286","Blue","Blue","Red","Red",38,4,7,13,0,16795,7.2,19215,238,55,1715,1548,17,21,1,1,0,15080,7,17667,254,55,0,21,-17,6,12,-16,0,0.2
"5287","Red","Red","Neither","Red",18,2,3,1,0,13602,6.4,15564,170,44,-5088,-2609,13,3,11,16,0,18690,7.2,18173,231,48,0,5,-1,-8,-15,-61,-4,-0.8
"5288","Blue","Red","Blue","Red",12,4,9,8,2,19162,7,17841,196,36,1082,14,12,4,10,16,0,18080,6.8,17827,203,44,2,0,0,-1,-8,-7,-8,0.2
"5289","Blue","Red","Neither","Blue",15,2,8,12,0,17253,7.2,18869,218,40,1887,519,12,0,2,3,0,15366,7,18350,233,76,0,3,2,6,9,-15,-36,0.2
"5290","Blue","Neither","Neither","Blue",23,4,13,14,0,19713,7,18607,217,52,2795,999,45,0,7,8,0,16918,6.8,17608,177,56,0,-22,4,6,6,40,-4,0.2
"5291","Red","Red","Neither","Red",41,2,5,8,0,15675,6.4,16501,218,39,549,224,12,2,5,7,0,15126,6.6,16277,170,36,0,29,0,0,1,48,3,-0.199999999999999
"5292","Blue","Neither","Neither","Red",18,4,4,4,0,15691,7.2,18589,237,52,96,466,26,5,6,2,0,15595,6.8,18123,221,52,0,-8,-1,-2,2,16,0,0.4
"5293","Red","Red","Neither","Red",16,4,4,3,0,15008,6.6,16888,214,38,-1015,-1751,31,3,6,4,0,16023,6.8,18639,208,59,0,-15,1,-2,-1,6,-21,-0.2
"5294","Blue","Blue","Neither","Blue",21,2,7,10,0,16867,7.2,18156,232,36,2474,1015,149,2,2,2,0,14393,6.6,17141,230,52,0,-128,0,5,8,2,-16,0.600000000000001
"5295","Blue","Blue","Red","Red",16,3,8,7,0,17104,7,18350,223,64,-111,1062,36,2,6,8,1,17215,6.8,17288,201,48,-1,-20,1,2,-1,22,16,0.2
"5296","Red","Blue","Neither","Blue",20,5,8,13,0,17731,6.8,18132,232,47,1375,109,19,1,6,4,0,16356,6.8,18023,206,48,0,1,4,2,9,26,-1,0
"5297","Red","Red","Neither","Red",13,3,1,0,0,13751,6.8,17182,199,60,-2507,-1567,18,4,3,3,0,16258,7.2,18749,269,48,0,-5,-1,-2,-3,-70,12,-0.4
"5298","Red","Blue","Neither","Blue",15,1,4,6,0,15544,6.6,17440,217,56,201,-979,46,3,4,3,0,15343,7,18419,214,49,0,-31,-2,0,3,3,7,-0.4
"5299","Red","Neither","Blue","Red",25,4,8,8,0,18057,7,18682,231,52,3152,2104,16,2,4,4,0,14905,6.4,16578,211,40,0,9,2,4,4,20,12,0.6
"5300","Red","Red","Neither","Blue",20,3,5,8,0,16321,7.4,19044,227,52,120,-497,33,2,5,4,0,16201,7.4,19541,216,64,0,-13,1,0,4,11,-12,0
"5301","Blue","Red","Red","Blue",19,3,8,7,0,17394,6.8,17390,199,68,1377,-221,13,2,6,5,0,16017,6.8,17611,218,55,0,6,1,2,2,-19,13,0
"5302","Blue","Neither","Blue","Blue",30,2,7,7,0,17622,7.2,19582,230,64,3071,2643,20,3,3,4,0,14551,6.6,16939,220,36,0,10,-1,4,3,10,28,0.600000000000001
"5303","Blue","Blue","Neither","Blue",18,1,10,8,1,20127,7.2,19673,251,60,6148,3541,13,2,2,1,0,13979,6.4,16132,196,50,1,5,-1,8,7,55,10,0.8
"5304","Blue","Blue","Red","Blue",15,3,4,5,0,15800,6.8,17445,209,47,295,791,43,2,2,3,1,15505,6.8,16654,206,45,-1,-28,1,2,2,3,2,0
"5305","Blue","Neither","Neither","Blue",14,3,5,3,0,15723,6.8,17400,242,35,451,1157,15,3,5,5,0,15272,6.8,16243,234,24,0,-1,0,0,-2,8,11,0
"5306","Blue","Red","Neither","Red",47,1,7,11,0,16544,6.8,17758,196,32,732,280,18,1,5,5,0,15812,6.8,17478,199,58,0,29,0,2,6,-3,-26,0
"5307","Red","Red","Neither","Red",19,5,8,14,0,17758,6.8,17663,233,55,920,-386,16,3,7,5,0,16838,6.8,18049,214,63,0,3,2,1,9,19,-8,0
"5308","Red","Red","Neither","Red",17,5,6,8,0,15890,6.6,15649,199,48,-2039,-2297,59,4,9,11,0,17929,6.8,17946,223,36,0,-42,1,-3,-3,-24,12,-0.2
"5309","Red","Red","Red","Red",14,2,2,2,0,14646,6.6,16931,219,48,-5036,-2248,16,3,9,12,1,19682,7.4,19179,262,68,-1,-2,-1,-7,-10,-43,-20,-0.800000000000001
"5310","Red","Blue","Neither","Red",19,8,9,6,0,16898,7,17791,211,44,-540,1330,22,3,10,14,0,17438,6.6,16461,190,36,0,-3,5,-1,-8,21,8,0.4
"5311","Red","Red","Blue","Red",28,1,9,12,0,17524,7.2,18124,203,52,-1319,-840,14,6,10,13,0,18843,7.4,18964,223,56,0,14,-5,-1,-1,-20,-4,-0.2
"5312","Blue","Neither","Neither","Blue",16,5,7,11,0,16541,6.4,17099,231,39,2555,2123,43,4,5,6,0,13986,6.2,14976,146,40,0,-27,1,2,5,85,-1,0.2
"5313","Red","Blue","Neither","Blue",20,4,5,7,0,14566,5.8,13119,164,37,-2663,-2578,16,3,8,14,0,17229,6.6,15697,209,42,0,4,1,-3,-7,-45,-5,-0.8
"5314","Blue","Red","Blue","Blue",14,7,3,2,0,15929,7.2,18680,250,51,17,44,35,2,5,3,0,15912,7,18636,203,76,0,-21,5,-2,-1,47,-25,0.2
"5315","Red","Neither","Neither","Blue",19,3,6,6,0,15866,6.6,17209,207,45,-859,-1186,17,4,6,10,0,16725,7.2,18395,245,66,0,2,-1,0,-4,-38,-21,-0.600000000000001
"5316","Red","Red","Neither","Blue",18,1,5,6,0,16126,7,18201,217,52,61,1120,18,4,6,7,0,16065,6.8,17081,203,52,0,0,-3,-1,-1,14,0,0.2
"5317","Blue","Red","Blue","Blue",11,2,4,0,0,15620,7.2,18558,239,56,-1761,-385,18,0,4,8,1,17381,7.4,18943,243,54,-1,-7,2,0,-8,-4,2,-0.2
"5318","Blue","Blue","Neither","Red",58,3,9,12,0,17524,7.2,18949,185,57,1076,1282,16,4,7,6,0,16448,6.6,17667,209,52,0,42,-1,2,6,-24,5,0.600000000000001
"5319","Blue","Red","Neither","Blue",20,5,11,9,0,18746,7.2,19066,225,44,2198,1355,18,1,8,4,0,16548,6.8,17711,204,64,0,2,4,3,5,21,-20,0.4
"5320","Red","Neither","Neither","Blue",17,3,9,7,0,17187,7,18178,213,40,626,98,14,1,6,4,0,16561,7,18080,231,40,0,3,2,3,3,-18,0,0
"5321","Blue","Blue","Neither","Red",18,4,4,4,0,15181,7,17084,216,49,911,449,17,2,3,4,0,14270,6.8,16635,223,42,0,1,2,1,0,-7,7,0.2
"5322","Blue","Neither","Neither","Blue",15,2,11,16,0,19563,7.2,19145,220,60,4666,4288,17,0,6,12,0,14897,6.2,14857,155,32,0,-2,2,5,4,65,28,1
"5323","Blue","Blue","Blue","Red",38,3,10,12,1,19197,7.2,18709,222,51,1167,-431,16,4,10,6,0,18030,7.2,19140,219,56,1,22,-1,0,6,3,-5,0
"5324","Red","Red","Neither","Red",17,2,5,5,0,14803,6.8,17434,177,37,-2454,-1437,37,4,8,6,0,17257,7,18871,219,52,0,-20,-2,-3,-1,-42,-15,-0.2
"5325","Red","Red","Blue","Red",18,2,2,1,0,13508,6.2,15002,160,56,-3580,-2967,15,4,7,6,0,17088,6.6,17969,193,75,0,3,-2,-5,-5,-33,-19,-0.399999999999999
"5326","Red","Neither","Neither","Blue",14,3,10,13,0,18978,7.6,21014,262,56,4185,3377,52,4,4,3,0,14793,6.8,17637,205,52,0,-38,-1,6,10,57,4,0.8
"5327","Blue","Red","Neither","Red",16,3,6,9,0,16627,7,18254,247,47,1899,308,52,4,2,0,0,14728,6.8,17946,231,60,0,-36,-1,4,9,16,-13,0.2
"5328","Blue","Red","Neither","Red",11,2,4,3,0,15562,6.8,17869,225,48,-435,-427,15,2,7,8,0,15997,7,18296,196,65,0,-4,0,-3,-5,29,-17,-0.2
"5329","Red","Blue","Red","Red",15,2,4,5,0,14717,6.4,16410,205,38,-3025,-1823,21,3,7,5,1,17742,7,18233,211,41,-1,-6,-1,-3,0,-6,-3,-0.6
"5330","Red","Red","Red","Red",38,3,4,3,0,16213,7.2,18890,208,68,-3035,188,15,1,7,5,1,19248,7,18702,217,68,-1,23,2,-3,-2,-9,0,0.2
"5331","Red","Red","Neither","Blue",20,1,8,11,0,16922,7,17511,191,44,118,-532,17,6,8,12,0,16804,7,18043,193,62,0,3,-5,0,-1,-2,-18,0
"5332","Red","Red","Neither","Red",17,4,7,9,0,17094,7,18539,220,67,1004,1446,17,4,5,3,0,16090,6.6,17093,211,52,0,0,0,2,6,9,15,0.4
"5333","Blue","Blue","Neither","Red",18,0,9,5,0,17232,7,17777,212,52,725,626,73,4,8,7,0,16507,7,17151,191,47,0,-55,-4,1,-2,21,5,0
"5334","Blue","Blue","Neither","Blue",16,2,12,10,0,19529,7.6,19979,242,48,3316,2032,34,1,6,6,0,16213,6.8,17947,197,64,0,-18,1,6,4,45,-16,0.8
"5335","Red","Red","Neither","Blue",17,5,7,2,0,15684,6.6,17100,203,47,-1400,-644,21,5,8,10,0,17084,7,17744,208,40,0,-4,0,-1,-8,-5,7,-0.4
"5336","Blue","Blue","Neither","Red",16,5,5,5,0,16352,7.2,19028,250,52,1824,1204,20,4,1,2,0,14528,7,17824,239,52,0,-4,1,4,3,11,0,0.2
"5337","Red","Red","Blue","Blue",9,2,6,6,0,16782,7,19622,238,61,817,350,17,1,5,5,0,15965,7.2,19272,235,51,0,-8,1,1,1,3,10,-0.2
"5338","Blue","Neither","Neither","Blue",15,1,9,9,0,17514,7,17672,236,28,3170,1984,39,1,4,6,0,14344,6.6,15688,175,43,0,-24,0,5,3,61,-15,0.4
"5339","Red","Red","Red","Red",15,2,7,7,0,17332,7,18724,226,60,-6,1004,15,1,7,9,0,17338,6.8,17720,188,56,0,0,1,0,-2,38,4,0.2
"5340","Blue","Neither","Neither","Blue",80,15,10,12,0,18951,7,17892,204,47,2896,1330,34,2,6,7,0,16055,6.8,16562,196,40,0,46,13,4,5,8,7,0.2
"5341","Blue","Blue","Neither","Blue",15,1,7,6,0,18039,7.2,18984,236,64,4991,3364,13,0,0,0,0,13048,6.2,15620,193,44,0,2,1,7,6,43,20,1
"5342","Red","Red","Blue","Red",16,2,2,3,0,14487,7,17499,229,56,-2639,-953,16,2,7,5,0,17126,7,18452,227,62,0,0,0,-5,-2,2,-6,0
"5343","Blue","Blue","Blue","Red",52,3,8,13,0,18398,7,19201,234,71,2087,650,15,2,5,3,0,16311,7,18551,226,56,0,37,1,3,10,8,15,0
"5344","Blue","Red","Blue","Red",37,3,1,1,0,15007,6.8,17592,251,55,-1933,15,16,3,5,10,1,16940,7,17577,215,44,-1,21,0,-4,-9,36,11,-0.2
"5345","Red","Blue","Neither","Blue",16,1,5,0,0,16117,7.2,19109,221,60,2975,3977,13,2,1,1,0,13142,6.2,15132,182,42,0,3,-1,4,-1,39,18,1
"5346","Red","Red","Red","Blue",17,3,6,8,0,17457,7,18210,251,64,2783,1603,123,1,5,8,0,14674,6.6,16607,190,52,0,-106,2,1,0,61,12,0.4
"5347","Red","Blue","Red","Blue",33,5,4,5,0,15716,6.8,17691,235,53,-1555,-1025,18,2,4,4,1,17271,7,18716,237,54,-1,15,3,0,1,-2,-1,-0.2
"5348","Blue","Blue","Red","Red",16,5,6,8,0,15980,7,17313,207,48,-2565,-1593,23,6,8,9,0,18545,7,18906,235,56,0,-7,-1,-2,-1,-28,-8,0
"5349","Red","Blue","Neither","Red",18,3,1,1,0,15364,7,18462,233,72,-673,-48,12,3,5,6,0,16037,7,18510,206,48,0,6,0,-4,-5,27,24,0
"5350","Blue","Neither","Blue","Blue",17,4,11,13,0,19082,7.6,20858,244,60,4012,3080,16,4,2,2,0,15070,6.8,17778,230,60,0,1,0,9,11,14,0,0.8
"5351","Blue","Blue","Neither","Blue",38,4,5,6,0,15671,6.8,17411,205,44,-981,-994,15,4,7,8,0,16652,6.8,18405,219,53,0,23,0,-2,-2,-14,-9,0
"5352","Red","Neither","Neither","Red",37,5,2,0,0,14321,6.8,16982,208,44,-4557,-3571,20,1,9,8,0,18878,7.2,20553,260,59,0,17,4,-7,-8,-52,-15,-0.4
"5353","Red","Neither","Neither","Red",13,3,5,7,0,15903,6.8,17896,206,55,811,241,15,2,5,2,0,15092,7,17655,199,52,0,-2,1,0,5,7,3,-0.2
"5354","Blue","Neither","Neither","Blue",12,3,15,17,1,20828,7.2,19032,250,28,6375,3949,15,0,4,5,0,14453,6.2,15083,164,54,1,-3,3,11,12,86,-26,1
"5355","Blue","Blue","Neither","Red",17,3,9,7,0,17442,7,18411,219,33,557,1853,16,1,9,8,0,16885,6.6,16558,190,42,0,1,2,0,-1,29,-9,0.4
"5356","Blue","Red","Blue","Red",14,4,13,19,0,20617,7.4,19936,240,56,3183,1321,19,1,6,7,0,17434,7,18615,235,72,0,-5,3,7,12,5,-16,0.4
"5357","Blue","Neither","Neither","Red",18,5,0,0,0,13691,6.8,16957,229,54,-1148,-818,17,4,3,2,0,14839,6.8,17775,221,51,0,1,1,-3,-2,8,3,0
"5358","Red","Neither","Blue","Red",16,0,3,2,0,14909,6.8,17001,208,59,-447,676,17,1,4,6,0,15356,6.6,16325,197,40,0,-1,-1,-1,-4,11,19,0.2
"5359","Red","Red","Neither","Red",15,5,5,5,0,16372,6.6,16747,230,43,53,-48,72,3,8,8,0,16319,6.8,16795,186,42,0,-57,2,-3,-3,44,1,-0.2
"5360","Red","Blue","Neither","Red",34,0,8,15,0,17134,6.8,17579,171,66,-840,949,14,3,10,11,0,17974,6.8,16630,214,49,0,20,-3,-2,4,-43,17,0
"5361","Blue","Red","Blue","Blue",19,3,4,7,0,15648,6.8,17420,216,65,1187,285,20,4,2,2,0,14461,6.6,17135,215,60,0,-1,-1,2,5,1,5,0.2
"5362","Blue","Blue","Neither","Red",13,3,6,6,0,16279,7,18734,226,56,-1753,-1095,16,5,10,6,0,18032,7,19829,253,52,0,-3,-2,-4,0,-27,4,0
"5363","Blue","Neither","Neither","Red",21,4,7,9,0,17251,7,19522,225,60,-172,1613,18,3,7,9,0,17423,6.8,17909,224,48,0,3,1,0,0,1,12,0.2
"5364","Blue","Blue","Neither","Blue",16,3,6,6,0,17330,7.2,18821,226,63,777,1580,15,1,7,13,0,16553,6.8,17241,195,44,0,1,2,-1,-7,31,19,0.4
"5365","Blue","Blue","Neither","Blue",15,2,11,13,0,17655,7.2,18905,208,44,1906,1369,13,0,3,3,0,15749,7,17536,221,57,0,2,2,8,10,-13,-13,0.2
"5366","Blue","Neither","Neither","Red",16,6,8,10,0,17258,6.8,17683,216,52,2310,1946,20,0,5,5,0,14948,6.6,15737,176,40,0,-4,6,3,5,40,12,0.2
"5367","Red","Red","Red","Red",20,1,3,0,0,13729,6.2,14661,180,36,-1213,-276,16,1,5,10,0,14942,6.4,14937,161,48,0,4,0,-2,-10,19,-12,-0.2
"5368","Blue","Red","Blue","Red",11,3,10,8,0,18555,7.4,20361,246,52,2488,2722,14,3,6,6,0,16067,6.8,17639,185,67,0,-3,0,4,2,61,-15,0.600000000000001
"5369","Blue","Neither","Blue","Red",14,4,9,5,0,17025,7.4,19492,214,52,1399,2616,37,3,6,5,0,15626,6.6,16876,181,45,0,-23,1,3,0,33,7,0.800000000000001
"5370","Blue","Red","Neither","Red",17,2,6,9,0,17528,6.8,18106,216,55,1376,1018,16,3,6,5,0,16152,6.8,17088,217,38,0,1,-1,0,4,-1,17,0
"5371","Blue","Blue","Red","Blue",39,6,6,5,0,15829,7.2,17888,205,61,265,241,18,2,3,1,0,15564,6.8,17647,204,48,0,21,4,3,4,1,13,0.4
"5372","Red","Red","Blue","Red",22,3,4,6,0,16135,7,18177,234,47,-1782,-1311,17,3,7,8,0,17917,7.2,19488,264,53,0,5,0,-3,-2,-30,-6,-0.2
"5373","Blue","Blue","Neither","Blue",15,2,5,5,0,15781,6.8,17957,221,56,-535,-691,14,4,5,7,0,16316,7,18648,240,54,0,1,-2,0,-2,-19,2,-0.2
"5374","Red","Red","Neither","Blue",17,3,7,8,0,16533,7,17850,198,60,-727,-675,15,1,6,7,0,17260,7,18525,224,60,0,2,2,1,1,-26,0,0
"5375","Blue","Blue","Neither","Blue",15,2,10,9,0,18270,7.4,19486,238,59,3805,3162,12,1,4,4,0,14465,6.6,16324,199,32,0,3,1,6,5,39,27,0.800000000000001
"5376","Blue","Blue","Neither","Blue",13,1,11,10,1,19673,7.6,21261,209,68,5797,4456,13,0,1,0,0,13876,6.8,16805,218,56,1,0,1,10,10,-9,12,0.8
"5377","Blue","Neither","Neither","Blue",11,2,8,8,0,17628,7.2,18793,231,61,3539,2952,123,2,3,4,0,14089,6.4,15841,195,46,0,-112,0,5,4,36,15,0.8
"5378","Blue","Neither","Blue","Red",17,3,7,7,0,16375,6.8,17469,177,51,-3183,-1884,15,5,10,9,1,19558,7.2,19353,236,72,-1,2,-2,-3,-2,-59,-21,-0.4
"5379","Red","Red","Neither","Red",105,2,3,2,0,14533,6.8,17818,198,56,-4033,-1850,14,2,8,9,0,18566,7.2,19668,220,64,0,91,0,-5,-7,-22,-8,-0.4
"5380","Red","Red","Red","Blue",19,2,6,8,0,16067,6.8,17256,190,48,-1176,-671,16,4,7,7,0,17243,7.2,17927,220,47,0,3,-2,-1,1,-30,1,-0.4
"5381","Blue","Blue","Blue","Blue",29,1,3,2,0,14740,6.6,16655,201,44,-1402,-2295,21,2,6,9,0,16142,7,18950,233,51,0,8,-1,-3,-7,-32,-7,-0.4
"5382","Red","Red","Neither","Blue",83,2,5,7,0,16560,7,18547,225,50,761,830,38,3,5,8,0,15799,6.8,17717,225,47,0,45,-1,0,-1,0,3,0.2
"5383","Red","Red","Neither","Blue",15,0,7,8,0,16979,6.8,17700,228,34,1038,454,10,3,8,4,0,15941,6.8,17246,174,56,0,5,-3,-1,4,54,-22,0
"5384","Red","Red","Neither","Red",16,3,3,5,0,14081,6.4,15129,207,30,-6402,-4189,17,8,16,22,0,20483,7.2,19318,233,47,0,-1,-5,-13,-17,-26,-17,-0.8
"5385","Red","Red","Neither","Red",20,22,3,7,0,13511,5.8,14048,164,39,-5427,-4559,40,3,11,14,0,18938,7.2,18607,239,57,0,-20,19,-8,-7,-75,-18,-1.4
"5386","Red","Neither","Neither","Blue",45,18,8,11,0,17951,6.8,17922,226,39,-194,431,47,4,9,12,0,18145,6.8,17491,227,48,0,-2,14,-1,-1,-1,-9,0
"5387","Blue","Red","Neither","Red",21,2,3,1,0,14202,6.8,16773,212,37,-2263,-1397,14,6,4,4,0,16465,6.8,18170,240,60,0,7,-4,-1,-3,-28,-23,0
"5388","Red","Neither","Blue","Red",22,2,12,10,0,18291,6.8,17873,208,56,1693,1979,12,2,9,11,0,16598,6.4,15894,180,47,0,10,0,3,-1,28,9,0.399999999999999
"5389","Red","Red","Blue","Red",16,7,4,5,0,15599,6.4,16288,219,45,-2231,-857,20,6,9,16,0,17830,6.8,17145,214,44,0,-4,1,-5,-11,5,1,-0.399999999999999
"5390","Blue","Blue","Neither","Blue",16,2,11,7,0,18265,7.6,20351,237,52,3362,3874,44,2,4,2,0,14903,6.6,16477,187,50,0,-28,0,7,5,50,2,1
"5391","Blue","Red","Blue","Red",25,2,11,10,1,18888,7,18915,204,44,2840,1792,17,1,5,8,0,16048,6.8,17123,205,52,1,8,1,6,2,-1,-8,0.2
"5392","Red","Red","Neither","Red",15,3,7,7,0,16422,6.8,17598,206,46,-2606,-3164,41,3,9,8,0,19028,7.6,20762,243,75,0,-26,0,-2,-1,-37,-29,-0.8
"5393","Blue","Neither","Neither","Red",15,4,9,11,0,18090,7.2,18642,216,58,1884,1452,169,1,7,8,0,16206,7,17190,190,41,0,-154,3,2,3,26,17,0.2
"5394","Blue","Blue","Neither","Blue",15,2,6,3,0,17602,7.4,19787,251,73,2849,1925,39,3,3,3,0,14753,6.8,17862,196,54,0,-24,-1,3,0,55,19,0.600000000000001
"5395","Blue","Neither","Neither","Red",18,3,3,4,0,13991,6.4,16073,203,21,-3756,-3280,48,8,7,4,0,17747,7.2,19353,256,53,0,-30,-5,-4,0,-53,-32,-0.8
"5396","Blue","Blue","Red","Red",16,4,11,7,0,17389,7.2,18459,221,52,2577,2588,18,2,2,2,0,14812,6.6,15871,218,53,0,-2,2,9,5,3,-1,0.600000000000001
"5397","Blue","Blue","Neither","Red",12,3,4,3,0,15586,7,18599,229,52,-1777,52,24,0,7,7,0,17363,7.2,18547,244,49,0,-12,3,-3,-4,-15,3,-0.2
"5398","Red","Red","Blue","Red",36,5,2,2,0,15279,7,18355,236,59,-1526,-1082,14,6,7,10,0,16805,7.4,19437,236,40,0,22,-1,-5,-8,0,19,-0.4
"5399","Blue","Blue","Neither","Blue",18,2,9,7,0,17016,7.2,18560,210,60,338,-232,12,2,6,7,0,16678,7,18792,212,56,0,6,0,3,0,-2,4,0.2
"5400","Blue","Neither","Neither","Red",17,2,4,5,0,16171,7,18471,240,57,-758,920,12,1,7,8,0,16929,6.8,17551,208,57,0,5,1,-3,-3,32,0,0.2
"5401","Blue","Blue","Red","Blue",17,5,9,12,1,19127,7.2,19350,253,56,5062,1996,14,2,1,1,0,14065,6.6,17354,215,56,1,3,3,8,11,38,0,0.600000000000001
"5402","Red","Blue","Blue","Blue",18,6,11,10,0,17962,7,17698,191,48,3367,1963,19,2,5,6,0,14595,6.4,15735,185,24,0,-1,4,6,4,6,24,0.6
"5403","Red","Blue","Neither","Red",12,2,3,4,0,14580,6.6,16446,203,55,-4591,-1620,14,1,8,6,1,19171,6.8,18066,241,45,-1,-2,1,-5,-2,-38,10,-0.2
"5404","Red","Red","Blue","Blue",81,0,3,3,0,15716,7.2,19033,251,56,121,264,15,2,2,1,0,15595,7,18769,255,76,0,66,-2,1,2,-4,-20,0.2
"5405","Red","Neither","Red","Red",16,3,2,1,0,13962,6.8,16214,215,28,-1635,-1467,17,3,6,3,0,15597,7,17681,193,50,0,-1,0,-4,-2,22,-22,-0.2
"5406","Blue","Blue","Neither","Blue",14,2,9,11,0,18519,7.2,18891,260,49,4756,3562,16,2,3,3,0,13763,6.4,15329,196,24,0,-2,0,6,8,64,25,0.8
"5407","Blue","Blue","Blue","Blue",21,4,10,12,0,18557,7.2,19603,235,47,3848,2704,16,4,3,3,0,14709,6.6,16899,200,40,0,5,0,7,9,35,7,0.600000000000001
"5408","Blue","Red","Neither","Blue",17,3,6,6,0,16793,7,19426,233,62,463,275,16,4,5,7,0,16330,7.4,19151,224,62,0,1,-1,1,-1,9,0,-0.4
"5409","Red","Red","Blue","Red",16,4,10,8,0,19169,7.4,19642,235,48,3305,2586,17,1,5,6,0,15864,7,17056,215,44,0,-1,3,5,2,20,4,0.4
"5410","Blue","Blue","Neither","Blue",13,4,12,15,0,19933,7.2,18730,219,60,2473,565,17,1,7,8,0,17460,7,18165,200,39,0,-4,3,5,7,19,21,0.2
"5411","Red","Blue","Neither","Red",17,1,4,5,0,16391,7.2,18597,233,60,153,713,14,3,5,8,0,16238,7,17884,236,45,0,3,-2,-1,-3,-3,15,0.2
"5412","Blue","Blue","Neither","Blue",55,2,7,12,0,17340,7.2,19234,229,52,3125,1784,16,1,2,2,0,14215,6.8,17450,219,50,0,39,1,5,10,10,2,0.4
"5413","Blue","Red","Red","Blue",31,2,12,16,0,19861,7.2,18934,220,43,2352,133,14,3,11,12,0,17509,7.2,18801,183,48,0,17,-1,1,4,37,-5,0
"5414","Red","Blue","Blue","Red",10,3,4,3,0,16273,7.2,18638,246,71,-454,23,37,1,9,6,0,16727,7.2,18615,204,43,0,-27,2,-5,-3,42,28,0
"5415","Red","Red","Blue","Red",17,2,5,6,0,15595,6.8,17384,206,45,-1840,-2402,42,6,7,11,0,17435,7.4,19786,242,50,0,-25,-4,-2,-5,-36,-5,-0.600000000000001
"5416","Red","Blue","Blue","Blue",17,3,8,10,0,17429,7,17332,209,51,900,-802,21,4,7,6,0,16529,7,18134,217,36,0,-4,-1,1,4,-8,15,0
"5417","Red","Red","Red","Blue",18,4,5,7,0,16524,7,18962,245,59,96,-21,22,2,5,6,0,16428,7,18983,257,56,0,-4,2,0,1,-12,3,0
"5418","Red","Neither","Red","Red",16,4,4,5,0,15293,6.6,16350,226,46,-2004,-1407,18,4,9,12,0,17297,6.8,17757,227,39,0,-2,0,-5,-7,-1,7,-0.2
"5419","Red","Red","Neither","Red",16,4,3,3,0,13988,6.2,15917,174,44,-2761,-2185,22,5,5,11,0,16749,7,18102,242,43,0,-6,-1,-2,-8,-68,1,-0.8
"5420","Blue","Blue","Neither","Blue",17,0,4,2,0,15557,6.8,17180,234,53,-633,-1323,14,1,5,6,0,16190,7,18503,206,54,0,3,-1,-1,-4,28,-1,-0.2
"5421","Red","Red","Red","Red",14,7,3,4,0,15227,7,17701,231,59,-1558,-1782,20,3,6,6,0,16785,7,19483,244,44,0,-6,4,-3,-2,-13,15,0
"5422","Red","Blue","Neither","Blue",14,3,8,8,0,16378,6.8,16837,178,44,393,-1055,16,2,3,3,0,15985,6.8,17892,227,56,0,-2,1,5,5,-49,-12,0
"5423","Red","Blue","Neither","Red",17,4,7,6,0,16007,7,17830,204,47,-873,308,17,3,8,7,0,16880,6.8,17522,215,44,0,0,1,-1,-1,-11,3,0.2
"5424","Blue","Blue","Blue","Blue",19,4,8,11,0,17937,7,18340,227,65,1063,553,17,4,7,7,0,16874,7.2,17787,226,48,0,2,0,1,4,1,17,-0.2
"5425","Red","Red","Neither","Red",18,1,0,0,0,13537,6.2,15367,208,52,-3752,-3349,16,2,8,10,0,17289,7.4,18716,242,40,0,2,-1,-8,-10,-34,12,-1.2
"5426","Red","Blue","Neither","Blue",16,5,9,5,0,17907,7.2,19438,231,49,1550,2512,46,4,7,10,0,16357,6.6,16926,192,40,0,-30,1,2,-5,39,9,0.600000000000001
"5427","Red","Red","Neither","Blue",13,4,6,7,0,16053,6.8,18228,216,48,611,381,20,1,5,5,0,15442,6.8,17847,208,46,0,-7,3,1,2,8,2,0
"5428","Blue","Red","Neither","Red",43,4,5,4,0,16616,7.4,19302,240,64,-616,728,16,5,8,9,0,17232,7.2,18574,234,48,0,27,-1,-3,-5,6,16,0.2
"5429","Blue","Blue","Blue","Red",16,3,8,12,0,16367,6.6,16065,202,40,151,1281,14,5,8,18,0,16216,6.2,14784,201,8,0,2,-2,0,-6,1,32,0.399999999999999
"5430","Blue","Red","Neither","Blue",14,1,9,11,0,17494,7,18057,205,56,1518,-5,13,0,4,5,0,15976,7,18062,199,72,0,1,1,5,6,6,-16,0
"5431","Blue","Blue","Blue","Blue",82,4,9,10,0,17704,7.2,19789,200,52,1241,2416,18,2,5,6,0,16463,6.8,17373,230,52,0,64,2,4,4,-30,0,0.4
"5432","Blue","Neither","Neither","Blue",14,0,10,8,0,17817,6.8,17747,188,40,780,74,12,3,9,7,0,17037,7,17673,212,44,0,2,-3,1,1,-24,-4,-0.2
"5433","Blue","Red","Neither","Blue",16,1,12,15,0,17940,6.8,16927,162,41,-2725,-3568,16,3,13,15,0,20665,7.6,20495,252,48,0,0,-2,-1,0,-90,-7,-0.8
"5434","Red","Red","Blue","Blue",15,1,6,8,0,16988,6.8,18153,223,45,37,-905,20,2,6,5,0,16951,7.4,19058,216,59,0,-5,-1,0,3,7,-14,-0.600000000000001
"5435","Blue","Blue","Neither","Red",17,2,9,8,0,17661,6.6,17077,233,40,815,590,17,3,7,10,0,16846,6.8,16487,191,38,0,0,-1,2,-2,42,2,-0.2
"5436","Blue","Red","Red","Red",15,5,4,4,0,15755,7.2,19845,225,64,951,2193,17,2,3,2,0,14804,7,17652,197,48,0,-2,3,1,2,28,16,0.2
"5437","Red","Neither","Red","Red",12,2,6,6,0,15392,6.4,16156,175,45,-4885,-3111,16,3,15,17,0,20277,7.4,19267,233,46,0,-4,-1,-9,-11,-58,-1,-1
"5438","Red","Red","Neither","Red",19,2,2,3,0,13925,6.6,16354,198,43,-4527,-3126,17,4,8,8,0,18452,7.2,19480,229,55,0,2,-2,-6,-5,-31,-12,-0.600000000000001
"5439","Blue","Blue","Neither","Blue",15,1,5,2,0,16421,7,18152,241,48,1239,-1051,42,1,3,2,0,15182,7.2,19203,219,73,0,-27,0,2,0,22,-25,-0.2
"5440","Blue","Blue","Red","Blue",15,3,2,2,0,14535,6.4,16699,234,35,-988,-1427,16,1,3,4,0,15523,7,18126,241,48,0,-1,2,-1,-2,-7,-13,-0.6
"5441","Blue","Red","Blue","Blue",16,1,7,6,0,17082,7,18373,221,40,2216,1580,13,2,2,3,0,14866,6.6,16793,208,64,0,3,-1,5,3,13,-24,0.4
"5442","Red","Blue","Blue","Blue",11,1,4,4,0,15711,6.6,17255,208,59,-101,-1320,11,1,5,6,0,15812,7.2,18575,210,65,0,0,0,-1,-2,-2,-6,-0.600000000000001
"5443","Blue","Red","Blue","Blue",14,4,4,3,0,16087,7.2,19195,224,66,225,824,164,2,4,5,0,15862,7,18371,208,68,0,-150,2,0,-2,16,-2,0.2
"5444","Red","Red","Neither","Red",18,8,0,0,0,13358,6.2,15566,199,59,-4737,-3600,17,6,7,7,0,18095,7.2,19166,253,58,0,1,2,-7,-7,-54,1,-1
"5445","Blue","Blue","Neither","Blue",18,2,11,9,0,18438,7.2,18924,212,60,3742,3229,17,2,4,6,0,14696,6.2,15695,184,56,0,1,0,7,3,28,4,1
"5446","Red","Blue","Neither","Blue",16,3,2,2,0,14485,6.8,17287,220,63,-1866,-1885,13,1,5,4,0,16351,7.4,19172,253,56,0,3,2,-3,-2,-33,7,-0.600000000000001
"5447","Blue","Blue","Neither","Blue",18,5,5,3,0,16222,7,18746,241,60,1997,1560,42,4,1,0,0,14225,7,17186,234,48,0,-24,1,4,3,7,12,0
"5448","Red","Neither","Neither","Blue",15,2,2,1,0,14624,6.8,17333,225,44,-2794,-2624,39,5,7,13,0,17418,7.4,19957,231,60,0,-24,-3,-5,-12,-6,-16,-0.600000000000001
"5449","Blue","Blue","Neither","Blue",13,3,11,18,0,17568,6.6,16755,206,46,1236,1018,16,0,8,9,0,16332,6.4,15737,183,45,0,-3,3,3,9,23,1,0.199999999999999
"5450","Red","Blue","Red","Blue",17,1,2,2,0,15198,6.8,17316,235,47,-13,-1792,16,4,4,3,0,15211,7,19108,207,39,0,1,-3,-2,-1,28,8,-0.2
"5451","Blue","Neither","Neither","Blue",16,5,4,4,0,16313,6.8,17824,240,47,1128,498,28,3,3,5,0,15185,6.8,17326,220,41,0,-12,2,1,-1,20,6,0
"5452","Red","Red","Neither","Blue",123,2,5,6,0,16560,7.2,19116,235,57,-529,-54,65,1,7,8,0,17089,7,19170,223,63,0,58,1,-2,-2,12,-6,0.2
"5453","Red","Red","Neither","Red",29,0,5,6,0,15693,6.8,17777,210,51,-486,-137,35,1,6,5,0,16179,7,17914,216,52,0,-6,-1,-1,1,-6,-1,-0.2
"5454","Blue","Neither","Red","Blue",18,3,8,7,0,16403,7,18111,218,33,-1445,-736,56,7,10,9,0,17848,7,18847,210,54,0,-38,-4,-2,-2,8,-21,0
"5455","Red","Red","Neither","Red",15,2,0,0,0,13720,6.6,16815,230,52,-2727,-4122,38,2,4,1,0,16447,7.6,20937,263,69,0,-23,0,-4,-1,-33,-17,-1
"5456","Red","Blue","Neither","Blue",16,0,7,10,0,16599,6.6,16723,201,40,1036,-663,9,3,4,1,0,15563,6.8,17386,251,52,0,7,-3,3,9,-50,-12,-0.2
"5457","Red","Neither","Neither","Red",18,2,5,5,0,15364,6.8,17090,198,48,-799,-588,14,3,5,6,0,16163,6.8,17678,242,44,0,4,-1,0,-1,-44,4,0
"5458","Red","Red","Red","Red",15,1,6,7,0,14978,6.6,16243,147,40,-4413,-1993,20,4,10,16,1,19391,7,18236,237,55,-1,-5,-3,-4,-9,-90,-15,-0.4
"5459","Red","Red","Blue","Blue",105,1,6,4,0,16970,6.8,17984,236,56,-153,79,13,4,6,9,0,17123,7,17905,223,55,0,92,-3,0,-5,13,1,-0.2
"5460","Red","Neither","Neither","Red",22,4,6,7,0,16851,6.8,17931,201,48,-2286,-976,68,3,12,15,0,19137,7,18907,199,52,0,-46,1,-6,-8,2,-4,-0.2
"5461","Red","Red","Neither","Red",16,3,4,3,0,14893,6.8,17322,203,48,-1002,-378,16,2,5,4,0,15895,6.8,17700,233,48,0,0,1,-1,-1,-30,0,0
"5462","Blue","Blue","Blue","Blue",18,2,18,16,0,21893,7.6,21511,243,56,7125,3657,9,2,6,0,0,14768,7.2,17854,176,42,0,9,0,12,16,67,14,0.399999999999999
"5463","Blue","Blue","Neither","Red",17,5,5,8,0,15574,6.8,17788,230,45,840,196,14,2,3,1,0,14734,7,17592,203,59,0,3,3,2,7,27,-14,-0.2
"5464","Blue","Red","Blue","Red",12,1,6,7,1,18155,7,19429,231,65,468,558,12,3,8,11,0,17687,7,18871,194,56,1,0,-2,-2,-4,37,9,0
"5465","Blue","Blue","Neither","Red",18,1,8,8,0,16469,7,18105,192,46,248,582,15,2,5,10,0,16221,6.6,17523,225,52,0,3,-1,3,-2,-33,-6,0.4
"5466","Red","Red","Red","Red",15,3,1,2,0,13983,6.4,15892,214,53,-3832,-3324,15,3,5,4,1,17815,7,19216,276,47,-1,0,0,-4,-2,-62,6,-0.6
"5467","Blue","Blue","Neither","Blue",14,2,14,19,1,22472,7.6,20870,251,54,8284,4654,15,2,3,5,0,14188,6.6,16216,202,34,1,-1,0,11,14,49,20,1
"5468","Blue","Red","Neither","Blue",13,14,6,3,0,16807,7.4,19637,222,57,1295,1167,62,2,2,2,0,15512,7.2,18470,237,60,0,-49,12,4,1,-15,-3,0.2
"5469","Blue","Blue","Red","Red",12,2,5,4,0,14996,6.4,15901,188,44,-3331,-3464,15,3,9,11,0,18327,7.2,19365,218,63,0,-3,-1,-4,-7,-30,-19,-0.8
"5470","Blue","Blue","Blue","Red",24,4,7,8,0,17477,6.8,18070,186,62,1049,811,15,4,5,4,0,16428,6.6,17259,228,41,0,9,0,2,4,-42,21,0.2
"5471","Red","Blue","Neither","Blue",12,2,7,5,0,15810,6.6,16837,193,48,-1305,-2023,12,0,8,5,1,17115,7.2,18860,189,62,-1,0,2,-1,0,4,-14,-0.600000000000001
"5472","Red","Red","Red","Red",20,3,3,5,0,13980,6.2,15030,193,44,-3739,-3541,39,1,8,9,0,17719,7.2,18571,246,48,0,-19,2,-5,-4,-53,-4,-1
"5473","Blue","Blue","Blue","Blue",17,2,5,7,0,15726,7,17245,203,56,-252,77,15,2,5,9,0,15978,6.6,17168,212,48,0,2,0,0,-2,-9,8,0.4
"5474","Red","Red","Neither","Red",16,1,5,3,0,15153,7.2,18629,191,51,-809,411,15,1,5,5,0,15962,7,18218,216,44,0,1,0,0,-2,-25,7,0.2
"5475","Red","Red","Neither","Blue",14,3,2,2,0,14695,6.8,17431,228,56,-2062,-1466,13,3,5,6,0,16757,7,18897,246,58,0,1,0,-3,-4,-18,-2,-0.2
"5476","Red","Blue","Neither","Red",15,2,7,8,0,16106,7,18323,207,52,-84,570,106,1,7,4,0,16190,7,17753,207,49,0,-91,1,0,4,0,3,0
"5477","Blue","Red","Neither","Blue",14,2,6,6,0,16493,7.2,18450,231,46,628,-243,17,3,4,6,0,15865,7,18693,212,67,0,-3,-1,2,0,19,-21,0.2
"5478","Blue","Red","Neither","Red",14,2,9,13,0,17099,7.2,19592,225,48,1344,2079,16,1,5,2,0,15755,6.8,17513,238,48,0,-2,1,4,11,-13,0,0.4
"5479","Red","Blue","Red","Red",20,5,4,3,0,15211,6.8,17951,225,56,-3848,-2091,16,2,9,14,0,19059,7.2,20042,238,68,0,4,3,-5,-11,-13,-12,-0.4
"5480","Red","Blue","Neither","Blue",16,2,6,7,0,16643,7,18300,215,51,1515,590,25,2,4,4,0,15128,6.8,17710,207,56,0,-9,0,2,3,8,-5,0.2
"5481","Red","Neither","Neither","Red",18,3,7,4,0,16581,7,18360,198,54,462,1726,12,2,7,8,0,16119,6.6,16634,200,47,0,6,1,0,-4,-2,7,0.4
"5482","Blue","Blue","Neither","Blue",20,15,10,16,0,17953,7,18823,190,60,1058,1196,48,1,7,9,0,16895,6.6,17627,206,47,0,-28,14,3,7,-16,13,0.4
"5483","Red","Red","Neither","Blue",13,1,6,4,0,16112,6.8,17371,197,50,-554,-483,17,3,8,10,0,16666,7,17854,206,41,0,-4,-2,-2,-6,-9,9,-0.2
"5484","Blue","Neither","Neither","Blue",14,0,5,4,0,15637,6.6,16107,201,50,-460,-842,19,1,7,9,0,16097,6.8,16949,218,31,0,-5,-1,-2,-5,-17,19,-0.2
"5485","Red","Red","Neither","Blue",15,2,5,4,0,15977,6.8,18136,206,71,-1130,-347,15,2,7,8,0,17107,7.2,18483,230,56,0,0,0,-2,-4,-24,15,-0.4
"5486","Red","Neither","Blue","Red",13,2,2,2,0,13932,6,14927,197,40,-3919,-3135,49,2,9,16,0,17851,7,18062,205,55,0,-36,0,-7,-14,-8,-15,-1
"5487","Blue","Red","Neither","Red",42,5,6,10,0,16206,6.8,17669,221,49,-677,-67,18,8,6,10,0,16883,6.8,17736,245,45,0,24,-3,0,0,-24,4,0
"5488","Red","Neither","Neither","Blue",16,0,5,7,0,16163,6.8,16772,190,52,-819,-1926,48,6,9,8,0,16982,7,18698,225,50,0,-32,-6,-4,-1,-35,2,-0.2
"5489","Blue","Blue","Neither","Red",18,4,5,3,0,15296,6.8,16908,187,56,733,810,24,4,4,1,0,14563,6.2,16098,204,32,0,-6,0,1,2,-17,24,0.6
"5490","Blue","Red","Neither","Red",60,8,5,9,0,15966,7,18157,209,47,-847,-267,55,3,8,8,0,16813,7.2,18424,203,60,0,5,5,-3,1,6,-13,-0.2
"5491","Red","Red","Neither","Blue",9,2,4,0,0,15555,7.4,19704,214,70,737,1094,38,0,2,2,0,14818,7.2,18610,235,51,0,-29,2,2,-2,-21,19,0.2
"5492","Blue","Blue","Neither","Red",17,3,4,5,0,16041,7,18214,233,44,1891,603,39,2,1,1,0,14150,7,17611,214,47,0,-22,1,3,4,19,-3,0
"5493","Red","Red","Neither","Red",23,5,5,7,0,15239,6.6,16561,194,50,-3130,-2448,19,3,9,13,0,18369,7.2,19009,236,44,0,4,2,-4,-6,-42,6,-0.600000000000001
"5494","Blue","Blue","Neither","Blue",8,1,9,11,0,17049,6.8,17343,180,49,147,-1425,13,1,8,8,0,16902,7.2,18768,193,63,0,-5,0,1,3,-13,-14,-0.4
"5495","Blue","Blue","Neither","Blue",70,3,9,9,0,17492,6.8,18028,219,40,687,563,13,2,5,7,0,16805,7,17465,224,58,0,57,1,4,2,-5,-18,-0.2
"5496","Red","Red","Neither","Red",89,3,2,2,0,14370,6.4,16473,228,48,-3180,-3196,16,3,8,8,0,17550,7.6,19669,211,53,0,73,0,-6,-6,17,-5,-1.2
"5497","Red","Red","Red","Red",22,7,7,9,0,17543,7.2,18967,246,48,-144,-867,53,5,8,10,0,17687,7.4,19834,225,64,0,-31,2,-1,-1,21,-16,-0.2
"5498","Red","Blue","Red","Red",36,3,2,4,0,13570,6.6,15970,195,41,-6374,-4421,16,2,9,8,1,19944,7.8,20391,262,56,-1,20,1,-7,-4,-67,-15,-1.2
"5499","Red","Red","Red","Blue",15,5,5,5,0,15948,6.8,17169,222,54,-947,-1040,23,3,6,10,0,16895,6.8,18209,248,51,0,-8,2,-1,-5,-26,3,0
"5500","Blue","Neither","Neither","Red",14,1,3,6,0,14339,6,15064,197,32,-3074,-2611,14,4,6,10,0,17413,6.8,17675,233,49,0,0,-3,-3,-4,-36,-17,-0.8
"5501","Blue","Blue","Neither","Blue",18,2,16,12,0,20084,6.8,17621,175,46,2098,1150,17,1,10,10,0,17986,6.8,16471,182,37,0,1,1,6,2,-7,9,0
"5502","Blue","Red","Neither","Red",16,3,4,5,0,15375,6.8,17114,200,56,-1270,-2363,17,0,5,1,0,16645,7.2,19477,273,60,0,-1,3,-1,4,-73,-4,-0.4
"5503","Blue","Red","Neither","Red",17,1,3,5,0,14313,6.2,15407,194,52,-2089,-2275,18,6,5,7,0,16402,6.8,17682,243,48,0,-1,-5,-2,-2,-49,4,-0.6
"5504","Blue","Neither","Neither","Blue",15,3,9,8,0,17786,7,19149,233,52,3404,2513,16,2,1,1,0,14382,6.6,16636,206,51,0,-1,1,8,7,27,1,0.4
"5505","Blue","Red","Blue","Blue",18,3,4,4,0,16657,7,18154,210,58,-206,-1476,17,6,8,0,0,16863,7.2,19630,248,52,0,1,-3,-4,4,-38,6,-0.2
"5506","Blue","Blue","Blue","Blue",12,3,6,5,0,15994,6.8,18356,235,43,1396,2369,12,0,4,4,0,14598,6.6,15987,166,56,0,0,3,2,1,69,-13,0.2
"5507","Red","Red","Neither","Blue",16,1,5,5,0,14352,6.4,15070,153,44,-2475,-3608,117,3,7,8,0,16827,7,18678,227,52,0,-101,-2,-2,-3,-74,-8,-0.6
"5508","Blue","Red","Neither","Red",14,0,5,6,0,15589,7,17960,203,43,-2111,-1385,17,1,8,5,0,17700,7.2,19345,262,68,0,-3,-1,-3,1,-59,-25,-0.2
"5509","Red","Red","Neither","Red",21,3,8,10,0,17544,7.2,18246,213,53,-375,-547,20,5,8,9,0,17919,7,18793,230,62,0,1,-2,0,1,-17,-9,0.2
"5510","Red","Blue","Neither","Blue",94,3,6,9,0,16447,6.6,16299,208,48,-1942,-2662,14,5,9,14,0,18389,7,18961,239,52,0,80,-2,-3,-5,-31,-4,-0.4
"5511","Blue","Blue","Neither","Red",25,7,4,4,0,15883,6.8,17317,235,53,-426,-323,17,4,6,6,0,16309,7,17640,238,42,0,8,3,-2,-2,-3,11,-0.2
"5512","Red","Blue","Neither","Red",19,3,6,12,0,15693,6.6,16140,177,36,-2794,-2688,16,2,10,17,0,18487,7.2,18828,237,57,0,3,1,-4,-5,-60,-21,-0.600000000000001
"5513","Red","Red","Neither","Blue",11,0,3,1,0,13737,6.2,15314,174,36,-7218,-5853,13,1,13,12,0,20955,7.6,21167,250,61,0,-2,-1,-10,-11,-76,-25,-1.4
"5514","Red","Red","Red","Blue",12,5,7,5,0,17019,7.2,19372,236,46,1175,963,18,4,3,3,0,15844,6.8,18409,231,69,0,-6,1,4,2,5,-23,0.4
"5515","Red","Red","Neither","Blue",11,4,3,3,0,15029,7,17571,230,40,-1420,-1415,103,1,5,5,0,16449,7,18986,222,56,0,-92,3,-2,-2,8,-16,0
"5516","Red","Red","Neither","Blue",14,3,6,6,0,16643,7,18042,232,47,-265,-872,15,1,7,9,0,16908,7.2,18914,222,60,0,-1,2,-1,-3,10,-13,-0.2
"5517","Blue","Red","Neither","Blue",19,3,4,4,0,15198,6.4,16245,226,37,-797,-532,19,3,9,10,0,15995,6.6,16777,180,46,0,0,0,-5,-6,46,-9,-0.199999999999999
"5518","Blue","Blue","Red","Red",69,3,10,19,0,18625,7,18540,231,39,3201,2000,14,3,5,5,0,15424,6.8,16540,191,60,0,55,0,5,14,40,-21,0.2
"5519","Red","Red","Neither","Blue",15,4,6,2,0,15030,6.4,16763,204,36,-632,675,17,4,7,8,0,15662,6.4,16088,192,45,0,-2,0,-1,-6,12,-9,0
"5520","Blue","Red","Neither","Blue",18,5,8,4,0,18347,7.4,19605,251,59,2493,1826,15,4,3,2,0,15854,7,17779,233,44,0,3,1,5,2,18,15,0.4
"5521","Blue","Red","Blue","Red",17,1,9,4,0,18458,7.4,20320,270,51,3158,2594,14,2,4,6,0,15300,6.8,17726,202,60,0,3,-1,5,-2,68,-9,0.600000000000001
"5522","Red","Red","Red","Red",17,0,7,8,0,16228,6.6,16832,191,44,-1127,-1496,35,1,8,6,0,17355,7,18328,204,53,0,-18,-1,-1,2,-13,-9,-0.4
"5523","Red","Neither","Neither","Blue",11,5,9,5,0,16880,7,17998,195,39,-296,872,49,3,7,7,0,17176,6.8,17126,246,28,0,-38,2,2,-2,-51,11,0.2
"5524","Blue","Red","Neither","Red",38,4,0,0,0,14144,6.6,16975,228,60,-1473,-29,18,3,4,6,0,15617,6.6,17004,228,49,0,20,1,-4,-6,0,11,0
"5525","Red","Red","Neither","Blue",18,4,6,3,0,16056,7,17480,198,46,810,98,58,5,5,3,0,15246,6.8,17382,192,58,0,-40,-1,1,0,6,-12,0.2
"5526","Blue","Red","Red","Red",43,0,7,5,0,17444,7.2,18454,197,56,-180,-102,17,1,10,12,0,17624,7,18556,204,52,0,26,-1,-3,-7,-7,4,0.2
"5527","Blue","Red","Neither","Red",15,3,2,3,0,14716,6.8,17855,219,56,-839,63,15,4,4,5,0,15555,7,17792,215,56,0,0,-1,-2,-2,4,0,-0.2
"5528","Blue","Red","Blue","Red",16,8,6,4,0,16443,7.4,19348,261,51,1030,914,42,5,3,5,0,15413,7,18434,235,47,0,-26,3,3,-1,26,4,0.4
"5529","Blue","Blue","Neither","Red",17,4,3,1,0,14507,6.6,17455,207,69,-885,180,17,4,4,4,0,15392,6.8,17275,206,51,0,0,0,-1,-3,1,18,-0.2
"5530","Red","Blue","Red","Blue",17,3,12,18,0,17974,6.2,15423,182,34,186,-741,14,3,10,9,0,17788,6.4,16164,188,40,0,3,0,2,9,-6,-6,-0.2
"5531","Red","Red","Red","Red",16,2,3,4,0,15279,6.8,17220,206,67,-3702,-1251,17,3,9,14,1,18981,7,18471,237,52,-1,-1,-1,-6,-10,-31,15,-0.2
"5532","Blue","Red","Blue","Blue",15,5,8,7,0,18837,7.6,20066,246,48,3479,2657,54,4,4,6,0,15358,6.8,17409,222,55,0,-39,1,4,1,24,-7,0.8
"5533","Red","Red","Red","Blue",11,1,3,3,0,14291,6.4,15475,212,48,-4991,-3526,17,0,9,13,1,19282,7.2,19001,216,53,-1,-6,1,-6,-10,-4,-5,-0.8
"5534","Red","Blue","Neither","Blue",11,1,6,2,0,15290,6.8,16843,195,55,-2543,-538,88,0,9,8,0,17833,6.6,17381,215,34,0,-77,1,-3,-6,-20,21,0.2
"5535","Blue","Neither","Neither","Blue",34,3,10,9,0,17687,7.2,19488,197,67,1729,2306,18,0,6,5,0,15958,6.8,17182,194,48,0,16,3,4,4,3,19,0.4
"5536","Red","Red","Neither","Blue",14,4,5,6,0,15742,6.8,17327,228,36,-1964,-3104,19,2,7,6,0,17706,7.6,20431,241,76,0,-5,2,-2,0,-13,-40,-0.8
"5537","Red","Blue","Neither","Red",13,1,1,1,0,13942,7,17704,219,52,-1231,-908,14,3,3,1,0,15173,7,18612,248,56,0,-1,-2,-2,0,-29,-4,0
"5538","Red","Neither","Neither","Red",24,2,5,5,0,16452,7,17916,220,59,-445,141,16,5,6,5,0,16897,7,17775,212,56,0,8,-3,-1,0,8,3,0
"5539","Red","Blue","Neither","Red",35,0,5,3,0,16123,7,18987,235,52,857,961,13,2,4,5,0,15266,7,18026,202,55,0,22,-2,1,-2,33,-3,0
"5540","Red","Neither","Neither","Blue",16,3,3,4,0,14725,6.6,16460,200,38,-2959,-2726,19,3,9,9,0,17684,7,19186,213,48,0,-3,0,-6,-5,-13,-10,-0.4
"5541","Red","Neither","Neither","Blue",38,2,10,10,0,17151,6.8,17562,149,48,-1593,-1157,16,3,11,9,0,18744,7.2,18719,212,37,0,22,-1,-1,1,-63,11,-0.4
"5542","Red","Red","Neither","Red",35,3,2,1,0,14616,7,18564,242,48,-1441,55,14,2,5,7,0,16057,6.8,18509,207,67,0,21,1,-3,-6,35,-19,0.2
"5543","Blue","Blue","Neither","Blue",16,2,5,5,0,15862,6.8,17599,220,56,-292,-440,53,5,4,7,0,16154,7,18039,224,52,0,-37,-3,1,-2,-4,4,-0.2
"5544","Red","Neither","Neither","Red",16,4,14,23,0,19139,6.8,17648,180,28,814,82,19,3,10,14,0,18325,7,17566,203,46,0,-3,1,4,9,-23,-18,-0.2
"5545","Blue","Blue","Red","Red",14,7,6,9,1,18409,6.8,18255,212,60,225,-216,24,3,6,4,2,18184,7,18471,242,60,-1,-10,4,0,5,-30,0,-0.2
"5546","Blue","Neither","Neither","Blue",18,1,9,9,0,18236,6.8,17468,207,63,2481,1470,27,2,7,10,0,15755,6.6,15998,184,35,0,-9,-1,2,-1,23,28,0.2
"5547","Red","Neither","Neither","Blue",36,3,6,9,0,16991,6.8,18186,242,56,1116,1050,17,2,3,5,0,15875,6.8,17136,248,45,0,19,1,3,4,-6,11,0
"5548","Red","Red","Neither","Blue",15,2,2,2,0,14270,6.4,15513,215,39,-3519,-4275,14,3,7,8,0,17789,7.4,19788,241,56,0,1,-1,-5,-6,-26,-17,-1
"5549","Red","Red","Neither","Blue",13,0,11,9,0,17802,7,17107,183,48,1124,1058,15,2,8,10,0,16678,6.8,16049,190,46,0,-2,-2,3,-1,-7,2,0.2
"5550","Blue","Neither","Blue","Blue",14,3,5,7,1,17340,7.2,18431,215,51,2486,2148,104,0,3,3,0,14854,6.6,16283,223,40,1,-90,3,2,4,-8,11,0.600000000000001
"5551","Red","Blue","Blue","Blue",15,3,10,15,0,18959,7.2,19473,244,60,3373,1784,13,2,4,2,0,15586,6.8,17689,221,47,0,2,1,6,13,23,13,0.4
"5552","Red","Neither","Neither","Red",39,4,3,3,0,14809,6.8,17625,232,44,-2595,-1917,16,5,8,10,0,17404,7.2,19542,245,56,0,23,-1,-5,-7,-13,-12,-0.4
"5553","Blue","Neither","Neither","Red",183,2,8,8,0,16900,6.8,17296,168,52,-590,527,10,0,11,10,0,17490,6.4,16769,186,48,0,173,2,-3,-2,-18,4,0.399999999999999
"5554","Blue","Neither","Neither","Blue",18,1,7,6,0,16647,7,18161,214,48,3257,2138,27,2,2,1,0,13390,6.2,16023,197,44,0,-9,-1,5,5,17,4,0.8
"5555","Blue","Red","Blue","Blue",17,4,6,2,0,17149,7,18751,257,57,2610,1716,16,3,3,2,0,14539,6.6,17035,203,49,0,1,1,3,0,54,8,0.4
"5556","Red","Red","Neither","Red",14,3,7,5,0,16855,7.2,18568,221,59,-1297,-856,79,1,9,8,0,18152,7.2,19424,229,51,0,-65,2,-2,-3,-8,8,0
"5557","Blue","Neither","Red","Blue",34,2,10,7,0,17838,7,18262,230,39,-482,668,21,4,10,16,0,18320,6.8,17594,202,40,0,13,-2,0,-9,28,-1,0.2
"5558","Blue","Red","Blue","Blue",14,1,7,5,1,16730,6.8,17556,180,41,-1237,753,13,2,9,10,0,17967,6.8,16803,196,57,1,1,-1,-2,-5,-16,-16,0
"5559","Red","Red","Blue","Red",19,4,8,7,0,16948,6.6,17462,181,44,-5335,-1002,18,3,14,13,2,22283,7,18464,253,34,-2,1,1,-6,-6,-72,10,-0.4
"5560","Blue","Blue","Neither","Blue",15,0,2,4,0,13946,6.6,16402,211,44,-1896,-2216,14,3,4,5,0,15842,7,18618,232,55,0,1,-3,-2,-1,-21,-11,-0.4
"5561","Blue","Red","Neither","Blue",16,2,6,7,0,16144,7,18236,199,49,1594,477,37,2,0,0,0,14550,7,17759,257,60,0,-21,0,6,7,-58,-11,0
"5562","Blue","Red","Neither","Blue",17,8,7,7,0,18248,7.2,19067,231,55,1989,1106,37,2,6,3,0,16259,7,17961,215,55,0,-20,6,1,4,16,0,0.2
"5563","Blue","Neither","Blue","Red",15,3,9,12,0,18710,7.6,20305,210,80,3467,3958,18,1,4,3,0,15243,6.4,16347,193,52,0,-3,2,5,9,17,28,1.2
"5564","Red","Red","Blue","Blue",17,2,2,1,0,14733,6.8,17627,224,52,-2267,-2546,15,3,7,4,0,17000,7.6,20173,244,71,0,2,-1,-5,-3,-20,-19,-0.8
"5565","Red","Neither","Red","Blue",30,5,5,4,0,15386,6.6,16591,188,44,-1739,-826,21,7,7,9,0,17125,6.8,17417,222,48,0,9,-2,-2,-5,-34,-4,-0.2
"5566","Red","Red","Neither","Red",24,3,5,7,0,15812,7,17291,227,40,-950,60,18,7,7,7,0,16762,6.8,17231,233,51,0,6,-4,-2,0,-6,-11,0.2
"5567","Red","Neither","Neither","Red",13,2,3,3,0,15553,7.2,18934,244,55,-1449,-349,41,5,5,3,0,17002,7.2,19283,250,76,0,-28,-3,-2,0,-6,-21,0
"5568","Red","Red","Neither","Red",20,4,7,6,0,16549,7.2,18284,205,59,611,1342,19,2,5,9,0,15938,6.8,16942,203,44,0,1,2,2,-3,2,15,0.4
"5569","Blue","Red","Blue","Blue",12,5,6,10,0,16348,7,17866,225,36,-720,-1208,15,1,5,9,0,17068,7.2,19074,248,64,0,-3,4,1,1,-23,-28,-0.2
"5570","Red","Neither","Blue","Red",14,4,5,5,0,16115,7.2,18971,237,48,516,2485,19,2,5,8,0,15599,6.6,16486,213,42,0,-5,2,0,-3,24,6,0.600000000000001
"5571","Blue","Neither","Red","Blue",13,5,4,4,1,17814,7,18330,252,56,2154,25,14,1,6,4,0,15660,7,18305,197,48,1,-1,4,-2,0,55,8,0
"5572","Red","Red","Neither","Blue",12,1,7,5,0,16884,7.4,19682,220,67,-1474,-179,11,3,9,8,0,18358,7.6,19861,228,60,0,1,-2,-2,-3,-8,7,-0.199999999999999
"5573","Red","Red","Red","Red",46,2,6,8,0,16038,6.4,16019,209,36,-3674,-3098,12,1,12,16,0,19712,7.6,19117,205,68,0,34,1,-6,-8,4,-32,-1.2
"5574","Blue","Neither","Neither","Red",22,1,6,8,1,18198,7,17647,220,52,1549,-554,19,4,8,8,0,16649,7,18201,220,40,1,3,-3,-2,0,0,12,0
"5575","Red","Red","Neither","Red",14,2,3,1,0,15827,7,17607,245,56,-2683,-2383,20,3,10,12,0,18510,7.2,19990,234,59,0,-6,-1,-7,-11,11,-3,-0.2
"5576","Blue","Red","Neither","Red",18,5,6,7,0,16421,7,18708,224,44,267,-52,16,9,4,7,0,16154,7.2,18760,241,55,0,2,-4,2,0,-17,-11,-0.2
"5577","Blue","Neither","Neither","Blue",15,0,9,13,0,18107,7,18643,210,70,1417,492,37,2,7,8,0,16690,7,18151,199,45,0,-22,-2,2,5,11,25,0
"5578","Blue","Neither","Blue","Blue",12,2,7,7,0,18821,7.2,19339,259,68,4074,2842,13,1,4,6,0,14747,6.4,16497,189,36,0,-1,1,3,1,70,32,0.8
"5579","Red","Blue","Neither","Red",31,20,7,6,0,16063,6.8,17688,192,60,-1571,-1130,47,6,7,6,0,17634,7.2,18818,260,60,0,-16,14,0,0,-68,0,-0.4
"5580","Blue","Neither","Blue","Blue",37,2,10,16,0,19376,7.2,19330,241,35,2068,1158,11,0,8,7,0,17308,6.8,18172,204,49,0,26,2,2,9,37,-14,0.4
"5581","Red","Red","Red","Blue",16,5,11,14,0,18345,7.2,18508,218,52,1959,899,15,2,8,10,0,16386,6.8,17609,198,44,0,1,3,3,4,20,8,0.4
"5582","Blue","Neither","Neither","Red",15,4,8,7,0,16239,6.8,17856,200,48,36,1099,15,3,5,6,0,16203,6.6,16757,215,44,0,0,1,3,1,-15,4,0.2
"5583","Blue","Neither","Red","Blue",11,2,10,8,0,17596,7.4,19125,211,55,2031,1116,14,3,4,4,0,15565,7.2,18009,230,39,0,-3,-1,6,4,-19,16,0.2
"5584","Blue","Red","Blue","Blue",16,4,7,14,0,16655,6.8,17121,214,36,1054,-67,14,6,4,5,0,15601,6.8,17188,214,56,0,2,-2,3,9,0,-20,0
"5585","Blue","Red","Neither","Blue",13,4,7,5,0,17623,7.2,19660,233,68,724,1268,14,2,7,7,0,16899,7.2,18392,223,56,0,-1,2,0,-2,10,12,0
"5586","Red","Blue","Neither","Red",14,3,9,10,0,17326,6.8,17581,188,50,54,-321,85,0,9,8,0,17272,6.8,17902,193,44,0,-71,3,0,2,-5,6,0
"5587","Blue","Blue","Neither","Blue",17,3,6,6,0,16628,6.8,17323,230,56,2050,687,16,1,3,2,0,14578,6.6,16636,195,43,0,1,2,3,4,35,13,0.2
"5588","Blue","Neither","Neither","Red",40,1,6,6,0,15863,6.8,17012,221,29,46,881,44,2,6,9,0,15817,6.4,16131,191,46,0,-4,-1,0,-3,30,-17,0.399999999999999
"5589","Blue","Red","Blue","Blue",18,3,8,7,0,18698,7.4,20094,259,63,2078,2058,16,2,7,7,0,16620,7,18036,207,52,0,2,1,1,0,52,11,0.4
"5590","Blue","Red","Neither","Blue",11,2,14,15,0,21087,7.6,20108,215,36,5260,2633,39,1,6,5,0,15827,7,17475,193,48,0,-28,1,8,10,22,-12,0.6
"5591","Red","Blue","Neither","Red",18,4,3,3,0,15689,6.8,17576,236,58,-2253,-1798,87,1,7,8,0,17942,7.2,19374,238,58,0,-69,3,-4,-5,-2,0,-0.4
"5592","Blue","Red","Neither","Red",18,3,2,4,0,14795,6.4,16396,208,47,204,-1452,17,2,2,1,0,14591,6.8,17848,223,60,0,1,1,0,3,-15,-13,-0.399999999999999
"5593","Blue","Blue","Blue","Blue",58,4,16,20,1,21747,7.4,19828,244,49,5742,3475,12,3,6,6,0,16005,6.6,16353,190,48,1,46,1,10,14,54,1,0.800000000000001
"5594","Red","Red","Neither","Blue",15,2,8,7,0,18103,7.4,19519,247,56,2683,1740,58,3,3,3,0,15420,7,17779,241,52,0,-43,-1,5,4,6,4,0.4
"5595","Blue","Blue","Blue","Blue",30,10,15,15,0,20822,6.8,18683,237,53,5040,2681,20,4,7,8,0,15782,6.4,16002,187,26,0,10,6,8,7,50,27,0.399999999999999
"5596","Red","Red","Neither","Red",18,4,5,7,0,15881,6.8,17469,239,44,76,98,15,5,4,6,0,15805,6.8,17371,249,52,0,3,-1,1,1,-10,-8,0
"5597","Blue","Neither","Neither","Red",16,2,6,6,0,17342,7.2,19169,263,71,811,1501,13,0,5,5,0,16531,6.6,17668,199,56,0,3,2,1,1,64,15,0.600000000000001
"5598","Red","Red","Blue","Blue",15,1,6,7,0,16583,7,18071,244,52,2191,1140,16,4,2,1,0,14392,6.8,16931,218,52,0,-1,-3,4,6,26,0,0.2
"5599","Blue","Blue","Blue","Blue",18,2,11,11,0,18544,7,18246,213,44,3046,1162,13,1,5,5,0,15498,6.6,17084,198,48,0,5,1,6,6,15,-4,0.4
"5600","Blue","Neither","Neither","Red",14,3,6,6,0,17023,7.2,19264,255,66,671,804,18,0,6,10,0,16352,6.8,18460,231,60,0,-4,3,0,-4,24,6,0.4
"5601","Red","Red","Neither","Blue",13,0,6,2,0,16190,6.8,18041,234,54,-158,-67,16,0,7,13,0,16348,7,18108,217,51,0,-3,0,-1,-11,17,3,-0.2
"5602","Blue","Neither","Neither","Red",17,7,9,15,0,17965,7,18483,210,63,2584,2273,19,3,5,5,0,15381,6.4,16210,220,36,0,-2,4,4,10,-10,27,0.6
"5603","Blue","Neither","Red","Blue",16,4,5,10,0,16932,6.8,17955,239,56,1059,919,20,1,5,4,0,15873,6.8,17036,192,56,0,-4,3,0,6,47,0,0
"5604","Red","Red","Red","Blue",19,5,10,11,0,17793,7,18074,199,48,-1761,37,24,7,12,14,1,19554,7,18037,206,40,-1,-5,-2,-2,-3,-7,8,0
"5605","Red","Blue","Red","Blue",18,2,9,9,0,18096,6.8,17875,213,48,1827,972,18,4,8,14,0,16269,6.8,16903,167,56,0,0,-2,1,-5,46,-8,0
"5606","Red","Red","Neither","Red",10,4,7,6,0,16317,6.6,16985,205,44,-2448,-1976,18,4,9,7,1,18765,7.2,18961,238,42,-1,-8,0,-2,-1,-33,2,-0.600000000000001
"5607","Blue","Blue","Neither","Red",14,4,4,3,0,15049,7,17666,218,52,-2088,-870,16,3,8,7,0,17137,7.2,18536,240,47,0,-2,1,-4,-4,-22,5,-0.2
"5608","Red","Blue","Neither","Blue",18,1,11,21,0,18997,7.2,17998,237,45,1373,57,18,4,7,7,0,17624,6.8,17941,227,48,0,0,-3,4,14,10,-3,0.4
"5609","Red","Red","Neither","Blue",17,2,7,10,0,17098,7.2,18682,229,58,1733,862,55,2,5,4,0,15365,6.8,17820,206,63,0,-38,0,2,6,23,-5,0.4
"5610","Blue","Blue","Blue","Blue",14,0,8,4,0,16459,6.8,17550,190,48,-335,-213,16,0,8,7,0,16794,7,17763,209,57,0,-2,0,0,-3,-19,-9,-0.2
"5611","Blue","Red","Neither","Red",14,3,10,9,0,18129,7.4,20257,250,56,2915,3259,14,1,4,4,0,15214,6.8,16998,193,48,0,0,2,6,5,57,8,0.600000000000001
"5612","Red","Red","Neither","Red",18,3,3,4,0,14459,6.6,16596,202,44,-2499,-1870,19,1,7,13,0,16958,7,18466,238,40,0,-1,2,-4,-9,-36,4,-0.4
"5613","Blue","Red","Neither","Red",14,3,5,6,0,16373,6.8,16941,237,51,-1343,-1261,16,1,10,17,0,17716,6.8,18202,195,57,0,-2,2,-5,-11,42,-6,0
"5614","Red","Blue","Neither","Red",17,1,7,7,0,16645,6.8,18070,231,44,-742,-750,13,0,7,5,0,17387,7,18820,223,72,0,4,1,0,2,8,-28,-0.2
"5615","Blue","Red","Blue","Red",16,3,2,4,0,14010,6.4,16322,187,38,-3047,-612,13,3,7,9,0,17057,6.6,16934,215,38,0,3,0,-5,-5,-28,0,-0.199999999999999
"5616","Red","Red","Neither","Red",15,4,2,2,0,14780,7,17765,249,51,-1828,-1146,16,5,5,6,0,16608,7.2,18911,230,84,0,-1,-1,-3,-4,19,-33,-0.2
"5617","Red","Red","Blue","Blue",14,5,7,10,0,16740,6.8,18257,234,40,-1784,-889,17,2,8,8,0,18524,7,19146,251,64,0,-3,3,-1,2,-17,-24,-0.2
"5618","Red","Blue","Neither","Blue",15,1,7,8,0,16812,6.8,17939,226,52,-260,-369,51,2,7,7,0,17072,7.2,18308,233,53,0,-36,-1,0,1,-7,-1,-0.4
"5619","Red","Red","Neither","Blue",16,5,7,9,0,16667,7,18043,223,43,1465,201,20,0,4,6,0,15202,7,17842,218,52,0,-4,5,3,3,5,-9,0
"5620","Blue","Neither","Neither","Red",15,4,10,7,0,17954,7.2,19474,201,62,2427,2365,19,1,5,6,0,15527,6.8,17109,224,37,0,-4,3,5,1,-23,25,0.4
"5621","Blue","Blue","Neither","Blue",14,1,11,14,1,19278,7.4,19529,226,42,4230,3209,14,2,3,3,0,15048,6.4,16320,186,66,1,0,-1,8,11,40,-24,1
"5622","Red","Neither","Neither","Red",8,3,5,6,0,14784,6.4,15775,173,40,-3584,-3674,21,0,11,8,0,18368,7.2,19449,211,60,0,-13,3,-6,-2,-38,-20,-0.8
"5623","Red","Red","Neither","Red",12,3,3,1,0,14290,6.8,17459,204,52,-3260,-1060,18,3,8,8,0,17550,7.2,18519,221,61,0,-6,0,-5,-7,-17,-9,-0.4
"5624","Blue","Red","Red","Blue",16,1,9,12,0,16759,7,17756,183,48,988,581,13,5,5,9,0,15771,6.6,17175,198,59,0,3,-4,4,3,-15,-11,0.4
"5625","Blue","Neither","Neither","Red",16,2,5,3,0,16929,7.2,19477,232,76,1398,1802,16,2,2,3,0,15531,7,17675,239,60,0,0,0,3,0,-7,16,0.2
"5626","Red","Red","Blue","Blue",19,7,3,3,0,14839,6.8,17590,205,53,-986,-1894,98,6,4,3,0,15825,7.4,19484,250,48,0,-79,1,-1,0,-45,5,-0.600000000000001
"5627","Blue","Red","Neither","Blue",22,3,8,6,0,16820,6.8,17719,223,39,439,-524,11,4,6,4,0,16381,7,18243,214,64,0,11,-1,2,2,9,-25,-0.2
"5628","Red","Blue","Blue","Blue",18,4,8,9,0,18010,7.2,20078,224,66,2120,2095,17,3,6,5,0,15890,7,17983,229,36,0,1,1,2,4,-5,30,0.2
"5629","Red","Blue","Red","Blue",21,6,6,11,0,16409,6.6,16448,228,52,1642,-1085,17,3,3,3,0,14767,6.8,17533,204,60,0,4,3,3,8,24,-8,-0.2
"5630","Red","Blue","Neither","Blue",39,4,7,9,0,17456,7,17732,261,47,1480,721,18,2,5,7,0,15976,6.6,17011,209,52,0,21,2,2,2,52,-5,0.4
"5631","Red","Neither","Neither","Red",12,2,7,7,0,17235,7.4,19413,251,48,750,867,12,0,5,8,0,16485,7.2,18546,230,60,0,0,2,2,-1,21,-12,0.2
"5632","Blue","Red","Blue","Blue",13,9,7,7,0,16934,7,19205,228,44,1714,1369,44,2,3,4,0,15220,6.8,17836,229,51,0,-31,7,4,3,-1,-7,0.2
"5633","Red","Red","Neither","Blue",15,2,5,4,0,15109,7,18112,213,43,-1493,-382,98,3,6,2,0,16602,7,18494,230,52,0,-83,-1,-1,2,-17,-9,0
"5634","Blue","Blue","Red","Blue",23,6,7,5,0,16898,7,17534,226,53,599,267,29,6,6,7,0,16299,6.8,17267,203,50,0,-6,0,1,-2,23,3,0.2
"5635","Blue","Neither","Neither","Blue",17,6,12,12,0,19237,7.2,18874,209,72,981,369,14,3,11,11,0,18256,7,18505,233,32,0,3,3,1,1,-24,40,0.2
"5636","Blue","Neither","Neither","Red",18,3,7,8,0,16525,6.8,17494,191,51,67,-303,15,0,5,5,0,16458,7,17797,228,46,0,3,3,2,3,-37,5,-0.2
"5637","Red","Red","Neither","Blue",38,2,3,2,0,14452,6.4,15418,186,49,-1404,-2296,18,2,5,3,0,15856,6.8,17714,228,56,0,20,0,-2,-1,-42,-7,-0.399999999999999
"5638","Blue","Blue","Neither","Red",20,4,8,8,0,17463,7,18601,229,50,2337,2150,20,3,4,3,0,15126,6.8,16451,204,39,0,0,1,4,5,25,11,0.2
"5639","Red","Neither","Neither","Red",76,2,10,13,0,18695,7.2,18459,225,48,601,152,47,2,9,9,0,18094,7,18307,199,52,0,29,0,1,4,26,-4,0.2
"5640","Red","Red","Blue","Red",20,1,4,2,0,15360,6.6,16644,220,44,-829,-1232,19,2,6,4,0,16189,6.8,17876,232,43,0,1,-1,-2,-2,-12,1,-0.2
"5641","Blue","Red","Red","Red",17,4,9,13,0,17626,7.2,18770,219,44,2511,3602,41,1,5,13,0,15115,6,15168,162,47,0,-24,3,4,0,57,-3,1.2
"5642","Blue","Red","Neither","Red",16,4,4,5,0,15429,7,18085,238,41,39,-301,15,3,3,2,0,15390,7,18386,238,60,0,1,1,1,3,0,-19,0
"5643","Blue","Blue","Neither","Blue",13,0,3,3,0,15271,7,18226,236,55,-455,-767,11,2,3,3,0,15726,7.2,18993,258,59,0,2,-2,0,0,-22,-4,-0.2
"5644","Blue","Blue","Blue","Red",12,9,2,3,0,14961,6.6,17746,210,56,-2377,-2713,39,1,5,4,0,17338,7.6,20459,269,64,0,-27,8,-3,-1,-59,-8,-1
"5645","Blue","Neither","Neither","Blue",16,2,14,14,4,23424,7.4,18730,220,41,11467,8265,7,2,3,2,0,11957,5,10465,117,32,4,9,0,11,12,103,9,2.4
"5646","Red","Red","Neither","Blue",12,1,8,6,0,16983,7.2,18675,198,52,-125,-479,15,4,8,7,0,17108,7.4,19154,208,51,0,-3,-3,0,-1,-10,1,-0.2
"5647","Red","Neither","Neither","Blue",12,2,7,8,0,17490,7.6,19737,259,66,2880,3031,15,1,2,2,0,14610,6.6,16706,215,50,0,-3,1,5,6,44,16,1
"5648","Red","Neither","Neither","Blue",20,4,15,12,0,18863,7.2,18943,195,52,2789,585,38,4,6,4,0,16074,7,18358,192,52,0,-18,0,9,8,3,0,0.2
"5649","Blue","Blue","Neither","Blue",20,4,12,9,0,18259,7.2,19685,218,48,2254,1555,17,4,6,3,0,16005,7,18130,215,42,0,3,0,6,6,3,6,0.2
"5650","Blue","Blue","Neither","Blue",13,3,9,13,0,17939,7.2,18687,220,48,3246,409,15,0,3,0,0,14693,7,18278,235,52,0,-2,3,6,13,-15,-4,0.2
"5651","Red","Blue","Neither","Red",34,2,4,5,0,14695,7.2,18082,200,45,-1766,-639,13,2,5,3,0,16461,7,18721,259,56,0,21,0,-1,2,-59,-11,0.2
"5652","Red","Blue","Red","Blue",118,2,3,2,0,14299,6.4,15937,207,38,-4376,-3665,48,1,12,14,0,18675,7.4,19602,206,55,0,70,1,-9,-12,1,-17,-1
"5653","Blue","Blue","Neither","Red",38,5,8,9,0,17328,7.2,19304,228,69,2357,2202,17,3,3,2,0,14971,6.8,17102,222,44,0,21,2,5,7,6,25,0.4
"5654","Blue","Blue","Neither","Red",14,3,9,11,0,17299,7,18277,213,44,2079,1371,21,2,5,4,0,15220,6.6,16906,193,51,0,-7,1,4,7,20,-7,0.4
"5655","Blue","Blue","Neither","Red",18,5,10,14,0,18541,7,18196,210,48,4362,2989,43,3,4,2,0,14179,6.4,15207,176,30,0,-25,2,6,12,34,18,0.6
"5656","Red","Red","Neither","Red",19,4,2,3,0,14854,6.8,17513,250,55,-3330,-2255,16,6,7,10,0,18184,7.4,19768,248,64,0,3,-2,-5,-7,2,-9,-0.600000000000001
"5657","Red","Blue","Blue","Blue",16,4,11,15,0,17816,7.4,18626,209,40,1488,1092,58,1,6,9,0,16328,7,17534,225,48,0,-42,3,5,6,-16,-8,0.4
"5658","Red","Neither","Neither","Red",35,3,7,9,0,17482,7.2,18618,233,42,-561,-489,16,3,9,9,0,18043,7.2,19107,224,41,0,19,0,-2,0,9,1,0
"5659","Blue","Red","Blue","Red",15,2,11,9,1,19754,7,18453,227,48,1379,246,16,0,9,15,0,18375,7.2,18207,215,60,1,-1,2,2,-6,12,-12,-0.2
"5660","Blue","Blue","Neither","Blue",15,4,8,6,0,17928,6.8,17767,217,45,1250,297,17,6,8,13,0,16678,6.8,17470,192,38,0,-2,-2,0,-7,25,7,0
"5661","Blue","Blue","Red","Red",22,0,6,6,0,16273,7.2,19013,237,44,464,1383,14,5,5,2,0,15809,7,17630,235,43,0,8,-5,1,4,2,1,0.2
"5662","Blue","Red","Neither","Red",16,4,6,6,0,16473,7,17992,204,64,-628,-582,18,3,7,4,0,17101,7.2,18574,218,64,0,-2,1,-1,2,-14,0,-0.2
"5663","Blue","Neither","Neither","Red",18,2,5,4,0,16033,7,17043,207,40,-2746,-827,20,3,12,17,0,18779,6.8,17870,202,48,0,-2,-1,-7,-13,5,-8,0.2
"5664","Red","Red","Neither","Blue",16,2,12,14,0,18002,6.8,17743,178,43,-2340,-2351,15,3,13,16,0,20342,7.6,20094,220,65,0,1,-1,-1,-2,-42,-22,-0.8
"5665","Blue","Blue","Neither","Blue",14,2,13,12,0,19360,7.2,19057,238,52,3034,1636,12,4,7,7,0,16326,6.6,17421,183,56,0,2,-2,6,5,55,-4,0.600000000000001
"5666","Red","Neither","Red","Red",17,3,1,1,0,14777,6.8,17674,231,59,-1664,-990,47,3,5,7,0,16441,7.2,18664,236,46,0,-30,0,-4,-6,-5,13,-0.4
"5667","Red","Red","Neither","Red",17,2,8,9,0,16738,6.8,17657,199,48,-1428,-671,15,5,10,16,0,18166,7,18328,201,52,0,2,-3,-2,-7,-2,-4,-0.2
"5668","Blue","Blue","Neither","Blue",41,1,7,7,0,17070,7.2,18583,223,47,1451,1441,12,1,4,4,0,15619,6.8,17142,199,56,0,29,0,3,3,24,-9,0.4
"5669","Red","Red","Neither","Blue",17,3,7,7,0,16995,6.8,17908,217,44,-1666,-759,17,5,10,15,0,18661,7,18667,243,60,0,0,-2,-3,-8,-26,-16,-0.2
"5670","Blue","Blue","Neither","Red",18,8,9,12,0,17896,6.8,18474,215,58,1076,1288,84,6,7,10,0,16820,6.8,17186,222,40,0,-66,2,2,2,-7,18,0
"5671","Blue","Neither","Neither","Red",110,3,2,5,0,15186,7.2,18537,236,67,-35,1112,19,3,3,4,0,15221,6.8,17425,236,48,0,91,0,-1,1,0,19,0.4
"5672","Red","Neither","Neither","Blue",34,3,7,4,0,17294,7.4,19906,246,64,2480,3168,9,3,2,2,0,14814,6.6,16738,218,48,0,25,0,5,2,28,16,0.800000000000001
"5673","Blue","Blue","Neither","Blue",14,1,5,7,0,16443,7,18538,238,48,1717,508,12,0,2,4,0,14726,7,18030,197,60,0,2,1,3,3,41,-12,0
"5674","Red","Red","Red","Red",17,4,5,5,0,15420,6.6,16502,210,44,-692,-604,16,3,7,7,0,16112,6.8,17106,193,48,0,1,1,-2,-2,17,-4,-0.2
"5675","Blue","Neither","Neither","Red",24,2,3,4,0,14979,7,17553,237,48,-1171,-496,13,2,3,3,0,16150,7,18049,251,52,0,11,0,0,1,-14,-4,0
"5676","Blue","Blue","Red","Blue",19,4,8,8,0,16984,6.8,17114,205,48,469,-755,41,4,6,5,0,16515,7,17869,233,47,0,-22,0,2,3,-28,1,-0.2
"5677","Blue","Blue","Neither","Red",16,2,7,6,0,16580,7,17570,207,36,-334,-1403,15,4,5,5,0,16914,7,18973,228,56,0,1,-2,2,1,-21,-20,0
"5678","Blue","Blue","Red","Blue",18,4,1,1,0,14529,7,17655,241,58,924,1282,18,3,1,0,0,13605,6.4,16373,215,42,0,0,1,0,1,26,16,0.6
"5679","Blue","Neither","Neither","Blue",18,2,5,5,0,16616,6.6,17294,218,40,-827,-981,16,2,8,11,0,17443,6.8,18275,243,40,0,2,0,-3,-6,-25,0,-0.2
"5680","Blue","Blue","Red","Blue",15,2,3,3,0,15199,6.8,17382,235,45,-1631,-1338,14,2,7,7,0,16830,7,18720,206,49,0,1,0,-4,-4,29,-4,-0.2
"5681","Red","Red","Neither","Red",14,0,6,9,0,16240,7.2,18554,205,68,-2184,-1298,85,1,9,9,0,18424,7.2,19852,250,56,0,-71,-1,-3,0,-45,12,0
"5682","Red","Blue","Neither","Blue",19,2,7,10,0,15719,6.4,16209,172,25,-833,-1553,17,2,8,7,0,16552,6.8,17762,201,47,0,2,0,-1,3,-29,-22,-0.399999999999999
"5683","Blue","Blue","Neither","Blue",15,1,8,15,0,17231,7,17898,193,59,-1471,-1810,16,5,10,11,0,18702,7.2,19708,213,52,0,-1,-4,-2,4,-20,7,-0.2
"5684","Blue","Blue","Neither","Blue",16,3,10,12,0,18945,7,18620,234,44,2542,525,13,2,4,4,0,16403,6.8,18095,231,76,0,3,1,6,8,3,-32,0.2
"5685","Blue","Blue","Red","Blue",16,1,8,9,0,16779,7,18171,224,43,1468,195,24,4,5,4,0,15311,7,17976,212,44,0,-8,-3,3,5,12,-1,0
"5686","Blue","Red","Blue","Red",34,2,7,4,0,17993,7.8,20973,253,69,2782,4425,17,4,3,4,0,15211,6.4,16548,221,57,0,17,-2,4,0,32,12,1.4
"5687","Red","Red","Blue","Red",14,2,8,5,0,15782,6.8,16191,182,36,-2323,-2444,15,3,9,8,0,18105,7,18635,185,58,0,-1,-1,-1,-3,-3,-22,-0.2
"5688","Blue","Blue","Neither","Red",15,1,10,8,0,17910,7.2,20300,211,60,2786,3197,10,1,5,4,0,15124,6.8,17103,175,48,0,5,0,5,4,36,12,0.4
"5689","Red","Red","Red","Red",21,5,7,4,0,17319,7,18310,253,36,2209,1640,14,6,7,6,0,15110,6.8,16670,159,49,0,7,-1,0,-2,94,-13,0.2
"5690","Blue","Blue","Blue","Blue",15,2,7,4,0,17788,7.2,19185,256,67,4961,3591,18,1,0,0,0,12827,6.2,15594,202,40,0,-3,1,7,4,54,27,1
"5691","Blue","Blue","Neither","Red",13,4,7,14,0,16304,6.2,15338,182,45,-61,-1738,18,1,6,8,0,16365,6.4,17076,219,44,0,-5,3,1,6,-37,1,-0.2
"5692","Red","Red","Blue","Red",14,2,3,1,0,15438,7.2,19325,213,62,-38,2015,12,0,4,3,0,15476,6.8,17310,218,59,0,2,2,-1,-2,-5,3,0.4
"5693","Blue","Red","Neither","Red",12,6,12,9,0,18879,7.4,19472,219,40,1912,1686,123,2,7,8,0,16967,7,17786,197,50,0,-111,4,5,1,22,-10,0.4
"5694","Blue","Red","Red","Blue",15,4,7,10,0,16987,6.8,18078,235,40,2407,543,13,2,5,2,0,14580,6.8,17535,168,60,0,2,2,2,8,67,-20,0
"5695","Blue","Red","Neither","Blue",19,2,6,2,0,15740,7,18504,201,46,1078,2430,11,4,5,5,0,14662,6.6,16074,158,53,0,8,-2,1,-3,43,-7,0.4
"5696","Red","Blue","Neither","Red",15,1,4,5,0,15375,7,18057,220,60,-1489,-2144,17,1,8,3,0,16864,7.6,20201,230,52,0,-2,0,-4,2,-10,8,-0.6
"5697","Red","Red","Neither","Red",14,0,7,8,0,16658,6.6,17588,192,50,-2184,-2333,69,4,13,8,0,18842,7.4,19921,202,52,0,-55,-4,-6,0,-10,-2,-0.800000000000001
"5698","Blue","Red","Neither","Blue",73,0,10,8,0,18130,7,18640,216,41,3905,1506,23,1,3,3,0,14225,6.8,17134,173,56,0,50,-1,7,5,43,-15,0.2
"5699","Red","Blue","Neither","Red",16,6,1,1,0,13486,6.6,16382,200,47,-1433,-394,16,2,2,2,0,14919,6.6,16776,241,40,0,0,4,-1,-1,-41,7,0
"5700","Red","Red","Neither","Red",14,1,0,0,0,13421,6.6,17265,221,52,-3543,-1737,13,2,6,7,0,16964,7.2,19002,242,48,0,1,-1,-6,-7,-21,4,-0.600000000000001
"5701","Red","Blue","Neither","Blue",16,2,5,7,0,14587,6.2,14862,171,42,-3541,-4118,12,1,11,12,0,18128,7.2,18980,218,40,0,4,1,-6,-5,-47,2,-1
"5702","Red","Red","Neither","Red",15,4,4,5,0,15741,7,18215,224,63,-425,-284,14,3,4,5,0,16166,7,18499,228,56,0,1,1,0,0,-4,7,0
"5703","Red","Red","Neither","Red",19,4,8,9,0,18098,7.2,19504,212,76,2730,3068,19,2,5,2,0,15368,6.4,16436,215,40,0,0,2,3,7,-3,36,0.8
"5704","Blue","Blue","Red","Red",17,1,9,9,1,18695,7.2,19263,245,56,4298,2299,13,2,3,2,0,14397,6.8,16964,190,56,1,4,-1,6,7,55,0,0.4
"5705","Red","Neither","Neither","Blue",14,3,4,6,0,15549,6.8,18169,228,65,-1841,-357,28,1,8,11,0,17390,7,18526,223,49,0,-14,2,-4,-5,5,16,-0.2
"5706","Blue","Blue","Neither","Red",19,2,10,13,0,17951,7.2,18502,226,44,3022,2631,13,4,3,5,0,14929,6.6,15871,209,44,0,6,-2,7,8,17,0,0.600000000000001
"5707","Red","Blue","Neither","Blue",22,3,12,11,0,18428,7,18214,218,47,3117,1745,39,6,3,4,0,15311,6.6,16469,254,28,0,-17,-3,9,7,-36,19,0.4
"5708","Blue","Blue","Neither","Blue",15,3,8,4,0,16466,6.8,18740,205,51,2489,2364,14,2,2,2,0,13977,6.8,16376,194,50,0,1,1,6,2,11,1,0
"5709","Blue","Blue","Red","Red",12,2,7,8,0,17056,7,18608,232,51,3515,2156,14,0,1,1,0,13541,6.6,16452,208,49,0,-2,2,6,7,24,2,0.4
"5710","Blue","Blue","Neither","Blue",15,2,9,7,0,18017,7.2,19071,210,80,1937,766,14,0,6,6,0,16080,7.2,18305,209,68,0,1,2,3,1,1,12,0
"5711","Blue","Red","Neither","Red",19,2,17,21,1,22745,6.8,17394,205,23,4999,1094,14,3,10,11,0,17746,6.4,16300,175,58,1,5,-1,7,10,30,-35,0.399999999999999
"5712","Red","Red","Neither","Red",40,1,1,2,0,13998,6.6,17086,207,55,-5086,-3284,11,5,7,8,0,19084,7.6,20370,258,66,0,29,-4,-6,-6,-51,-11,-1
"5713","Red","Red","Neither","Red",13,27,9,7,0,18012,7,19569,239,41,1194,2051,45,4,7,6,0,16818,6.6,17518,221,42,0,-32,23,2,1,18,-1,0.4
"5714","Red","Red","Neither","Blue",16,0,5,6,0,15840,6.8,17440,211,52,923,828,17,3,3,4,0,14917,6.4,16612,235,46,0,-1,-3,2,2,-24,6,0.399999999999999
"5715","Blue","Blue","Blue","Blue",15,2,6,12,0,17784,7,17328,223,48,1500,-1268,15,1,4,6,0,16284,7.2,18596,233,72,0,0,1,2,6,-10,-24,-0.2
"5716","Blue","Blue","Blue","Red",25,2,8,12,0,18167,7,18502,222,68,2691,2585,16,2,4,4,0,15476,6.2,15917,234,41,0,9,0,4,8,-12,27,0.8
"5717","Blue","Blue","Neither","Blue",20,5,10,15,0,18795,7.4,20241,260,43,4498,3370,22,3,1,2,0,14297,6.4,16871,226,48,0,-2,2,9,13,34,-5,1
"5718","Blue","Blue","Blue","Red",13,1,8,15,0,17999,7.2,19381,214,82,2711,2160,15,1,5,3,0,15288,7,17221,213,50,0,-2,0,3,12,1,32,0.2
"5719","Blue","Blue","Neither","Red",19,6,7,5,0,17381,7.2,19539,234,59,1300,1783,14,10,5,6,0,16081,6.8,17756,227,52,0,5,-4,2,-1,7,7,0.4
"5720","Red","Neither","Red","Red",15,1,2,2,0,14194,6.2,14858,195,48,-5553,-4226,13,0,10,12,1,19747,7.2,19084,233,49,-1,2,1,-8,-10,-38,-1,-1
"5721","Red","Neither","Neither","Red",27,2,5,6,0,15732,6.6,16582,218,44,17,-1014,15,3,4,4,0,15715,7,17596,248,44,0,12,-1,1,2,-30,0,-0.4
"5722","Blue","Neither","Neither","Blue",13,3,11,10,0,18335,6.8,17921,238,36,2498,732,15,1,6,7,0,15837,6.8,17189,194,52,0,-2,2,5,3,44,-16,0
"5723","Blue","Red","Blue","Blue",17,0,9,12,0,17785,7,17509,202,49,1323,183,33,0,8,6,0,16462,6.8,17326,181,60,0,-16,0,1,6,21,-11,0.2
"5724","Blue","Blue","Neither","Red",63,2,8,11,0,16911,7.2,19106,217,53,2265,2392,33,0,4,4,0,14646,6.8,16714,178,55,0,30,2,4,7,39,-2,0.4
"5725","Blue","Neither","Neither","Blue",15,4,16,16,0,21442,7.6,20440,232,48,5956,4568,18,0,6,5,0,15486,6.4,15872,185,40,0,-3,4,10,11,47,8,1.2
"5726","Red","Red","Neither","Red",16,0,3,2,0,14652,7,18395,235,42,-1075,11,15,5,4,2,0,15727,7.2,18384,233,58,0,1,-5,-1,0,2,-16,-0.2
"5727","Blue","Red","Neither","Red",45,2,5,6,0,16936,6.8,17513,215,63,-301,71,44,7,8,10,0,17237,7,17442,187,60,0,1,-5,-3,-4,28,3,-0.2
"5728","Red","Neither","Red","Blue",14,0,6,6,0,15821,6.8,17419,208,43,-3364,-1990,139,2,9,7,1,19185,7.2,19409,230,49,-1,-125,-2,-3,-1,-22,-6,-0.4
"5729","Blue","Blue","Neither","Red",17,5,7,8,0,17863,7.4,19967,257,39,3109,3007,13,2,4,5,0,14754,6.4,16960,204,44,0,4,3,3,3,53,-5,1
"5730","Blue","Blue","Red","Red",16,4,16,16,1,20300,7.4,19812,192,44,3309,2603,213,5,7,6,0,16991,6.8,17209,194,48,1,-197,-1,9,10,-2,-4,0.600000000000001
"5731","Red","Red","Neither","Blue",13,3,5,3,0,15964,7.2,19695,206,59,-226,972,20,5,6,7,0,16190,7.2,18723,208,40,0,-7,-2,-1,-4,-2,19,0
"5732","Red","Blue","Neither","Blue",21,4,11,10,0,18172,6.8,17184,191,36,1390,437,15,1,9,7,0,16782,6.6,16747,181,30,0,6,3,2,3,10,6,0.2
"5733","Red","Red","Neither","Red",14,2,6,5,0,15662,6.4,16109,191,36,-3983,-1784,17,2,13,13,0,19645,7.2,17893,218,32,0,-3,0,-7,-8,-27,4,-0.8
"5734","Red","Red","Neither","Red",11,1,0,0,0,12863,6.6,16182,177,56,-5961,-4133,36,2,10,9,0,18824,7.6,20315,244,48,0,-25,-1,-10,-9,-67,8,-1
"5735","Blue","Blue","Neither","Blue",21,4,11,13,0,19236,7.4,20585,231,48,2249,2480,16,2,9,8,0,16987,7,18105,219,40,0,5,2,2,5,12,8,0.4
"5736","Red","Red","Red","Blue",16,3,4,5,0,16500,7,18352,249,50,-981,-1105,10,3,9,10,0,17481,7.2,19457,193,61,0,6,0,-5,-5,56,-11,-0.2
"5737","Blue","Red","Neither","Red",19,3,2,2,0,15292,6.8,17578,252,52,-1774,-2576,38,5,5,4,0,17066,7.6,20154,267,72,0,-19,-2,-3,-2,-15,-20,-0.8
"5738","Blue","Neither","Neither","Blue",15,1,11,10,1,19677,6.8,17356,217,45,6581,3949,14,1,4,5,0,13096,5.8,13407,132,39,1,1,0,7,5,85,6,1
"5739","Red","Red","Neither","Red",14,0,5,4,0,15660,7,18016,201,50,-2602,-550,170,3,10,14,0,18262,7.2,18566,197,42,0,-156,-3,-5,-10,4,8,-0.2
"5740","Blue","Neither","Neither","Red",11,5,4,3,0,15639,6.4,17326,227,55,-2608,-1326,19,2,12,13,0,18247,7,18652,198,52,0,-8,3,-8,-10,29,3,-0.6
"5741","Blue","Blue","Blue","Blue",20,5,5,6,0,16746,7.2,18699,247,56,1066,-560,42,3,5,4,0,15680,7.4,19259,239,47,0,-22,2,0,2,8,9,-0.2
"5742","Blue","Red","Neither","Red",25,2,5,1,0,15042,6.8,16868,189,56,-3052,-775,20,4,10,13,0,18094,7,17643,201,56,0,5,-2,-5,-12,-12,0,-0.2
"5743","Red","Red","Neither","Red",16,3,1,2,0,13496,6.6,16421,186,50,-2452,-2422,15,6,3,3,0,15948,7.2,18843,255,64,0,1,-3,-2,-1,-69,-14,-0.600000000000001
"5744","Red","Blue","Blue","Red",21,3,8,9,0,17421,6.8,17858,217,44,-1330,378,19,9,9,10,1,18751,7,17480,217,37,-1,2,-6,-1,-1,0,7,-0.2
"5745","Red","Neither","Neither","Blue",23,1,5,6,0,15696,6.6,16453,195,42,-2942,-1785,17,7,11,14,0,18638,7,18238,212,47,0,6,-6,-6,-8,-17,-5,-0.4
"5746","Red","Blue","Neither","Red",17,1,3,1,0,15577,6.8,17552,220,48,-546,-1470,18,4,5,7,0,16123,7.2,19022,229,52,0,-1,-3,-2,-6,-9,-4,-0.4
"5747","Blue","Neither","Blue","Blue",13,0,8,10,0,17563,7,18068,190,55,268,789,21,0,9,13,0,17295,6.6,17279,234,34,0,-8,0,-1,-3,-44,21,0.4
"5748","Red","Neither","Neither","Red",15,1,5,4,0,15387,6.6,16280,196,41,-501,-934,18,5,4,3,0,15888,6.6,17214,210,46,0,-3,-4,1,1,-14,-5,0
"5749","Red","Red","Neither","Blue",16,1,2,2,0,14612,6.6,16340,242,43,-2541,-3552,36,6,7,8,0,17153,7.4,19892,220,68,0,-20,-5,-5,-6,22,-25,-0.800000000000001
"5750","Red","Blue","Blue","Blue",15,1,8,8,0,17898,7.4,19411,232,58,942,1300,16,2,7,6,0,16956,7,18111,245,43,0,-1,-1,1,2,-13,15,0.4
"5751","Blue","Blue","Neither","Red",19,4,9,11,0,18376,7.2,18388,238,46,653,462,14,6,9,18,0,17723,7,17926,204,44,0,5,-2,0,-7,34,2,0.2
"5752","Red","Red","Neither","Red",36,1,8,6,0,17235,7,18992,214,52,2203,2404,14,0,4,5,0,15032,6.6,16588,205,44,0,22,1,4,1,9,8,0.4
"5753","Red","Red","Red","Red",12,0,2,1,0,13736,6.2,16381,188,52,-3593,-2516,17,2,6,7,0,17329,7,18897,227,68,0,-5,-2,-4,-6,-39,-16,-0.8
"5754","Red","Red","Neither","Blue",73,3,10,10,0,16818,6.8,16676,183,42,283,165,14,0,7,9,0,16535,6.6,16511,219,38,0,59,3,3,1,-36,4,0.2
"5755","Blue","Red","Neither","Red",20,5,14,15,1,19950,7,18520,212,26,3657,3286,13,4,8,12,0,16293,6.2,15234,156,49,1,7,1,6,3,56,-23,0.8
"5756","Red","Red","Neither","Red",16,2,8,5,0,16840,7,18528,209,51,793,461,19,2,4,5,0,16047,7,18067,232,48,0,-3,0,4,0,-23,3,0
"5757","Red","Neither","Neither","Red",18,3,3,6,0,13961,6.2,14440,168,25,-4731,-2817,20,7,12,21,0,18692,6.8,17257,206,42,0,-2,-4,-9,-15,-38,-17,-0.6
"5758","Red","Blue","Blue","Blue",40,3,4,6,0,15404,6.6,16706,203,49,-1332,-1998,18,5,8,4,0,16736,7.2,18704,204,45,0,22,-2,-4,2,-1,4,-0.600000000000001
"5759","Blue","Blue","Neither","Blue",16,6,5,4,0,15481,6.8,17409,191,65,-253,111,18,2,4,2,0,15734,6.6,17298,234,55,0,-2,4,1,2,-43,10,0.2
"5760","Blue","Blue","Neither","Red",56,2,6,9,0,16751,7,18674,239,42,832,551,17,2,2,2,0,15919,6.8,18123,225,69,0,39,0,4,7,14,-27,0.2
"5761","Blue","Blue","Neither","Blue",15,2,9,10,0,18447,7.4,20232,243,69,1745,1766,14,2,6,7,0,16702,7.2,18466,240,47,0,1,0,3,3,3,22,0.2
"5762","Blue","Red","Neither","Red",17,2,7,8,0,16983,6.8,17858,227,51,-355,-560,18,5,7,10,0,17338,7,18418,218,71,0,-1,-3,0,-2,9,-20,-0.2
"5763","Red","Blue","Neither","Red",13,4,2,2,0,14596,6.8,17298,204,81,-1883,-1131,16,2,6,2,0,16479,6.8,18429,254,43,0,-3,2,-4,0,-50,38,0
"5764","Blue","Neither","Neither","Blue",19,1,5,6,0,16622,7.2,19176,235,61,2061,1314,20,2,2,0,0,14561,7,17862,219,67,0,-1,-1,3,6,16,-6,0.2
"5765","Blue","Neither","Neither","Red",9,2,6,7,0,16730,7,17780,208,49,-828,-1255,14,1,8,7,0,17558,7.2,19035,233,60,0,-5,1,-2,0,-25,-11,-0.2
"5766","Red","Neither","Neither","Blue",41,5,8,9,0,18073,7.6,21032,239,44,2364,2384,12,4,4,2,0,15709,7,18648,233,62,0,29,1,4,7,6,-18,0.6
"5767","Blue","Red","Blue","Red",17,2,9,9,0,18622,7,18509,230,44,2962,1156,13,2,4,6,0,15660,6.8,17353,181,79,0,4,0,5,3,49,-35,0.2
"5768","Red","Blue","Blue","Blue",20,5,9,2,0,16730,7,19072,198,68,178,424,22,9,4,3,0,16552,7.2,18648,245,56,0,-2,-4,5,-1,-47,12,-0.2
"5769","Blue","Neither","Red","Red",14,4,7,8,0,15724,6.4,15533,163,40,-3798,-2337,17,4,10,10,2,19522,7,17870,222,44,-2,-3,0,-3,-2,-59,-4,-0.6
"5770","Red","Red","Red","Red",13,2,5,7,0,16161,6.8,16954,213,53,-3761,-2475,16,3,10,13,1,19922,7.2,19429,241,52,-1,-3,-1,-5,-6,-28,1,-0.4
"5771","Red","Neither","Neither","Blue",16,3,4,3,0,16175,6.8,17305,253,48,684,-474,12,1,4,4,0,15491,7,17779,232,46,0,4,2,0,-1,21,2,-0.2
"5772","Red","Red","Red","Red",18,3,3,3,0,15355,6.6,17119,204,43,-2215,-2114,16,2,7,8,0,17570,7.2,19233,240,65,0,2,1,-4,-5,-36,-22,-0.600000000000001
"5773","Blue","Red","Neither","Blue",15,3,10,13,0,18504,7,19016,206,55,3446,1559,17,5,4,2,0,15058,6.8,17457,221,50,0,-2,-2,6,11,-15,5,0.2
"5774","Red","Red","Blue","Red",18,6,8,11,0,17147,6.8,17510,194,48,-1546,-1047,18,6,9,12,0,18693,6.8,18557,244,55,0,0,0,-1,-1,-50,-7,0
"5775","Blue","Blue","Blue","Red",11,2,1,1,1,16616,7,19052,253,68,1384,201,35,0,2,4,0,15232,7.2,18851,241,61,1,-24,2,-1,-3,12,7,-0.2
"5776","Blue","Blue","Neither","Blue",8,2,7,6,0,15471,7.4,19583,206,56,708,1840,14,1,2,2,0,14763,7,17743,228,67,0,-6,1,5,4,-22,-11,0.4
"5777","Red","Red","Neither","Blue",14,2,7,6,0,17075,7.2,18691,230,52,-1075,-1160,11,2,9,10,0,18150,7.2,19851,232,74,0,3,0,-2,-4,-2,-22,0
"5778","Red","Red","Blue","Red",90,8,2,2,0,14519,6.8,17122,223,40,-3798,-2950,45,5,10,13,0,18317,7.4,20072,226,64,0,45,3,-8,-11,-3,-24,-0.600000000000001
"5779","Blue","Blue","Neither","Blue",37,3,8,14,0,18664,7.4,20054,233,63,3326,3001,16,2,4,2,0,15338,6.6,17053,215,56,0,21,1,4,12,18,7,0.800000000000001
"5780","Red","Red","Neither","Red",18,2,5,4,0,14768,6.6,17244,157,64,-2337,-1158,15,5,6,6,0,17105,7.2,18402,217,56,0,3,-3,-1,-2,-60,8,-0.600000000000001
"5781","Blue","Blue","Neither","Blue",17,3,4,3,0,15859,7,18955,250,62,-898,-655,17,5,7,9,0,16757,7,19610,193,59,0,0,-2,-3,-6,57,3,0
"5782","Red","Neither","Neither","Red",21,2,12,10,0,19432,7.4,19488,232,38,2939,1636,15,3,8,8,0,16493,6.8,17852,203,36,0,6,-1,4,2,29,2,0.600000000000001
"5783","Blue","Red","Red","Red",13,2,3,2,0,15412,6.8,17502,211,45,-3768,-2111,16,3,7,9,1,19180,7.4,19613,246,64,-1,-3,-1,-4,-7,-35,-19,-0.600000000000001
"5784","Red","Neither","Neither","Red",36,2,4,3,0,15306,6.8,17560,220,52,-1171,-11,19,1,6,5,0,16477,6.8,17571,211,43,0,17,1,-2,-2,9,9,0
"5785","Red","Neither","Red","Red",13,3,5,4,0,16377,7,17958,228,45,-2167,-1447,13,2,10,12,0,18544,7.2,19405,216,65,0,0,1,-5,-8,12,-20,-0.2
"5786","Blue","Blue","Neither","Blue",17,3,8,8,0,16563,7.2,18469,199,46,498,244,14,2,6,2,0,16065,7,18225,209,41,0,3,1,2,6,-10,5,0.2
"5787","Blue","Neither","Blue","Blue",20,5,10,11,0,18879,7.2,19552,222,68,4513,3883,15,3,4,3,0,14366,6.4,15669,195,39,0,5,2,6,8,27,29,0.8
"5788","Red","Red","Neither","Blue",17,5,5,6,0,14656,6.4,15475,186,36,-4201,-4782,20,5,12,11,0,18857,7.4,20257,216,44,0,-3,0,-7,-5,-30,-8,-1
"5789","Red","Neither","Neither","Red",15,2,1,1,0,13129,6.6,16126,184,43,-4800,-1308,18,3,8,10,0,17929,7,17434,218,48,0,-3,-1,-7,-9,-34,-5,-0.4
"5790","Blue","Blue","Blue","Red",19,3,5,10,0,16256,7,17985,218,61,2050,1834,22,4,2,3,0,14206,6.4,16151,217,45,0,-3,-1,3,7,1,16,0.6
"5791","Red","Red","Red","Red",17,3,3,4,0,15179,6.8,17410,237,53,-657,-81,65,1,4,4,0,15836,7,17491,237,52,0,-48,2,-1,0,0,1,-0.2
"5792","Blue","Red","Neither","Blue",17,3,6,5,0,17384,7,18045,241,45,2245,304,16,3,3,3,0,15139,6.8,17741,223,57,0,1,0,3,2,18,-12,0.2
"5793","Blue","Blue","Neither","Blue",11,3,12,16,0,18280,7.4,19206,209,43,4254,3059,17,1,3,4,0,14026,6.6,16147,204,44,0,-6,2,9,12,5,-1,0.800000000000001
"5794","Red","Neither","Blue","Blue",14,2,9,8,1,18253,7.2,19481,203,45,1156,1711,14,2,7,7,0,17097,7,17770,221,38,1,0,0,2,1,-18,7,0.2
"5795","Red","Blue","Red","Red",14,2,1,1,0,14722,7.2,18209,254,64,-455,-1,14,0,2,0,0,15177,7.2,18210,263,46,0,0,2,-1,1,-9,18,0
"5796","Blue","Red","Neither","Red",17,0,8,9,0,18593,7.4,20037,252,66,2277,1630,13,1,7,9,0,16316,7.2,18407,203,56,0,4,-1,1,0,49,10,0.2
"5797","Blue","Blue","Neither","Blue",35,1,8,9,0,17345,7,18944,236,52,928,-128,16,3,7,7,0,16417,7.2,19072,198,64,0,19,-2,1,2,38,-12,-0.2
"5798","Red","Blue","Neither","Blue",14,0,9,11,0,18804,7.2,19826,272,51,4607,2975,10,3,2,2,0,14197,6.6,16851,197,52,0,4,-3,7,9,75,-1,0.600000000000001
"5799","Blue","Blue","Neither","Red",13,2,3,5,0,15597,7.2,18348,249,55,200,532,10,1,5,2,0,15397,7,17816,203,60,0,3,1,-2,3,46,-5,0.2
"5800","Blue","Blue","Neither","Blue",19,5,7,10,0,16460,7,17623,220,52,1068,-736,15,3,5,5,0,15392,6.8,18359,209,57,0,4,2,2,5,11,-5,0.2
"5801","Red","Red","Blue","Blue",13,2,3,4,0,16156,7,18605,233,61,1639,1308,14,4,1,3,0,14517,7,17297,241,40,0,-1,-2,2,1,-8,21,0
"5802","Blue","Neither","Blue","Red",43,4,7,8,0,16463,6.8,17675,223,44,1305,1032,14,6,3,3,0,15158,6.6,16643,244,48,0,29,-2,4,5,-21,-4,0.2
"5803","Blue","Blue","Neither","Blue",15,2,7,5,0,17541,7.2,19979,232,57,1764,2586,17,1,5,7,0,15777,6.8,17393,208,49,0,-2,1,2,-2,24,8,0.4
"5804","Red","Red","Blue","Red",19,4,5,6,0,15020,6.6,16196,182,52,-2620,-1037,41,8,10,11,0,17640,6.8,17233,197,51,0,-22,-4,-5,-5,-15,1,-0.2
"5805","Blue","Red","Neither","Red",13,1,4,2,0,14687,6.6,16647,216,32,-2142,-1742,17,1,6,5,0,16829,6.8,18389,223,75,0,-4,0,-2,-3,-7,-43,-0.2
"5806","Red","Red","Neither","Red",19,2,4,6,0,15502,6.8,16609,227,42,-938,-729,17,2,6,5,0,16440,6.8,17338,239,47,0,2,0,-2,1,-12,-5,0
"5807","Blue","Red","Neither","Blue",20,1,6,1,0,17413,7.2,19603,257,66,2646,2305,69,5,2,2,0,14767,6.6,17298,210,58,0,-49,-4,4,-1,47,8,0.600000000000001
"5808","Red","Blue","Neither","Red",17,4,3,5,0,16001,7.2,18372,265,56,-54,616,20,3,4,6,0,16055,6.6,17756,223,54,0,-3,1,-1,-1,42,2,0.600000000000001
"5809","Red","Red","Blue","Red",30,0,4,2,1,17040,7.2,18774,228,76,293,718,15,1,7,7,0,16747,6.8,18056,204,56,1,15,-1,-3,-5,24,20,0.4
"5810","Red","Blue","Neither","Blue",44,3,4,5,0,15920,6.6,17523,234,57,-1138,-1025,37,19,7,8,0,17058,7,18548,237,41,0,7,-16,-3,-3,-3,16,-0.4
"5811","Blue","Blue","Blue","Red",20,4,9,11,0,17408,7,17809,207,48,360,97,42,4,8,12,0,17048,7,17712,191,47,0,-22,0,1,-1,16,1,0
"5812","Red","Red","Neither","Red",15,2,5,5,0,16394,7,18234,251,42,-127,515,29,4,7,12,0,16521,7,17719,194,60,0,-14,-2,-2,-7,57,-18,0
"5813","Red","Red","Neither","Blue",12,3,2,0,0,13408,6.4,16175,192,31,-3160,-3099,15,2,5,6,0,16568,7.2,19274,224,76,0,-3,1,-3,-6,-32,-45,-0.8
"5814","Blue","Red","Neither","Blue",15,1,8,7,0,17697,6.8,16356,208,41,118,-2044,14,2,9,5,0,17579,7.2,18400,200,59,0,1,-1,-1,2,8,-18,-0.4
"5815","Blue","Blue","Red","Red",10,0,5,4,0,15708,7,17799,219,59,-3205,-2487,15,3,12,8,1,18913,7.4,20286,231,47,-1,-5,-3,-7,-4,-12,12,-0.4
"5816","Blue","Neither","Neither","Red",14,1,11,12,0,18409,7,17925,219,36,-206,290,17,1,11,12,0,18615,7,17635,174,55,0,-3,0,0,0,45,-19,0
"5817","Red","Red","Red","Blue",15,1,1,1,0,12622,5.8,13759,185,32,-6954,-5631,17,4,13,16,0,19576,7.4,19390,228,44,0,-2,-3,-12,-15,-43,-12,-1.6
"5818","Blue","Red","Neither","Blue",16,3,9,9,0,17503,7.2,18043,204,59,2471,827,40,2,3,4,0,15032,6.8,17216,212,51,0,-24,1,6,5,-8,8,0.4
"5819","Blue","Red","Blue","Red",16,6,7,7,0,16936,7,18077,236,43,-96,827,20,5,8,8,0,17032,6.8,17250,211,52,0,-4,1,-1,-1,25,-9,0.2
"5820","Red","Red","Neither","Red",13,1,3,3,0,14622,7.2,18174,206,62,-1567,-713,16,2,5,3,0,16189,7.2,18887,237,52,0,-3,-1,-2,0,-31,10,0
"5821","Blue","Neither","Neither","Red",16,3,6,3,0,16266,7,17825,213,51,920,1098,15,4,6,4,0,15346,6.6,16727,210,40,0,1,-1,0,-1,3,11,0.4
"5822","Red","Blue","Neither","Red",19,4,3,9,0,15240,6.8,17456,243,45,-1279,-1122,15,4,4,6,0,16519,7.2,18578,244,64,0,4,0,-1,3,-1,-19,-0.4
"5823","Blue","Red","Blue","Red",16,3,5,3,0,16911,7.2,18891,247,52,681,2047,14,2,7,10,0,16230,6.8,16844,196,38,0,2,1,-2,-7,51,14,0.4
"5824","Red","Neither","Blue","Red",15,1,1,1,0,14055,6.8,17109,204,48,-3872,-3173,18,4,9,9,0,17927,7.6,20282,214,48,0,-3,-3,-8,-8,-10,0,-0.8
"5825","Blue","Blue","Blue","Blue",17,1,7,5,0,17227,7.6,20568,218,56,1329,1625,13,4,5,3,0,15898,7,18943,207,73,0,4,-3,2,2,11,-17,0.6
"5826","Red","Neither","Neither","Blue",15,1,4,3,0,15525,6.6,16079,198,60,-1784,-2938,35,2,8,7,0,17309,7,19017,227,48,0,-20,-1,-4,-4,-29,12,-0.4
"5827","Red","Red","Neither","Red",13,1,2,4,0,14199,6.4,16214,167,55,-7911,-3435,14,2,12,17,2,22110,7.2,19649,223,48,-2,-1,-1,-10,-13,-56,7,-0.8
"5828","Blue","Blue","Neither","Red",18,2,5,6,0,16610,7,17963,263,40,828,-804,101,4,4,3,0,15782,7.2,18767,243,64,0,-83,-2,1,3,20,-24,-0.2
"5829","Red","Red","Red","Red",19,4,1,2,0,14307,6.4,16295,211,44,-3418,-3733,17,3,6,5,0,17725,7.4,20028,234,72,0,2,1,-5,-3,-23,-28,-1
"5830","Blue","Red","Neither","Blue",17,5,9,7,0,16646,7,18209,236,32,2522,2156,21,5,3,3,0,14124,6.6,16053,210,43,0,-4,0,6,4,26,-11,0.4
"5831","Red","Red","Blue","Red",18,0,4,8,0,15316,6.4,17001,215,52,-2882,-1423,14,6,10,14,0,18198,6.8,18424,218,44,0,4,-6,-6,-6,-3,8,-0.399999999999999
"5832","Blue","Neither","Red","Red",5,1,4,5,0,14834,6.6,16539,191,52,-2714,-427,18,0,8,11,0,17548,6.8,16966,198,51,0,-13,1,-4,-6,-7,1,-0.2
"5833","Blue","Blue","Neither","Blue",16,3,6,2,0,16027,7,18775,231,52,276,-106,13,0,4,4,0,15751,7.2,18881,239,56,0,3,3,2,-2,-8,-4,-0.2
"5834","Red","Red","Neither","Red",16,3,3,2,0,15631,7.2,18436,252,53,-704,-1028,16,1,5,4,0,16335,7.4,19464,229,72,0,0,2,-2,-2,23,-19,-0.2
"5835","Red","Blue","Neither","Blue",11,3,4,4,0,15114,6.8,16890,193,56,-1210,-2064,17,3,9,4,0,16324,7.2,18954,213,52,0,-6,0,-5,0,-20,4,-0.4
"5836","Blue","Blue","Blue","Blue",15,5,6,5,0,16929,7.4,19425,263,54,1101,1147,80,4,3,3,0,15828,7.2,18278,242,49,0,-65,1,3,2,21,5,0.2
"5837","Blue","Blue","Red","Blue",13,7,10,12,0,17828,7,18635,184,59,371,514,16,2,9,9,0,17457,7,18121,219,35,0,-3,5,1,3,-35,24,0
"5838","Red","Red","Red","Red",145,2,2,1,0,14062,6.8,17156,219,44,-2226,-2642,14,5,6,2,0,16288,7.4,19798,238,59,0,131,-3,-4,-1,-19,-15,-0.600000000000001
"5839","Blue","Blue","Neither","Blue",14,4,5,4,0,15885,6.6,16411,213,54,-508,-1263,35,1,5,5,0,16393,7,17674,235,46,0,-21,3,0,-1,-22,8,-0.4
"5840","Red","Red","Neither","Red",17,0,1,2,0,13976,6.6,16595,211,48,-2971,-1923,138,1,7,7,0,16947,7.2,18518,231,59,0,-121,-1,-6,-5,-20,-11,-0.600000000000001
"5841","Blue","Neither","Neither","Red",46,3,8,14,0,16898,7.2,18746,213,48,734,1966,13,1,6,9,0,16164,6.4,16780,209,44,0,33,2,2,5,4,4,0.8
"5842","Blue","Blue","Neither","Red",18,3,5,3,0,16535,7.2,19103,206,80,956,2176,16,6,7,5,0,15579,6.6,16927,197,48,0,2,-3,-2,-2,9,32,0.600000000000001
"5843","Red","Red","Neither","Blue",17,5,7,9,0,16847,7,17476,223,48,1840,-279,38,3,3,1,0,15007,6.8,17755,224,51,0,-21,2,4,8,-1,-3,0.2
"5844","Red","Red","Neither","Red",38,5,4,4,0,15937,7.2,18739,219,50,-2138,-990,15,4,8,13,0,18075,7.2,19729,254,52,0,23,1,-4,-9,-35,-2,0
"5845","Red","Red","Neither","Red",14,4,1,1,0,13453,6.4,15565,215,40,-5403,-4604,25,0,12,17,0,18856,7.4,20169,232,50,0,-11,4,-11,-16,-17,-10,-1
"5846","Red","Red","Neither","Red",13,1,4,8,0,17071,6.8,17610,205,48,-1763,-2184,13,2,9,10,0,18834,7.4,19794,236,56,0,0,-1,-5,-2,-31,-8,-0.600000000000001
"5847","Red","Neither","Neither","Red",16,1,4,2,0,16224,7,18247,212,64,-294,321,13,4,7,5,0,16518,7,17926,205,40,0,3,-3,-3,-3,7,24,0
"5848","Blue","Blue","Neither","Blue",13,3,16,26,0,19776,7,17806,191,46,2806,-579,11,3,7,11,0,16970,7.2,18385,197,58,0,2,0,9,15,-6,-12,-0.2
"5849","Blue","Blue","Red","Blue",18,9,9,13,0,17461,7.2,18412,235,48,3119,896,44,2,1,1,0,14342,7,17516,228,56,0,-26,7,8,12,7,-8,0.2
"5850","Red","Red","Neither","Red",54,4,8,9,0,16355,7,17876,193,44,-495,934,16,2,7,7,0,16850,6.6,16942,191,60,0,38,2,1,2,2,-16,0.4
"5851","Blue","Blue","Blue","Blue",15,1,7,7,0,17325,7.6,20228,238,71,2905,2774,15,0,2,3,0,14420,6.6,17454,222,52,0,0,1,5,4,16,19,1
"5852","Blue","Red","Neither","Blue",15,3,5,9,0,16391,6.8,17744,228,68,-842,-711,22,1,8,9,0,17233,7,18455,239,44,0,-7,2,-3,0,-11,24,-0.2
"5853","Blue","Neither","Blue","Blue",14,4,4,5,1,16938,7,18241,213,52,1881,635,61,0,4,5,0,15057,6.8,17606,224,47,1,-47,4,0,0,-11,5,0.2
"5854","Red","Red","Neither","Red",14,2,4,5,0,15316,6.6,15976,184,44,-2883,-3312,18,3,15,15,0,18199,7.2,19288,194,48,0,-4,-1,-11,-10,-10,-4,-0.600000000000001
"5855","Red","Red","Red","Red",40,2,1,0,0,12300,6,14201,171,30,-5394,-5037,18,16,7,8,0,17694,7.2,19238,246,54,0,22,-14,-6,-8,-75,-24,-1.2
"5856","Red","Red","Blue","Red",76,1,4,5,0,15373,6.6,16348,217,47,-4432,-3639,14,2,11,16,0,19805,7.4,19987,226,80,0,62,-1,-7,-11,-9,-33,-0.800000000000001
"5857","Red","Neither","Red","Red",15,4,1,2,0,15196,6.8,17168,262,40,52,-934,15,3,3,2,0,15144,7,18102,246,47,0,0,1,-2,0,16,-7,-0.2
"5858","Blue","Red","Blue","Red",19,5,7,7,0,17184,6.6,16943,206,43,1835,393,17,1,6,5,0,15349,6.6,16550,217,47,0,2,4,1,2,-11,-4,0
"5859","Blue","Red","Neither","Blue",13,2,4,8,0,16135,6.6,16458,213,52,173,461,18,0,6,11,0,15962,6.4,15997,196,52,0,-5,2,-2,-3,17,0,0.199999999999999
"5860","Red","Red","Neither","Red",17,2,2,1,0,14658,6.6,16832,210,47,-1957,422,18,7,5,7,1,16615,6.6,16410,209,39,-1,-1,-5,-3,-6,1,8,0
"5861","Blue","Neither","Red","Blue",13,1,4,5,0,15420,6.8,16822,235,41,-1633,-2918,17,2,6,5,0,17053,7.4,19740,253,52,0,-4,-1,-2,0,-18,-11,-0.600000000000001
"5862","Blue","Neither","Neither","Blue",15,2,9,8,0,18130,7.2,19442,220,53,2635,2531,11,1,6,4,0,15495,6.6,16911,195,32,0,4,1,3,4,25,21,0.600000000000001
"5863","Blue","Blue","Red","Red",48,2,1,1,0,15119,6.8,18281,249,64,-326,-294,13,0,3,3,0,15445,7.4,18575,228,53,0,35,2,-2,-2,21,11,-0.600000000000001
"5864","Blue","Blue","Neither","Blue",33,0,9,10,0,17101,7,18332,207,42,3157,1899,16,5,1,0,0,13944,6.4,16433,239,35,0,17,-5,8,10,-32,7,0.6
"5865","Blue","Neither","Neither","Blue",16,5,5,4,0,15832,7,17807,225,40,-386,-775,17,2,4,4,0,16218,7,18582,244,66,0,-1,3,1,0,-19,-26,0
"5866","Blue","Neither","Blue","Blue",13,4,3,4,0,15088,6.6,16413,209,44,-1685,-2902,19,4,7,6,0,16773,7.4,19315,235,55,0,-6,0,-4,-2,-26,-11,-0.800000000000001
"5867","Blue","Neither","Red","Blue",14,2,3,3,0,16213,7.2,18235,247,60,1962,730,15,3,3,6,0,14251,6.8,17505,212,39,0,-1,-1,0,-3,35,21,0.4
"5868","Blue","Red","Blue","Blue",16,1,8,10,0,17300,7,19249,223,44,2298,1572,13,1,2,0,0,15002,7,17677,248,64,0,3,0,6,10,-25,-20,0
"5869","Blue","Red","Neither","Blue",16,0,8,4,0,16818,7,18842,213,52,588,1104,12,0,6,7,0,16230,7,17738,232,45,0,4,0,2,-3,-19,7,0
"5870","Red","Neither","Neither","Blue",21,3,9,13,0,17163,6.6,17099,190,31,-2880,-2174,15,4,13,11,0,20043,7,19273,213,48,0,6,-1,-4,2,-23,-17,-0.4
"5871","Blue","Red","Blue","Red",19,6,4,4,0,15522,7,18317,214,63,-1071,-120,30,10,5,7,0,16593,7.2,18437,246,64,0,-11,-4,-1,-3,-32,-1,-0.2
"5872","Red","Blue","Neither","Red",14,1,8,10,0,16991,7,17910,205,44,-1001,-825,15,3,10,6,0,17992,7.2,18735,225,52,0,-1,-2,-2,4,-20,-8,-0.2
"5873","Blue","Neither","Neither","Blue",19,4,9,10,0,17556,7,18073,220,41,1253,-235,16,7,7,4,0,16303,7,18308,191,68,0,3,-3,2,6,29,-27,0
"5874","Blue","Neither","Neither","Red",14,1,9,12,0,17359,7.2,18731,225,34,887,346,14,1,6,2,0,16472,6.8,18385,237,54,0,0,0,3,10,-12,-20,0.4
"5875","Red","Red","Neither","Blue",18,2,12,10,0,18849,7.2,18593,216,42,702,4,19,3,11,12,0,18147,7,18589,182,54,0,-1,-1,1,-2,34,-12,0.2
"5876","Blue","Red","Neither","Blue",14,3,4,6,0,15260,6.8,17024,201,32,-1443,-1629,16,2,6,9,0,16703,7.4,18653,212,74,0,-2,1,-2,-3,-11,-42,-0.600000000000001
"5877","Blue","Red","Neither","Blue",18,5,9,10,0,18307,7.2,19026,244,49,3113,2284,17,5,4,3,0,15194,6.4,16742,213,48,0,1,0,5,7,31,1,0.8
"5878","Red","Blue","Neither","Blue",15,3,7,9,0,15363,6.2,15411,171,52,-2151,-852,16,1,11,9,0,17514,6.4,16263,199,43,0,-1,2,-4,0,-28,9,-0.2
"5879","Red","Red","Neither","Blue",15,1,7,8,0,17543,7.2,19187,236,47,204,-344,13,4,9,7,0,17339,7.2,19531,237,43,0,2,-3,-2,1,-1,4,0
"5880","Blue","Blue","Neither","Blue",15,3,10,14,0,18513,7,17991,213,60,710,288,17,1,9,13,0,17803,6.8,17703,191,56,0,-2,2,1,1,22,4,0.2
"5881","Blue","Neither","Red","Blue",14,2,6,5,0,15913,6.8,16789,197,45,-483,320,16,2,8,7,0,16396,6.6,16469,187,44,0,-2,0,-2,-2,10,1,0.2
"5882","Blue","Blue","Red","Blue",38,1,7,4,0,16605,7,18407,199,61,-643,508,17,3,5,5,1,17248,6.8,17899,241,46,-1,21,-2,2,-1,-42,15,0.2
"5883","Red","Blue","Neither","Blue",41,3,9,13,0,17641,6.8,16803,199,38,436,338,18,5,9,11,0,17205,6.4,16465,207,33,0,23,-2,0,2,-8,5,0.399999999999999
"5884","Blue","Neither","Neither","Blue",13,2,9,8,0,18564,7.2,19783,212,60,2005,2005,12,1,5,7,0,16559,7.2,17778,236,44,0,1,1,4,1,-24,16,0
"5885","Blue","Red","Red","Red",19,2,4,3,0,15588,6.8,17603,225,51,192,88,45,4,4,7,0,15396,6.6,17515,241,46,0,-26,-2,0,-4,-16,5,0.2
"5886","Blue","Blue","Neither","Red",18,1,4,3,0,14722,6.4,16664,187,40,-675,-2016,77,1,5,5,0,15397,7.2,18680,185,52,0,-59,0,-1,-2,2,-12,-0.8
"5887","Red","Red","Neither","Red",18,3,7,10,0,16531,6.6,16364,202,44,-869,327,29,2,7,9,1,17400,6.6,16037,219,48,-1,-11,1,0,1,-17,-4,0
"5888","Red","Blue","Red","Blue",16,3,3,3,0,15471,7,17472,233,56,-390,-502,19,4,3,5,0,15861,6.8,17974,240,47,0,-3,-1,0,-2,-7,9,0.2
"5889","Blue","Red","Blue","Blue",16,4,7,7,0,17271,7,18144,246,51,2369,2245,20,4,5,4,0,14902,6.4,15899,190,56,0,-4,0,2,3,56,-5,0.6
"5890","Blue","Blue","Red","Red",18,2,8,8,0,17351,7.2,19306,235,55,3251,2936,14,3,2,1,0,14100,6.6,16370,213,44,0,4,-1,6,7,22,11,0.600000000000001
"5891","Red","Red","Blue","Red",20,3,2,2,0,14869,6.8,17895,238,41,-1642,-703,17,1,6,8,0,16511,7.2,18598,224,59,0,3,2,-4,-6,14,-18,-0.4
"5892","Red","Neither","Red","Blue",19,5,6,5,0,16534,7,17934,231,52,-1256,-844,17,3,9,9,0,17790,7.2,18778,235,32,0,2,2,-3,-4,-4,20,-0.2
"5893","Blue","Red","Blue","Red",11,1,6,4,0,16226,7.2,18754,221,46,-1613,474,15,1,10,11,0,17839,7,18280,215,46,0,-4,0,-4,-7,6,0,0.2
"5894","Blue","Blue","Neither","Blue",16,2,6,6,0,16847,7.4,19065,220,67,2341,2303,14,4,3,3,0,14506,6.6,16762,214,38,0,2,-2,3,3,6,29,0.800000000000001
"5895","Blue","Red","Neither","Red",14,1,8,9,0,16583,6.4,17229,198,44,-1635,-2200,14,0,11,7,0,18218,7.2,19429,211,60,0,0,1,-3,2,-13,-16,-0.8
"5896","Red","Red","Red","Blue",17,1,1,1,0,15573,7,18440,246,70,66,319,130,4,3,6,0,15507,7,18121,233,57,0,-113,-3,-2,-5,13,13,0
"5897","Blue","Neither","Neither","Blue",16,3,10,6,0,17770,7.4,19036,239,47,995,2657,18,1,9,8,0,16775,6.6,16379,155,52,0,-2,2,1,-2,84,-5,0.800000000000001
"5898","Red","Red","Neither","Red",19,3,4,4,0,15850,7.2,18831,233,51,1207,1885,16,3,3,4,0,14643,6.6,16946,229,48,0,3,0,1,0,4,3,0.600000000000001
"5899","Blue","Red","Red","Red",14,3,1,1,0,13756,6.6,16900,238,36,-3750,-3108,40,3,4,3,1,17506,7.2,20008,244,64,-1,-26,0,-3,-2,-6,-28,-0.600000000000001
"5900","Red","Neither","Neither","Red",11,4,5,5,0,15192,6.6,16557,198,44,-3240,-2369,22,2,9,18,0,18432,7.2,18926,252,52,0,-11,2,-4,-13,-54,-8,-0.600000000000001
"5901","Blue","Red","Blue","Blue",14,4,9,11,0,17611,7.2,18414,223,58,1706,1239,13,3,4,6,0,15905,6.8,17175,233,41,0,1,1,5,5,-10,17,0.4
"5902","Blue","Red","Neither","Red",12,3,4,3,0,14796,6.6,17144,209,50,-2183,-1025,18,1,6,5,0,16979,6.8,18169,236,56,0,-6,2,-2,-2,-27,-6,-0.2
"5903","Blue","Blue","Blue","Blue",15,2,8,8,0,18519,7.2,20004,235,52,5222,3469,10,0,0,0,0,13297,6.6,16535,187,68,0,5,2,8,8,48,-16,0.600000000000001
"5904","Blue","Red","Neither","Red",13,4,4,3,0,15750,7,18310,233,52,755,-289,16,2,2,2,0,14995,7,18599,248,57,0,-3,2,2,1,-15,-5,0
"5905","Red","Neither","Neither","Red",15,3,7,4,0,15967,6.8,17259,205,47,-2068,36,22,5,11,12,0,18035,6.8,17223,210,28,0,-7,-2,-4,-8,-5,19,0
"5906","Red","Red","Neither","Blue",16,1,6,6,0,16777,7,18587,212,55,295,857,23,5,7,7,0,16482,7,17730,218,40,0,-7,-4,-1,-1,-6,15,0
"5907","Blue","Red","Neither","Blue",16,0,8,11,0,17145,7,17795,204,70,2563,1726,13,3,5,5,0,14582,6.6,16069,181,36,0,3,-3,3,6,23,34,0.4
"5908","Blue","Red","Neither","Blue",27,6,7,4,0,17309,7.2,19092,253,48,763,1025,17,1,7,9,0,16546,7,18067,217,48,0,10,5,0,-5,36,0,0.2
"5909","Blue","Blue","Neither","Blue",16,2,10,9,0,19219,7,18673,229,50,2346,1776,9,0,9,10,0,16873,6.8,16897,177,35,0,7,2,1,-1,52,15,0.2
"5910","Blue","Red","Neither","Blue",24,2,6,3,0,16164,7,18306,226,63,113,-518,15,3,5,9,0,16051,7.4,18824,223,52,0,9,-1,1,-6,3,11,-0.4
"5911","Red","Blue","Neither","Red",53,1,7,9,0,17220,7.2,18678,202,64,135,794,15,2,7,6,0,17085,6.8,17884,228,52,0,38,-1,0,3,-26,12,0.4
"5912","Blue","Blue","Blue","Blue",39,3,5,4,0,14527,6.8,17128,195,45,-1063,63,18,0,5,4,0,15590,6.8,17065,217,48,0,21,3,0,0,-22,-3,0
"5913","Red","Red","Blue","Red",17,2,2,2,0,14355,6.8,17580,217,51,59,1149,17,3,3,6,0,14296,6.6,16431,205,39,0,0,-1,-1,-4,12,12,0.2
"5914","Blue","Red","Blue","Blue",21,5,10,11,0,18672,7.2,19616,243,44,3579,2473,17,3,3,2,0,15093,6.8,17143,212,72,0,4,2,7,9,31,-28,0.4
"5915","Blue","Red","Neither","Blue",14,1,5,4,0,16481,7.2,18268,221,53,563,-1127,14,2,6,4,0,15918,7.2,19395,217,52,0,0,-1,-1,0,4,1,0
"5916","Red","Red","Red","Red",22,2,7,10,1,18376,7,17877,225,48,2595,776,33,4,6,4,0,15781,6.6,17101,201,59,1,-11,-2,1,6,24,-11,0.4
"5917","Red","Red","Neither","Red",44,3,2,3,0,13899,6.4,15844,195,38,-6134,-6414,24,6,12,9,0,20033,8.2,22258,236,83,0,20,-3,-10,-6,-41,-45,-1.8
"5918","Blue","Blue","Red","Blue",19,3,5,7,0,16345,7,17851,230,46,1284,-1614,17,2,5,3,0,15061,7.2,19465,200,43,0,2,1,0,4,30,3,-0.2
"5919","Blue","Blue","Neither","Blue",95,1,7,14,0,17964,7.2,18073,216,55,4042,4968,11,2,5,4,0,13922,5.4,13105,172,4,0,84,-1,2,10,44,51,1.8
"5920","Red","Red","Neither","Red",9,1,1,0,0,14591,6.8,17823,230,66,-817,-1289,12,2,1,0,0,15408,7,19112,253,76,0,-3,-1,0,0,-23,-10,-0.2
"5921","Blue","Blue","Blue","Red",20,4,4,5,0,16486,7.2,18617,256,60,1118,871,21,3,4,6,0,15368,6.8,17746,224,43,0,-1,1,0,-1,32,17,0.4
"5922","Blue","Red","Neither","Blue",14,4,6,4,0,16636,7.2,18741,225,40,1833,899,16,0,2,3,0,14803,6.8,17842,201,63,0,-2,4,4,1,24,-23,0.4
"5923","Blue","Neither","Neither","Red",88,2,4,4,0,17585,7.2,19376,270,55,3052,3581,41,3,3,8,0,14533,6.6,15795,200,44,0,47,-1,1,-4,70,11,0.600000000000001
"5924","Red","Blue","Red","Red",17,3,3,5,0,16233,6.4,17101,216,52,-3559,-3823,13,3,9,6,1,19792,7.6,20924,236,56,-1,4,0,-6,-1,-20,-4,-1.2
"5925","Red","Neither","Red","Red",20,0,8,9,0,16830,7,17100,206,59,-1619,265,21,4,12,19,0,18449,7,16835,158,45,0,-1,-4,-4,-10,48,14,0
"5926","Blue","Neither","Blue","Blue",86,6,9,8,1,19257,7,18701,224,68,3766,3001,45,6,6,9,0,15491,6.4,15700,186,44,1,41,0,3,-1,38,24,0.6
"5927","Blue","Neither","Red","Blue",15,5,5,5,0,16977,7,18682,231,60,1807,1076,43,2,2,1,0,15170,7,17606,237,51,0,-28,3,3,4,-6,9,0
"5928","Blue","Blue","Blue","Red",15,2,4,2,0,15517,6.8,17441,215,52,697,951,12,3,3,3,0,14820,6.8,16490,211,48,0,3,-1,1,-1,4,4,0
"5929","Red","Blue","Blue","Blue",19,4,12,13,0,17810,6.6,16753,150,50,532,-883,16,4,7,8,0,17278,6.8,17636,255,28,0,3,0,5,5,-105,22,-0.2
"5930","Red","Neither","Neither","Red",18,2,5,9,0,15454,6.8,16466,210,40,-824,-976,49,7,5,8,0,16278,6.8,17442,240,56,0,-31,-5,0,1,-30,-16,0
"5931","Blue","Blue","Neither","Blue",12,2,12,10,0,18048,7,19291,185,55,4294,2844,15,0,1,0,0,13754,6.4,16447,176,68,0,-3,2,11,10,9,-13,0.6
"5932","Red","Blue","Red","Blue",14,1,7,7,0,16938,7.2,18493,223,60,206,-453,17,0,6,3,0,16732,7.4,18946,234,56,0,-3,1,1,4,-11,4,-0.2
"5933","Blue","Red","Neither","Red",11,3,9,14,0,18587,7.4,19265,223,52,2851,1140,17,2,4,3,0,15736,6.8,18125,226,68,0,-6,1,5,11,-3,-16,0.600000000000001
"5934","Blue","Red","Red","Red",15,1,2,1,0,13711,6.2,15114,180,48,-4331,-3757,23,0,10,12,0,18042,7.2,18871,216,71,0,-8,1,-8,-11,-36,-23,-1
"5935","Blue","Neither","Neither","Blue",20,1,6,9,0,17687,7,18128,232,60,4039,1819,16,2,1,1,0,13648,6.6,16309,217,52,0,4,-1,5,8,15,8,0.4
"5936","Red","Neither","Blue","Blue",19,1,6,6,0,17170,6.8,18330,238,56,2241,639,15,2,3,3,0,14929,6.6,17691,214,60,0,4,-1,3,3,24,-4,0.2
"5937","Red","Red","Neither","Red",15,3,7,7,0,17055,7.2,19405,230,55,567,1254,19,2,6,7,0,16488,7,18151,201,60,0,-4,1,1,0,29,-5,0.2
"5938","Red","Neither","Neither","Red",14,1,9,10,0,16760,6.8,16804,193,42,226,-957,13,2,6,2,0,16534,6.8,17761,213,55,0,1,-1,3,8,-20,-13,0
"5939","Red","Blue","Neither","Red",64,5,5,4,0,15680,6.8,18107,197,64,-3865,-1779,12,8,13,15,0,19545,7.2,19886,223,43,0,52,-3,-8,-11,-26,21,-0.4
"5940","Red","Red","Neither","Red",34,3,4,3,0,13670,6.2,15417,166,30,-6282,-4301,14,2,9,8,1,19952,7.2,19718,233,65,-1,20,1,-5,-5,-67,-35,-1
"5941","Blue","Blue","Neither","Red",38,5,14,17,0,20305,7.4,19846,239,55,3072,3561,17,4,8,9,0,17233,6.8,16285,189,40,0,21,1,6,8,50,15,0.600000000000001
"5942","Blue","Blue","Neither","Blue",12,3,5,7,0,16209,7,18162,231,52,55,-1918,15,5,6,3,0,16154,7.2,20080,228,64,0,-3,-2,-1,4,3,-12,-0.2
"5943","Blue","Blue","Blue","Red",24,3,13,17,1,20860,7.2,19749,239,67,4299,3637,20,4,8,10,0,16561,6.4,16112,192,33,1,4,-1,5,7,47,34,0.8
"5944","Red","Neither","Blue","Red",14,1,4,6,0,16180,6.8,17769,217,56,1338,1039,15,3,4,3,0,14842,6.6,16730,216,47,0,-1,-2,0,3,1,9,0.2
"5945","Blue","Neither","Neither","Blue",14,6,8,8,0,17608,7.2,18800,210,43,2185,955,20,0,3,4,0,15423,6.8,17845,231,53,0,-6,6,5,4,-21,-10,0.4
"5946","Red","Blue","Neither","Red",50,1,9,8,0,17248,6.6,16433,185,40,-109,158,13,3,11,6,0,17357,6.4,16275,195,33,0,37,-2,-2,2,-10,7,0.199999999999999
"5947","Blue","Red","Neither","Red",16,1,6,6,0,17025,7,18219,211,59,1196,-85,16,2,4,2,0,15829,7,18304,228,64,0,0,-1,2,4,-17,-5,0
"5948","Red","Neither","Red","Blue",18,3,3,8,0,14451,6.8,16229,225,37,-3028,-3555,33,5,8,8,0,17479,7.4,19784,223,60,0,-15,-2,-5,0,2,-23,-0.600000000000001
"5949","Red","Neither","Neither","Blue",16,1,8,9,0,17169,7,17752,210,51,734,-965,61,2,7,5,0,16435,7,18717,207,58,0,-45,-1,1,4,3,-7,0
"5950","Red","Blue","Blue","Red",15,3,6,7,0,15908,7.2,18702,208,63,-1035,-442,25,2,6,2,0,16943,7.2,19144,229,64,0,-10,1,0,5,-21,-1,0
"5951","Blue","Red","Neither","Red",29,4,2,3,0,14948,6.8,17592,226,48,-3669,-2489,17,4,8,14,0,18617,7.6,20081,255,76,0,12,0,-6,-11,-29,-28,-0.8
"5952","Red","Red","Red","Red",15,7,8,14,0,16941,7,17520,203,41,-1833,-393,19,2,12,17,0,18774,7,17913,210,52,0,-4,5,-4,-3,-7,-11,0
"5953","Blue","Blue","Neither","Blue",26,8,9,7,0,18410,7.2,18561,253,51,714,-176,13,7,10,10,0,17696,7,18737,232,40,0,13,1,-1,-3,21,11,0.2
"5954","Red","Blue","Neither","Red",18,0,5,3,0,15288,6.8,18328,218,52,-1652,466,9,7,6,9,0,16940,6.8,17862,224,47,0,9,-7,-1,-6,-6,5,0
"5955","Red","Red","Red","Blue",18,8,1,0,0,13446,6.4,15362,204,45,-4840,-4530,16,8,6,6,1,18286,7.2,19892,258,66,-1,2,0,-5,-6,-54,-21,-0.8
"5956","Blue","Neither","Blue","Blue",17,3,8,11,1,18802,6.8,17609,236,42,3247,576,13,4,5,4,0,15555,6.8,17033,207,51,1,4,-1,3,7,29,-9,0
"5957","Blue","Red","Neither","Blue",16,1,5,6,0,16398,7,17792,234,39,1343,519,12,1,2,1,0,15055,6.8,17273,225,63,0,4,0,3,5,9,-24,0.2
"5958","Red","Neither","Neither","Red",16,1,4,4,0,15778,7.2,18381,219,40,36,-325,15,0,4,1,0,15742,7.2,18706,220,64,0,1,1,0,3,-1,-24,0
"5959","Red","Red","Neither","Red",13,2,3,1,0,14634,7,18284,213,48,-879,254,15,3,3,3,0,15513,7,18030,248,48,0,-2,-1,0,-2,-35,0,0
"5960","Blue","Red","Neither","Red",16,1,2,3,0,14269,6.4,15867,203,41,-3941,-3623,12,4,9,9,0,18210,7.2,19490,239,46,0,4,-3,-7,-6,-36,-5,-0.8
"5961","Red","Blue","Neither","Blue",16,5,6,11,0,16031,6.6,17016,215,57,-987,-1705,18,1,8,8,0,17018,6.8,18721,223,55,0,-2,4,-2,3,-8,2,-0.2
"5962","Red","Red","Neither","Red",17,2,3,3,0,13817,6.4,14829,167,44,-3294,-2723,13,3,8,5,0,17111,6.6,17552,206,48,0,4,-1,-5,-2,-39,-4,-0.199999999999999
"5963","Red","Blue","Neither","Red",17,4,5,5,0,16280,6.6,17350,199,48,-2198,-1633,15,3,11,15,0,18478,7.2,18983,188,46,0,2,1,-6,-10,11,2,-0.600000000000001
"5964","Blue","Red","Red","Red",65,2,3,5,0,14823,6.8,17193,193,56,-3916,-1400,23,5,8,7,1,18739,7,18593,245,53,-1,42,-3,-5,-2,-52,3,-0.2
"5965","Blue","Red","Neither","Blue",20,2,9,7,0,17174,7,18159,189,49,-1342,-1278,173,3,9,10,0,18516,7.2,19437,238,50,0,-153,-1,0,-3,-49,-1,-0.2
"5966","Blue","Red","Blue","Red",14,4,8,8,0,17349,7.6,19375,197,55,1942,1658,19,3,4,2,0,15407,6.8,17717,228,52,0,-5,1,4,6,-31,3,0.8
"5967","Red","Red","Blue","Red",16,2,1,2,0,13235,6.4,15728,187,40,-2466,-1449,19,6,5,6,0,15701,6.6,17177,221,31,0,-3,-4,-4,-4,-34,9,-0.199999999999999
"5968","Red","Red","Neither","Red",15,2,6,8,0,16231,6.6,16805,179,50,-1535,-838,16,3,10,11,0,17766,6.8,17643,192,59,0,-1,-1,-4,-3,-13,-9,-0.2
"5969","Blue","Blue","Blue","Red",13,1,4,3,0,15255,7.2,18352,228,47,-965,658,14,1,5,5,0,16220,7,17694,223,44,0,-1,0,-1,-2,5,3,0.2
"5970","Blue","Neither","Neither","Red",21,1,2,1,0,15337,7.2,18920,235,72,-1676,-532,19,4,5,8,0,17013,7.4,19452,228,63,0,2,-3,-3,-7,7,9,-0.2
"5971","Blue","Red","Neither","Blue",17,4,9,9,0,18050,6.6,17022,220,28,2847,1559,20,1,6,6,0,15203,6.2,15463,176,52,0,-3,3,3,3,44,-24,0.399999999999999
"5972","Blue","Blue","Neither","Blue",48,4,4,4,0,15730,6.8,18012,240,55,1383,660,14,2,2,1,0,14347,6.6,17352,221,56,0,34,2,2,3,19,-1,0.2
"5973","Red","Red","Red","Red",13,3,2,3,0,14752,6.8,17798,230,53,-439,-983,36,0,3,3,0,15191,7.2,18781,222,65,0,-23,3,-1,0,8,-12,-0.4
"5974","Blue","Red","Neither","Red",73,2,9,10,0,17578,7.2,19495,213,52,1989,2500,16,0,5,5,0,15589,6.8,16995,218,44,0,57,2,4,5,-5,8,0.4
"5975","Blue","Blue","Neither","Red",13,6,5,3,0,15397,6.6,17110,222,55,-775,-393,19,0,6,5,0,16172,6.8,17503,191,52,0,-6,6,-1,-2,31,3,-0.2
"5976","Red","Red","Blue","Blue",12,4,8,10,0,17012,7,17507,225,38,872,-215,74,1,6,6,0,16140,6.8,17722,214,48,0,-62,3,2,4,11,-10,0.2
"5977","Blue","Red","Blue","Blue",37,3,2,1,0,14886,6.8,18605,234,55,762,1570,51,3,2,1,0,14124,6.8,17035,209,44,0,-14,0,0,0,25,11,0
"5978","Blue","Blue","Blue","Blue",16,1,12,14,0,19592,7.2,19231,235,53,3214,2261,54,1,7,5,0,16378,7,16970,184,49,0,-38,0,5,9,51,4,0.2
"5979","Red","Red","Neither","Red",15,1,7,6,0,17550,7.2,18791,237,52,175,989,12,3,9,9,0,17375,6.8,17802,221,48,0,3,-2,-2,-3,16,4,0.4
"5980","Blue","Neither","Red","Blue",13,3,7,6,0,17106,6.8,17550,226,47,1138,558,16,1,6,5,0,15968,6.8,16992,202,39,0,-3,2,1,1,24,8,0
"5981","Red","Red","Blue","Blue",22,2,8,9,0,17977,7.2,18586,255,49,1062,445,16,4,7,8,0,16915,7.2,18141,203,62,0,6,-2,1,1,52,-13,0
"5982","Blue","Blue","Neither","Blue",18,2,6,5,0,16953,7.2,19642,248,52,2348,2678,18,4,2,3,0,14605,6.6,16964,225,56,0,0,-2,4,2,23,-4,0.600000000000001
"5983","Red","Red","Neither","Red",15,0,2,2,0,13550,6.4,15932,183,30,-4770,-3411,41,1,10,7,0,18320,7.4,19343,236,56,0,-26,-1,-8,-5,-53,-26,-1
"5984","Red","Red","Neither","Red",17,3,4,7,0,15224,6.8,16862,189,43,-3595,-1973,19,4,11,11,0,18819,7,18835,221,68,0,-2,-1,-7,-4,-32,-25,-0.2
"5985","Blue","Blue","Neither","Blue",18,2,9,9,0,18582,7.6,19702,243,51,3881,3409,11,4,3,4,0,14701,6.6,16293,217,40,0,7,-2,6,5,26,11,1
"5986","Blue","Neither","Blue","Blue",26,4,15,12,0,21202,7.8,21701,238,59,6577,4426,16,1,3,3,0,14625,7,17275,188,57,0,10,3,12,9,50,2,0.8
"5987","Red","Blue","Blue","Blue",44,2,7,3,0,16066,6.8,17944,224,50,-1247,400,15,3,5,3,1,17313,6.8,17544,225,55,-1,29,-1,2,0,-1,-5,0
"5988","Blue","Blue","Neither","Red",18,2,9,11,0,18077,6.8,17869,235,40,1669,113,16,3,6,4,0,16408,7,17756,218,48,0,2,-1,3,7,17,-8,-0.2
"5989","Red","Blue","Red","Red",15,3,3,6,0,16042,7.2,19220,255,72,580,709,20,2,3,2,0,15462,7,18511,231,51,0,-5,1,0,4,24,21,0.2
"5990","Blue","Red","Neither","Blue",15,3,4,7,0,14781,6.6,16316,209,32,165,267,14,2,4,8,0,14616,6.4,16049,185,48,0,1,1,0,-1,24,-16,0.199999999999999
"5991","Red","Red","Blue","Blue",80,2,7,4,0,15904,6.4,15750,198,36,-1597,-1321,16,3,11,15,0,17501,6.8,17071,170,63,0,64,-1,-4,-11,28,-27,-0.399999999999999
"5992","Blue","Red","Neither","Red",14,5,4,5,0,15281,6.6,16663,211,62,-736,-1526,18,1,5,4,0,16017,7,18189,229,53,0,-4,4,-1,1,-18,9,-0.4
"5993","Red","Red","Neither","Red",36,6,4,7,0,14795,6.6,16491,190,36,-3431,-1020,27,1,8,11,0,18226,6.8,17511,221,47,0,9,5,-4,-4,-31,-11,-0.2
"5994","Blue","Red","Red","Red",79,1,3,3,0,15065,6.8,17306,239,31,-2560,-2062,17,2,7,6,0,17625,7.2,19368,242,63,0,62,-1,-4,-3,-3,-32,-0.4
"5995","Blue","Blue","Blue","Blue",16,3,9,18,1,19011,7,17878,201,57,3451,202,46,1,5,4,0,15560,7,17676,224,44,1,-30,2,4,14,-23,13,0
"5996","Red","Red","Neither","Blue",15,2,6,3,0,16366,7,18102,237,61,1980,1777,17,1,4,4,0,14386,6.4,16325,203,40,0,-2,1,2,-1,34,21,0.6
"5997","Blue","Neither","Neither","Red",18,4,7,5,0,16709,7.2,19029,227,48,-629,180,17,4,9,9,0,17338,7.2,18849,223,56,0,1,0,-2,-4,4,-8,0
"5998","Blue","Red","Blue","Red",12,1,5,2,0,15798,7,18818,231,52,-361,671,17,2,4,3,0,16159,7,18147,248,48,0,-5,-1,1,-1,-17,4,0
"5999","Blue","Blue","Neither","Blue",10,7,5,5,0,15239,7.2,18919,218,45,742,2904,22,2,3,4,0,14497,6.6,16015,182,58,0,-12,5,2,1,36,-13,0.600000000000001
"6000","Blue","Blue","Neither","Blue",18,5,8,11,0,17287,7,18312,224,45,886,684,45,3,6,8,0,16401,6.8,17628,228,32,0,-27,2,2,3,-4,13,0.2
"6001","Blue","Neither","Neither","Blue",14,4,3,5,0,14788,6.6,16201,223,44,-166,-1446,16,3,5,3,0,14954,7,17647,188,52,0,-2,1,-2,2,35,-8,-0.4
"6002","Blue","Blue","Neither","Blue",13,6,7,7,0,16736,7,18814,217,56,433,-323,21,4,5,6,0,16303,7.2,19137,262,52,0,-8,2,2,1,-45,4,-0.2
"6003","Red","Blue","Neither","Blue",16,2,7,8,0,16876,7,17943,223,38,31,-472,37,4,9,12,0,16845,7.2,18415,207,27,0,-21,-2,-2,-4,16,11,-0.2
"6004","Red","Blue","Neither","Blue",16,0,4,6,0,14563,6.6,15835,196,39,-3004,-3860,17,4,8,10,0,17567,7.2,19695,229,64,0,-1,-4,-4,-4,-33,-25,-0.600000000000001
"6005","Red","Red","Neither","Red",16,2,3,5,0,15912,6.4,16609,236,40,1034,-973,13,4,5,2,0,14878,6.8,17582,169,67,0,3,-2,-2,3,67,-27,-0.399999999999999
"6006","Red","Red","Blue","Red",15,2,5,9,0,16624,6.8,18064,208,62,1060,2796,15,3,5,7,0,15564,6.6,15268,190,44,0,0,-1,0,2,18,18,0.2
"6007","Blue","Blue","Neither","Blue",16,1,10,9,1,19018,7.2,19294,209,63,3126,3795,12,1,7,11,0,15892,6.4,15499,162,51,1,4,0,3,-2,47,12,0.8
"6008","Blue","Red","Neither","Red",15,5,6,6,0,16682,7.2,19047,209,68,-257,1379,19,4,7,8,0,16939,6.8,17668,209,55,0,-4,1,-1,-2,0,13,0.4
"6009","Red","Blue","Blue","Blue",17,1,6,8,0,17249,7,18964,239,56,1095,768,12,4,4,6,0,16154,7,18196,247,56,0,5,-3,2,2,-8,0,0
"6010","Blue","Neither","Neither","Red",11,4,4,3,0,15727,7.2,18903,247,44,-84,221,14,1,6,4,0,15811,7.2,18682,216,52,0,-3,3,-2,-1,31,-8,0
"6011","Red","Neither","Neither","Red",15,2,4,3,0,14962,7,18176,201,48,-1672,-2213,15,3,6,3,0,16634,7.4,20389,237,68,0,0,-1,-2,0,-36,-20,-0.4
"6012","Red","Blue","Red","Blue",15,3,6,7,0,17390,7.4,19841,239,68,1644,987,14,2,2,4,0,15746,7,18854,250,60,0,1,1,4,3,-11,8,0.4
"6013","Blue","Blue","Neither","Blue",19,4,7,8,0,16632,6.8,17520,191,53,-1069,-587,17,2,10,11,0,17701,6.8,18107,202,45,0,2,2,-3,-3,-11,8,0
"6014","Blue","Blue","Neither","Blue",12,5,5,5,0,16706,7,17948,231,48,1352,-81,21,0,3,2,0,15354,7,18029,230,55,0,-9,5,2,3,1,-7,0
"6015","Red","Red","Red","Blue",15,4,2,3,0,14969,6.8,16983,246,51,816,-457,40,2,1,2,0,14153,6.8,17440,213,52,0,-25,2,1,1,33,-1,0
"6016","Blue","Blue","Blue","Red",12,6,4,5,0,16630,7.2,19373,251,70,-159,-206,22,2,5,6,0,16789,7.2,19579,244,65,0,-10,4,-1,-1,7,5,0
"6017","Red","Red","Neither","Blue",16,3,7,11,0,17037,7,18710,243,47,-1896,-1756,15,2,11,13,0,18933,7.4,20466,243,50,0,1,1,-4,-2,0,-3,-0.4
"6018","Red","Neither","Neither","Blue",22,3,7,3,0,16729,7.2,19694,231,56,2248,3163,14,2,2,1,0,14481,6.4,16531,206,53,0,8,1,5,2,25,3,0.8
"6019","Blue","Red","Neither","Blue",27,2,5,6,0,16281,6.8,17527,233,48,128,-368,17,4,5,10,0,16153,7.2,17895,223,51,0,10,-2,0,-4,10,-3,-0.4
"6020","Blue","Red","Red","Blue",61,6,6,11,0,16375,7.2,18060,226,44,1389,1615,13,1,4,3,0,14986,6.6,16445,198,50,0,48,5,2,8,28,-6,0.600000000000001
"6021","Blue","Blue","Neither","Blue",36,3,7,4,0,16849,7.6,20518,234,68,1116,2834,13,1,4,6,0,15733,6.8,17684,237,48,0,23,2,3,-2,-3,20,0.8
"6022","Blue","Neither","Blue","Blue",14,2,10,16,0,18195,7.2,19078,220,48,4358,4325,16,1,2,3,0,13837,6,14753,207,44,0,-2,1,8,13,13,4,1.2
"6023","Blue","Red","Neither","Red",14,2,4,2,0,15825,7,18247,235,54,-306,-953,37,3,7,7,0,16131,7.4,19200,227,45,0,-23,-1,-3,-5,8,9,-0.4
"6024","Blue","Neither","Neither","Blue",9,5,11,8,0,18483,7.4,19419,199,47,2915,2523,18,1,7,6,0,15568,6.6,16896,209,41,0,-9,4,4,2,-10,6,0.800000000000001
"6025","Red","Red","Red","Red",18,4,10,14,0,18270,7,18940,234,50,1927,495,15,2,6,7,0,16343,7,18445,224,49,0,3,2,4,7,10,1,0
"6026","Red","Red","Red","Blue",17,3,9,11,0,17372,6.8,17545,202,42,1491,1101,17,4,6,6,0,15881,6.4,16444,206,48,0,0,-1,3,5,-4,-6,0.399999999999999
"6027","Blue","Neither","Neither","Red",16,2,11,13,0,19582,7.4,19381,228,44,4267,2764,16,2,4,2,0,15315,6.6,16617,200,50,0,0,0,7,11,28,-6,0.800000000000001
"6028","Blue","Neither","Neither","Red",9,1,5,3,0,16823,7.2,19226,226,68,1409,2767,15,0,4,7,0,15414,6.6,16459,188,52,0,-6,1,1,-4,38,16,0.600000000000001
"6029","Blue","Blue","Blue","Red",23,1,9,9,0,18264,7.4,20134,234,75,2188,2716,10,1,4,5,0,16076,6.8,17418,227,60,0,13,0,5,4,7,15,0.600000000000001
"6030","Red","Red","Neither","Red",18,3,3,2,0,15142,6.8,16713,211,52,-3107,-1687,19,5,10,21,0,18249,6.8,18400,222,53,0,-1,-2,-7,-19,-11,-1,0
"6031","Red","Blue","Neither","Blue",36,5,5,4,0,16396,7.2,18166,211,60,-1640,-907,16,2,8,9,0,18036,7.2,19073,250,48,0,20,3,-3,-5,-39,12,0
"6032","Blue","Red","Neither","Red",20,6,4,3,0,15434,7,18097,235,49,-1806,-226,20,4,7,12,0,17240,7.2,18323,224,58,0,0,2,-3,-9,11,-9,-0.2
"6033","Blue","Blue","Neither","Blue",17,1,6,7,1,18564,7,18738,239,44,4518,1715,11,3,3,2,0,14046,6.8,17023,169,55,1,6,-2,3,5,70,-11,0.2
"6034","Red","Red","Neither","Red",11,2,8,9,0,17304,7.2,19455,233,52,1127,1908,7,1,6,5,0,16177,6.8,17547,211,52,0,4,1,2,4,22,0,0.4
"6035","Red","Red","Neither","Blue",24,1,8,5,0,17785,7.2,19422,238,55,2597,2731,37,2,5,4,0,15188,6.6,16691,199,47,0,-13,-1,3,1,39,8,0.600000000000001
"6036","Blue","Neither","Neither","Blue",14,2,8,11,0,17299,6.8,17445,233,32,2406,1503,16,0,4,2,0,14893,6.2,15942,194,49,0,-2,2,4,9,39,-17,0.6
"6037","Red","Neither","Neither","Red",12,2,7,4,0,15528,6.6,17206,235,6,-3546,-1919,14,0,11,12,0,19074,7.2,19125,238,65,0,-2,2,-4,-8,-3,-59,-0.600000000000001
"6038","Red","Red","Neither","Blue",12,4,6,10,0,16532,6.6,16932,213,58,1920,1140,17,1,5,9,0,14612,6.4,15792,155,52,0,-5,3,1,1,58,6,0.199999999999999
"6039","Red","Blue","Neither","Blue",15,3,6,7,0,16279,7,18119,227,44,1079,784,16,2,4,4,0,15200,6.6,17335,223,55,0,-1,1,2,3,4,-11,0.4
"6040","Blue","Blue","Neither","Blue",16,1,11,10,0,19245,7.6,20286,245,60,3108,2974,58,2,5,6,0,16137,6.8,17312,194,64,0,-42,-1,6,4,51,-4,0.8
"6041","Blue","Neither","Neither","Red",20,2,1,1,0,14998,7,17794,246,48,-1431,269,18,4,5,8,0,16429,6.8,17525,230,52,0,2,-2,-4,-7,16,-4,0.2
"6042","Blue","Blue","Neither","Red",16,2,6,5,0,15391,6.6,16901,182,56,-1595,-907,14,2,7,5,0,16986,6.8,17808,201,64,0,2,0,-1,0,-19,-8,-0.2
"6043","Red","Red","Neither","Blue",17,3,11,10,0,18459,7,17481,224,39,1536,624,15,1,8,12,0,16923,6.6,16857,197,55,0,2,2,3,-2,27,-16,0.4
"6044","Red","Red","Red","Red",15,3,4,5,0,15535,6.8,18068,214,56,-1608,-572,16,1,7,9,0,17143,7,18640,220,59,0,-1,2,-3,-4,-6,-3,-0.2
"6045","Blue","Neither","Red","Blue",15,1,6,9,0,17226,7.4,19043,269,52,2955,2093,82,1,1,1,0,14271,6.8,16950,224,56,0,-67,0,5,8,45,-4,0.600000000000001
"6046","Blue","Red","Blue","Blue",18,3,5,6,0,15743,6.6,16662,212,48,-720,-1533,21,5,6,11,0,16463,7,18195,229,48,0,-3,-2,-1,-5,-17,0,-0.4
"6047","Red","Neither","Neither","Red",16,5,2,0,0,14659,6.6,16878,233,46,-492,89,17,1,5,3,0,15151,6.8,16789,175,48,0,-1,4,-3,-3,58,-2,-0.2
"6048","Red","Red","Blue","Blue",12,2,7,14,0,15674,6.4,16123,176,53,-3579,-3233,14,3,10,18,0,19253,7.2,19356,203,65,0,-2,-1,-3,-4,-27,-12,-0.8
"6049","Blue","Neither","Neither","Blue",12,1,13,14,1,20699,7.4,19768,249,44,7721,5190,14,0,1,0,0,12978,6,14578,200,40,1,-2,1,12,14,49,4,1.4
"6050","Red","Blue","Red","Blue",16,4,10,9,0,17631,6.8,18612,201,44,3436,1760,13,4,3,1,0,14195,6.6,16852,206,48,0,3,0,7,8,-5,-4,0.2
"6051","Blue","Blue","Neither","Blue",36,3,5,3,0,16282,7.2,19492,225,61,813,1913,13,0,5,4,0,15469,7,17579,225,52,0,23,3,0,-1,0,9,0.2
"6052","Red","Blue","Blue","Red",14,4,3,3,0,14249,6.6,16596,220,38,-3144,-3235,21,5,7,4,0,17393,7.2,19831,255,80,0,-7,-1,-4,-1,-35,-42,-0.600000000000001
"6053","Red","Blue","Neither","Blue",42,1,12,10,0,18159,7,18557,207,37,-48,482,22,5,11,16,0,18207,7.2,18075,159,46,0,20,-4,1,-6,48,-9,-0.2
"6054","Red","Blue","Red","Red",16,2,6,9,0,15666,6.4,16073,208,39,-2468,-2552,13,2,8,6,0,18134,7.2,18625,231,60,0,3,0,-2,3,-23,-21,-0.8
"6055","Red","Red","Red","Red",10,1,1,1,0,13305,6.2,15657,196,50,-4849,-4463,13,2,8,9,0,18154,7.4,20120,276,65,0,-3,-1,-7,-8,-80,-15,-1.2
"6056","Blue","Blue","Neither","Blue",17,1,6,5,0,16563,7,18392,215,52,1786,-5,13,0,3,2,0,14777,7,18397,201,63,0,4,1,3,3,14,-11,0
"6057","Blue","Blue","Neither","Blue",51,0,11,4,0,18339,7.2,18855,216,53,4128,2704,13,2,4,4,0,14211,6.4,16151,158,47,0,38,-2,7,0,58,6,0.8
"6058","Blue","Neither","Neither","Red",25,3,11,11,0,17666,6.8,16963,193,48,-184,-835,13,2,8,12,0,17850,7,17798,234,52,0,12,1,3,-1,-41,-4,-0.2
"6059","Red","Blue","Red","Red",15,4,4,7,0,15315,7,17674,188,62,-2881,-981,18,4,9,11,0,18196,7,18655,230,39,0,-3,0,-5,-4,-42,23,0
"6060","Blue","Neither","Neither","Red",17,4,12,13,0,18628,7,18625,239,43,2863,2632,18,5,5,7,0,15765,6.6,15993,207,45,0,-1,-1,7,6,32,-2,0.4
"6061","Blue","Blue","Neither","Red",14,1,7,7,0,17342,7.2,18792,248,56,2783,1844,11,1,3,3,0,14559,6.8,16948,197,52,0,3,0,4,4,51,4,0.4
"6062","Red","Neither","Neither","Blue",18,2,7,7,1,18000,6.8,17798,210,48,1157,-173,56,5,8,10,0,16843,7,17971,190,53,1,-38,-3,-1,-3,20,-5,-0.2
"6063","Blue","Red","Blue","Red",14,5,3,2,0,15318,6.8,17968,235,49,-942,120,16,2,4,5,0,16260,6.8,17848,263,44,0,-2,3,-1,-3,-28,5,0
"6064","Blue","Red","Blue","Blue",105,2,9,9,0,17795,7.4,19812,237,71,1367,1620,29,2,5,4,0,16428,7,18192,217,60,0,76,0,4,5,20,11,0.4
"6065","Red","Red","Neither","Blue",41,3,6,5,0,16351,7,18380,234,52,-2929,-154,29,14,8,10,1,19280,7.2,18534,233,48,-1,12,-11,-2,-5,1,4,-0.2
"6066","Red","Blue","Red","Blue",125,0,4,2,0,14842,6.8,17067,184,46,-1992,-1722,12,1,5,5,1,16834,7.2,18789,209,55,-1,113,-1,-1,-3,-25,-9,-0.4
"6067","Blue","Neither","Red","Blue",26,7,2,6,0,15439,7,18214,250,55,567,1168,45,7,3,6,0,14872,6.6,17046,225,40,0,-19,0,-1,0,25,15,0.4
"6068","Blue","Red","Blue","Blue",15,2,9,5,0,16994,7.6,19700,225,40,446,2153,14,2,6,5,0,16548,6.8,17547,234,42,0,1,0,3,0,-9,-2,0.8
"6069","Red","Neither","Neither","Blue",78,3,7,15,0,16250,6.8,17026,157,54,-1661,-1369,19,5,7,9,0,17911,7.2,18395,243,51,0,59,-2,0,6,-86,3,-0.4
"6070","Red","Red","Neither","Red",41,3,2,2,0,14789,6.6,16856,221,54,-5163,-3425,22,5,12,13,1,19952,7.4,20281,237,41,-1,19,-2,-10,-11,-16,13,-0.800000000000001
"6071","Blue","Red","Neither","Red",18,2,3,2,0,14830,6.8,16901,184,60,-572,-636,17,3,4,3,0,15402,7,17537,194,56,0,1,-1,-1,-1,-10,4,-0.2
"6072","Red","Red","Red","Red",66,4,1,1,0,14252,6.6,16567,229,47,-4219,-3256,78,2,7,9,0,18471,7.2,19823,268,59,0,-12,2,-6,-8,-39,-12,-0.600000000000001
"6073","Red","Blue","Neither","Red",17,3,6,5,0,17300,7.2,18747,229,68,-2604,-2089,16,0,13,12,0,19904,7.6,20836,214,52,0,1,3,-7,-7,15,16,-0.399999999999999
"6074","Red","Blue","Red","Red",12,4,10,6,0,17391,6.8,18031,202,56,-3064,-537,18,1,12,11,1,20455,7.2,18568,180,51,-1,-6,3,-2,-5,22,5,-0.4
"6075","Red","Red","Neither","Red",15,4,5,5,0,15600,6.6,16412,169,50,-2689,-1566,27,1,10,12,0,18289,7,17978,223,49,0,-12,3,-5,-7,-54,1,-0.4
"6076","Blue","Blue","Neither","Blue",14,3,8,7,0,16134,6.6,16880,183,52,857,22,14,0,4,1,0,15277,6.6,16858,210,52,0,0,3,4,6,-27,0,0
"6077","Blue","Neither","Neither","Red",15,2,11,11,0,18470,7.4,19952,231,59,3418,3608,37,0,4,3,0,15052,6.4,16344,214,36,0,-22,2,7,8,17,23,1
"6078","Red","Blue","Neither","Blue",14,1,3,1,0,15298,6.8,17728,233,64,-1317,-872,17,3,6,11,0,16615,7,18600,204,60,0,-3,-2,-3,-10,29,4,-0.2
"6079","Blue","Blue","Neither","Blue",22,6,5,7,0,15849,6.8,17178,220,43,1236,478,15,3,3,6,0,14613,6.6,16700,202,55,0,7,3,2,1,18,-12,0.2
"6080","Blue","Neither","Blue","Red",20,2,5,10,0,15793,6.4,16329,215,64,-1254,-293,16,4,7,11,0,17047,6.8,16622,188,37,0,4,-2,-2,-1,27,27,-0.399999999999999
"6081","Blue","Blue","Neither","Blue",15,1,1,1,0,14392,6.6,17199,222,54,337,124,13,2,2,2,0,14055,6.8,17075,197,52,0,2,-1,-1,-1,25,2,-0.2
"6082","Red","Red","Neither","Red",14,3,6,6,0,15508,7,17029,193,42,-745,156,13,6,4,3,0,16253,6.6,16873,250,40,0,1,-3,2,3,-57,2,0.4
"6083","Blue","Blue","Neither","Red",15,1,2,2,0,15467,7,18928,228,63,-2524,-376,15,1,8,6,0,17991,7,19304,252,56,0,0,0,-6,-4,-24,7,0
"6084","Blue","Blue","Neither","Red",25,2,14,16,0,19904,7,18106,179,60,2685,1605,17,4,9,7,0,17219,6.6,16501,205,44,0,8,-2,5,9,-26,16,0.4
"6085","Blue","Neither","Neither","Red",17,0,9,7,0,17206,6.8,16783,216,44,-621,-428,15,2,10,10,0,17827,6.8,17211,211,42,0,2,-2,-1,-3,5,2,0
"6086","Red","Neither","Neither","Red",75,1,7,11,0,16600,7,18623,195,49,-335,262,12,1,7,6,0,16935,7.2,18361,206,58,0,63,0,0,5,-11,-9,-0.2
"6087","Blue","Blue","Red","Red",40,3,5,5,0,16154,6.8,18329,235,42,-773,609,11,1,6,8,0,16927,6.8,17720,201,48,0,29,2,-1,-3,34,-6,0
"6088","Red","Blue","Neither","Red",15,1,5,12,0,15218,6.4,16410,198,44,-2060,-2850,18,1,7,6,0,17278,7.2,19260,240,47,0,-3,0,-2,6,-42,-3,-0.8
"6089","Blue","Red","Blue","Blue",14,0,5,5,0,15135,6.6,17507,176,68,-2497,-1376,12,3,7,9,0,17632,7.2,18883,231,68,0,2,-3,-2,-4,-55,0,-0.600000000000001
"6090","Red","Red","Neither","Red",13,2,3,1,0,14980,6.8,17697,210,59,-2958,-1627,43,4,6,4,0,17938,7.2,19324,268,65,0,-30,-2,-3,-3,-58,-6,-0.4
"6091","Blue","Blue","Neither","Red",16,3,7,5,0,16283,7.2,19282,206,63,-30,1427,15,1,4,5,0,16313,7,17855,217,48,0,1,2,3,0,-11,15,0.2
"6092","Blue","Neither","Neither","Red",47,1,3,3,0,14706,6.6,15747,203,45,207,-1880,18,2,2,1,0,14499,6.8,17627,242,54,0,29,-1,1,2,-39,-9,-0.2
"6093","Red","Blue","Neither","Red",18,4,12,14,0,18508,7.4,18693,205,60,1442,322,15,4,5,4,0,17066,7,18371,225,52,0,3,0,7,10,-20,8,0.4
"6094","Red","Neither","Blue","Blue",19,2,5,7,1,18324,7.2,18932,227,68,2215,2315,16,4,6,13,0,16109,6.6,16617,203,36,1,3,-2,-1,-6,24,32,0.600000000000001
"6095","Red","Neither","Neither","Red",13,2,4,2,0,14969,6.6,16183,208,43,-4486,-5334,23,2,13,8,0,19455,7.6,21517,222,59,0,-10,0,-9,-6,-14,-16,-1
"6096","Blue","Blue","Neither","Red",17,4,4,1,0,15116,7,18375,228,64,-434,673,18,7,3,4,0,15550,7,17702,246,53,0,-1,-3,1,-3,-18,11,0
"6097","Red","Neither","Neither","Red",22,1,5,2,0,15752,7,18629,217,55,-717,8,94,2,5,4,0,16469,7.2,18621,218,54,0,-72,-1,0,-2,-1,1,-0.2
"6098","Red","Red","Blue","Blue",109,0,10,14,0,19056,7.2,18501,233,43,4312,1000,16,3,3,1,0,14744,6.8,17501,211,48,0,93,-3,7,13,22,-5,0.4
"6099","Red","Blue","Neither","Red",41,2,5,7,0,16412,7.2,18935,223,44,980,1536,13,4,4,5,0,15432,6.8,17399,232,38,0,28,-2,1,2,-9,6,0.4
"6100","Blue","Blue","Neither","Blue",17,1,8,9,0,17773,7,19376,235,56,2898,1941,36,1,4,4,0,14875,7,17435,181,57,0,-19,0,4,5,54,-1,0
"6101","Red","Red","Neither","Red",40,5,3,4,0,14710,6.8,16797,227,34,-1799,-1942,19,4,5,8,0,16509,7,18739,204,75,0,21,1,-2,-4,23,-41,-0.2
"6102","Red","Red","Neither","Blue",12,0,8,9,0,17543,7,18113,190,56,304,-302,15,1,9,3,0,17239,7,18415,196,59,0,-3,-1,-1,6,-6,-3,0
"6103","Blue","Blue","Neither","Red",15,3,6,3,0,15981,7,18320,219,60,354,1465,18,5,4,4,0,15627,6.6,16855,217,47,0,-3,-2,2,-1,2,13,0.4
"6104","Red","Red","Blue","Blue",30,2,8,3,0,17570,7.2,19555,230,60,124,659,16,0,8,10,0,17446,7,18896,215,59,0,14,2,0,-7,15,1,0.2
"6105","Red","Blue","Red","Red",21,1,3,2,0,14505,6.8,17362,216,52,-4531,-2325,14,1,7,8,1,19036,7.2,19687,252,58,-1,7,0,-4,-6,-36,-6,-0.4
"6106","Red","Red","Blue","Red",15,1,5,5,1,17618,7.2,19203,225,63,1000,346,11,3,7,7,0,16618,7,18857,199,52,1,4,-2,-2,-2,26,11,0.2
"6107","Blue","Blue","Neither","Red",16,2,11,17,0,18858,7.4,19797,214,62,878,2182,15,2,10,11,0,17980,6.8,17615,204,28,0,1,0,1,6,10,34,0.600000000000001
"6108","Red","Neither","Neither","Red",13,13,4,8,0,15400,6.6,16910,219,34,-2564,-1518,38,1,9,10,0,17964,6.8,18428,229,56,0,-25,12,-5,-2,-10,-22,-0.2
"6109","Blue","Blue","Neither","Blue",17,3,8,13,0,17355,6.8,17548,204,39,1890,1473,70,3,5,5,0,15465,6.4,16075,177,48,0,-53,0,3,8,27,-9,0.399999999999999
"6110","Red","Neither","Neither","Blue",38,1,5,5,0,15999,7,18110,211,45,497,-743,14,1,3,3,0,15502,7.2,18853,229,60,0,24,0,2,2,-18,-15,-0.2
"6111","Blue","Red","Neither","Blue",16,7,8,9,0,18262,7.2,19248,224,58,2537,2412,17,3,6,6,0,15725,6.6,16836,208,41,0,-1,4,2,3,16,17,0.600000000000001
"6112","Red","Blue","Red","Blue",21,3,6,4,0,15514,6.8,17211,185,52,-1640,-1839,13,1,7,8,0,17154,7.2,19050,234,52,0,8,2,-1,-4,-49,0,-0.4
"6113","Blue","Red","Neither","Blue",69,3,9,11,0,16678,7,17929,201,42,1351,433,13,2,3,6,0,15327,6.8,17496,228,62,0,56,1,6,5,-27,-20,0.2
"6114","Red","Blue","Neither","Blue",18,5,6,8,0,16660,6.8,17964,241,44,850,-98,14,5,5,4,0,15810,7,18062,215,39,0,4,0,1,4,26,5,-0.2
"6115","Blue","Blue","Neither","Red",12,2,8,15,0,17392,7,18794,215,53,2865,2606,16,1,2,3,0,14527,6.4,16188,225,52,0,-4,1,6,12,-10,1,0.6
"6116","Blue","Blue","Neither","Blue",38,1,7,7,0,16674,7.2,18431,221,48,2176,1739,14,1,3,3,0,14498,6.6,16692,212,35,0,24,0,4,4,9,13,0.600000000000001
"6117","Red","Blue","Neither","Blue",209,1,5,4,0,15703,7,17235,210,44,-1678,-2431,14,1,9,5,0,17381,7.4,19666,202,52,0,195,0,-4,-1,8,-8,-0.4
"6118","Blue","Blue","Neither","Blue",19,5,5,4,0,16797,7.2,19788,268,55,2234,1897,19,5,0,0,0,14563,6.8,17891,273,57,0,0,0,5,4,-5,-2,0.4
"6119","Blue","Blue","Blue","Blue",20,2,7,8,0,17606,6.8,17803,227,58,290,477,18,5,8,13,0,17316,6.6,17326,232,37,0,2,-3,-1,-5,-5,21,0.2
"6120","Blue","Red","Neither","Red",48,12,6,7,0,15993,6.8,18112,226,48,-1607,-215,30,8,9,13,0,17600,7,18327,217,56,0,18,4,-3,-6,9,-8,-0.2
"6121","Blue","Red","Neither","Red",17,5,7,7,0,16622,7.4,18996,206,60,753,2050,17,2,5,6,0,15869,6.6,16946,213,49,0,0,3,2,1,-7,11,0.800000000000001
"6122","Red","Red","Neither","Red",15,3,6,6,0,15807,6.8,17244,221,33,239,1281,16,2,4,3,0,15568,6.6,15963,213,44,0,-1,1,2,3,8,-11,0.2
"6123","Blue","Blue","Neither","Red",17,4,9,12,0,18555,7.2,19740,250,56,2976,1300,16,3,6,6,0,15579,7,18440,207,48,0,1,1,3,6,43,8,0.2
"6124","Blue","Blue","Blue","Blue",18,4,10,8,0,18826,7.2,19835,259,52,5616,3916,15,4,2,2,0,13210,6.6,15919,184,36,0,3,0,8,6,75,16,0.600000000000001
"6125","Red","Neither","Neither","Red",21,3,4,3,0,14787,6.6,16543,185,60,-2404,-2013,18,2,8,8,0,17191,7,18556,228,36,0,3,1,-4,-5,-43,24,-0.4
"6126","Blue","Red","Neither","Blue",41,5,8,12,0,18675,7.6,20603,219,61,2125,2034,15,2,6,5,0,16550,7,18569,222,64,0,26,3,2,7,-3,-3,0.6
"6127","Blue","Blue","Red","Blue",16,4,7,7,0,17106,7.2,18424,231,48,450,-219,17,6,5,5,0,16656,7,18643,241,62,0,-1,-2,2,2,-10,-14,0.2
"6128","Blue","Red","Neither","Blue",22,3,6,4,0,16956,7.2,19155,242,61,-172,594,17,3,7,10,0,17128,7.2,18561,213,61,0,5,0,-1,-6,29,0,0
"6129","Red","Red","Red","Red",9,0,2,1,0,13879,6.2,15363,185,48,-4267,-3389,15,2,9,5,0,18146,7,18752,232,56,0,-6,-2,-7,-4,-47,-8,-0.8
"6130","Blue","Red","Blue","Red",16,1,4,6,0,15164,7,17014,216,51,-185,-1101,12,3,3,1,0,15349,7.2,18115,233,68,0,4,-2,1,5,-17,-17,-0.2
"6131","Blue","Neither","Neither","Blue",18,3,6,4,0,16849,7.4,19849,241,67,2094,2789,14,4,2,3,0,14755,6.8,17060,208,56,0,4,-1,4,1,33,11,0.600000000000001
"6132","Blue","Red","Blue","Red",17,2,6,6,1,16914,6.4,16785,184,42,302,-1958,52,4,8,6,0,16612,7.2,18743,208,60,1,-35,-2,-2,0,-24,-18,-0.8
"6133","Red","Blue","Neither","Red",17,2,7,10,0,16728,7,17494,231,36,102,65,24,5,7,8,0,16626,6.6,17429,195,52,0,-7,-3,0,2,36,-16,0.4
"6134","Blue","Red","Neither","Red",14,2,8,9,0,16694,6.8,17192,227,32,370,92,32,4,6,6,0,16324,6.8,17100,213,48,0,-18,-2,2,3,14,-16,0
"6135","Red","Blue","Neither","Red",18,6,5,6,0,15826,6.8,17837,235,52,-1177,-1157,18,4,6,4,0,17003,7.4,18994,242,49,0,0,2,-1,2,-7,3,-0.600000000000001
"6136","Red","Blue","Neither","Red",26,1,5,6,0,15558,6.4,16462,203,47,-3180,-3271,35,5,13,14,0,18738,7.4,19733,218,34,0,-9,-4,-8,-8,-15,13,-1
"6137","Red","Neither","Neither","Red",20,3,4,4,0,14053,6.6,16510,169,52,-3045,-810,19,4,6,11,0,17098,6.8,17320,229,50,0,1,-1,-2,-7,-60,2,-0.2
"6138","Red","Red","Red","Red",47,3,14,14,0,20887,7,18795,215,32,2049,699,169,4,11,11,0,18838,6.8,18096,191,58,0,-122,-1,3,3,24,-26,0.2
"6139","Blue","Blue","Neither","Blue",19,5,4,3,0,15373,6.4,16354,228,54,-1323,-1422,19,3,6,5,0,16696,7,17776,216,59,0,0,2,-2,-2,12,-5,-0.6
"6140","Blue","Neither","Blue","Blue",15,3,8,6,0,17522,7.2,18612,257,42,2392,511,19,5,4,1,0,15130,7,18101,222,69,0,-4,-2,4,5,35,-27,0.2
"6141","Blue","Blue","Neither","Red",16,2,9,15,0,17088,7,17650,179,40,262,-229,16,3,7,9,0,16826,7,17879,222,56,0,0,-1,2,6,-43,-16,0
"6142","Red","Red","Red","Red",16,2,6,4,0,16968,7.2,18303,231,48,423,318,13,3,6,8,0,16545,7,17985,219,48,0,3,-1,0,-4,12,0,0.2
"6143","Blue","Neither","Red","Red",22,4,10,10,0,17987,7.4,19698,232,52,1810,2115,72,2,5,4,0,16177,6.8,17583,222,56,0,-50,2,5,6,10,-4,0.600000000000001
"6144","Blue","Blue","Neither","Red",14,1,6,8,0,16871,6.8,17798,263,40,-89,-144,40,3,7,13,0,16960,7.2,17942,232,36,0,-26,-2,-1,-5,31,4,-0.4
"6145","Blue","Blue","Neither","Blue",16,1,11,13,0,19035,7.4,19600,207,52,4481,3872,15,2,4,4,0,14554,6.4,15728,189,43,0,1,-1,7,9,18,9,1
"6146","Red","Red","Neither","Red",11,2,2,1,0,13380,6.2,14784,188,48,-4446,-3703,18,0,9,10,0,17826,7.2,18487,233,44,0,-7,2,-7,-9,-45,4,-1
"6147","Blue","Red","Red","Blue",25,1,3,4,0,15834,7,18253,248,52,324,-574,9,2,3,3,0,15510,7.2,18827,220,68,0,16,-1,0,1,28,-16,-0.2
"6148","Red","Neither","Neither","Red",17,2,5,3,0,15209,6.8,16799,208,56,-1517,-1331,59,5,7,8,0,16726,7,18130,229,52,0,-42,-3,-2,-5,-21,4,-0.2
"6149","Blue","Blue","Neither","Blue",34,1,3,6,0,16426,7,18180,236,64,2063,708,14,2,2,6,0,14363,6.6,17472,210,40,0,20,-1,1,0,26,24,0.4
"6150","Red","Red","Neither","Red",16,1,4,4,0,15358,6.8,17610,210,47,-3019,-848,15,1,11,12,0,18377,7.2,18458,207,56,0,1,0,-7,-8,3,-9,-0.4
"6151","Red","Red","Neither","Blue",17,3,6,2,0,15894,6.6,16813,205,48,-399,-868,19,4,7,4,0,16293,7,17681,213,44,0,-2,-1,-1,-2,-8,4,-0.4
"6152","Blue","Blue","Neither","Red",12,4,2,1,0,14092,6.4,16918,201,49,-1999,-2041,42,4,2,3,0,16091,7,18959,257,59,0,-30,0,0,-2,-56,-10,-0.6
"6153","Blue","Blue","Neither","Blue",15,2,10,18,0,17559,7,17788,217,24,3158,1518,13,1,2,3,0,14401,6.4,16270,184,47,0,2,1,8,15,33,-23,0.6
"6154","Red","Red","Neither","Red",22,2,2,3,0,15847,7,17815,241,48,647,-710,12,5,4,5,0,15200,7.2,18525,221,46,0,10,-3,-2,-2,20,2,-0.2
"6155","Red","Blue","Neither","Red",18,2,3,4,0,15280,6.6,16614,220,50,-2034,-1071,19,5,9,17,0,17314,6.8,17685,220,37,0,-1,-3,-6,-13,0,13,-0.2
"6156","Red","Neither","Red","Red",15,0,6,6,0,18187,7,18454,223,55,299,-1051,13,1,9,7,0,17888,7.2,19505,215,60,0,2,-1,-3,-1,8,-5,-0.2
"6157","Red","Red","Blue","Blue",38,2,5,4,0,15509,6.8,17265,220,40,-1335,-1142,14,2,5,10,0,16844,7,18407,230,69,0,24,0,0,-6,-10,-29,-0.2
"6158","Blue","Blue","Neither","Red",14,2,6,7,0,16319,7.2,18982,207,59,1589,1075,14,2,3,2,0,14730,6.6,17907,215,49,0,0,0,3,5,-8,10,0.600000000000001
"6159","Red","Blue","Red","Red",16,3,4,4,0,14588,6.2,15647,207,45,-2627,-4080,36,2,9,4,0,17215,7.4,19727,225,51,0,-20,1,-5,0,-18,-6,-1.2
"6160","Blue","Red","Neither","Red",11,2,8,8,0,16748,6.8,16907,178,44,-1579,-1715,17,3,10,8,0,18327,7.2,18622,215,66,0,-6,-1,-2,0,-37,-22,-0.4
"6161","Blue","Blue","Blue","Red",13,5,6,8,0,16516,7,17456,184,57,366,596,20,2,6,7,0,16150,6.6,16860,221,48,0,-7,3,0,1,-37,9,0.4
"6162","Red","Blue","Blue","Blue",15,2,7,10,0,17256,7,18265,228,64,1177,226,14,1,4,6,0,16079,6.8,18039,217,51,0,1,1,3,4,11,13,0.2
"6163","Red","Blue","Neither","Red",43,0,7,6,0,16396,7,18419,204,52,-2,866,14,2,7,5,0,16398,6.8,17553,202,48,0,29,-2,0,1,2,4,0.2
"6164","Red","Neither","Neither","Red",11,2,4,3,0,14539,6.6,16271,165,53,-6139,-4548,58,3,13,12,0,20678,7.6,20819,224,50,0,-47,-1,-9,-9,-59,3,-1
"6165","Blue","Blue","Neither","Red",18,0,3,4,0,14657,6.6,17306,204,52,-987,-555,24,1,4,4,0,15644,7,17861,246,51,0,-6,-1,-1,0,-42,1,-0.4
"6166","Red","Blue","Neither","Red",17,0,10,5,0,18656,7.2,19253,227,46,42,666,13,3,13,14,0,18614,7,18587,211,36,0,4,-3,-3,-9,16,10,0.2
"6167","Red","Blue","Neither","Blue",15,3,5,6,1,16609,6.8,16960,216,33,-265,-2101,16,1,7,3,0,16874,7.2,19061,225,70,1,-1,2,-2,3,-9,-37,-0.4
"6168","Red","Blue","Neither","Red",14,3,4,7,0,15299,6.6,16493,196,48,-2489,-2828,38,2,8,8,0,17788,7.4,19321,233,43,0,-24,1,-4,-1,-37,5,-0.800000000000001
"6169","Blue","Blue","Neither","Blue",22,7,6,5,0,16942,7,18645,216,71,2032,2196,85,4,3,3,0,14910,6.4,16449,210,48,0,-63,3,3,2,6,23,0.6
"6170","Red","Neither","Neither","Red",15,4,6,3,0,15365,6.4,16848,186,44,-136,-385,19,3,3,3,0,15501,6.6,17233,219,48,0,-4,1,3,0,-33,-4,-0.199999999999999
"6171","Red","Red","Neither","Blue",14,0,8,11,0,16052,6.4,15330,159,44,-1825,-1458,18,1,10,14,0,17877,6.6,16788,213,41,0,-4,-1,-2,-3,-54,3,-0.199999999999999
"6172","Blue","Red","Neither","Red",26,2,7,4,0,16875,7.2,18652,214,52,-191,533,16,2,7,13,0,17066,7,18119,230,40,0,10,0,0,-9,-16,12,0.2
"6173","Blue","Blue","Red","Blue",18,3,6,10,0,16623,7.2,18555,211,54,1792,-764,13,3,2,2,0,14831,7,19319,223,72,0,5,0,4,8,-12,-18,0.2
"6174","Blue","Blue","Blue","Blue",33,4,8,11,0,16813,6.8,18065,200,52,70,508,37,2,6,9,0,16743,6.8,17557,204,56,0,-4,2,2,2,-4,-4,0
"6175","Red","Blue","Neither","Blue",13,3,7,8,0,16763,7,17386,221,45,-1469,-2427,11,1,12,10,0,18232,7.4,19813,214,44,0,2,2,-5,-2,7,1,-0.4
"6176","Red","Red","Neither","Red",73,3,5,2,0,14603,6.4,15446,181,39,-6185,-2328,19,7,16,20,1,20788,7,17774,195,29,-1,54,-4,-11,-18,-14,10,-0.6
"6177","Blue","Blue","Neither","Blue",15,3,10,11,0,18005,7,19501,210,60,2962,3043,18,3,4,1,0,15043,6.6,16458,187,48,0,-3,0,6,10,23,12,0.4
"6178","Blue","Red","Neither","Red",14,7,5,4,0,15274,6.6,17169,228,37,-2538,-1731,23,2,9,8,0,17812,7.2,18900,219,59,0,-9,5,-4,-4,9,-22,-0.600000000000001
"6179","Red","Blue","Neither","Red",15,3,1,1,0,15216,7.2,18663,251,56,99,-174,12,2,2,5,0,15117,7,18837,217,60,0,3,1,-1,-4,34,-4,0.2
"6180","Blue","Blue","Neither","Blue",36,5,8,10,0,17756,7.2,18394,231,43,2510,758,13,2,3,3,0,15246,6.8,17636,218,68,0,23,3,5,7,13,-25,0.4
"6181","Blue","Blue","Neither","Red",17,1,6,6,0,17476,7,18428,219,63,1408,957,17,2,6,6,0,16068,6.8,17471,231,44,0,0,-1,0,0,-12,19,0.2
"6182","Red","Neither","Neither","Blue",15,3,9,14,0,18017,7,18434,208,40,2917,930,18,4,3,1,0,15100,6.8,17504,210,54,0,-3,-1,6,13,-2,-14,0.2
"6183","Red","Blue","Neither","Blue",18,2,6,2,0,15531,7,17915,192,52,-537,176,20,3,5,5,0,16068,6.8,17739,198,64,0,-2,-1,1,-3,-6,-12,0.2
"6184","Red","Red","Neither","Blue",19,4,4,5,0,14799,6.8,16562,207,39,-3590,-3279,18,2,8,9,0,18389,7.4,19841,259,56,0,1,2,-4,-4,-52,-17,-0.600000000000001
"6185","Blue","Blue","Neither","Blue",12,1,10,9,0,18009,7.4,19630,226,56,3026,1849,35,4,4,1,0,14983,6.8,17781,205,51,0,-23,-3,6,8,21,5,0.600000000000001
"6186","Red","Red","Neither","Red",12,4,5,7,0,16265,7,17407,217,56,-1195,-1492,17,3,8,6,0,17460,7.2,18899,244,59,0,-5,1,-3,1,-27,-3,-0.2
"6187","Red","Neither","Red","Red",15,4,4,2,0,15023,6.8,17293,226,44,-814,-374,17,2,4,4,0,15837,6.8,17667,232,47,0,-2,2,0,-2,-6,-3,0
"6188","Red","Red","Neither","Blue",19,3,9,12,0,17083,6.6,17538,183,33,67,-820,16,2,8,5,0,17016,7,18358,225,44,0,3,1,1,7,-42,-11,-0.4
"6189","Red","Red","Neither","Red",15,0,5,5,0,15954,6.8,16521,192,56,-2527,-2193,14,3,10,8,0,18481,7.4,18714,197,80,0,1,-3,-5,-3,-5,-24,-0.600000000000001
"6190","Red","Red","Neither","Blue",14,1,6,5,0,16892,7,18225,226,48,-44,277,14,1,8,10,0,16936,7,17948,185,48,0,0,0,-2,-5,41,0,0
"6191","Blue","Red","Blue","Red",18,7,1,1,0,14583,6.6,17525,244,54,262,1643,19,1,2,3,0,14321,6.4,15882,224,32,0,-1,6,-1,-2,20,22,0.199999999999999
"6192","Red","Neither","Neither","Red",23,5,6,10,0,16802,6.8,17626,243,44,-1599,-1890,16,3,7,12,0,18401,7.2,19516,237,58,0,7,2,-1,-2,6,-14,-0.4
"6193","Red","Neither","Neither","Blue",12,3,8,8,0,16957,6.6,17005,220,28,-206,-1872,15,0,9,5,0,17163,7.2,18877,204,48,0,-3,3,-1,3,16,-20,-0.600000000000001
"6194","Red","Blue","Blue","Blue",21,2,5,5,0,15817,7,17992,218,43,-27,-371,17,4,6,7,0,15844,7.2,18363,203,41,0,4,-2,-1,-2,15,2,-0.2
"6195","Red","Neither","Neither","Blue",12,0,5,5,0,17219,6.8,18160,241,59,-1213,-769,53,2,11,14,0,18432,7.2,18929,183,56,0,-41,-2,-6,-9,58,3,-0.4
"6196","Red","Blue","Neither","Blue",59,1,4,5,0,15424,6.8,17357,211,44,-1933,-2906,12,3,7,3,0,17357,7.6,20263,256,55,0,47,-2,-3,2,-45,-11,-0.8
"6197","Blue","Red","Blue","Blue",125,1,8,9,0,16502,7,17726,198,45,342,-444,36,3,8,8,0,16160,7,18170,195,48,0,89,-2,0,1,3,-3,0
"6198","Red","Red","Neither","Red",16,0,5,5,0,16324,6.8,17213,193,59,-943,-708,40,3,10,13,0,17267,7,17921,174,60,0,-24,-3,-5,-8,19,-1,-0.2
"6199","Red","Neither","Neither","Red",87,2,2,0,0,14532,6.6,17477,217,52,-1021,-1439,12,1,4,2,0,15553,7.2,18916,206,64,0,75,1,-2,-2,11,-12,-0.600000000000001
"6200","Red","Neither","Blue","Red",15,2,4,2,0,14644,6.8,17550,222,48,-1367,-412,19,2,5,6,0,16011,7,17962,201,56,0,-4,0,-1,-4,21,-8,-0.2
"6201","Red","Red","Blue","Red",34,0,5,3,0,16616,7,18633,211,67,-47,318,11,4,7,10,0,16663,7,18315,219,56,0,23,-4,-2,-7,-8,11,0
"6202","Red","Neither","Neither","Red",13,3,1,1,0,14754,6.6,16591,230,44,-1769,-845,21,1,4,4,1,16523,7,17436,224,36,-1,-8,2,-3,-3,6,8,-0.4
"6203","Red","Neither","Red","Red",46,5,2,2,0,14242,6.6,17184,212,50,-2954,-1250,15,5,7,3,0,17196,7,18434,244,52,0,31,0,-5,-1,-32,-2,-0.4
"6204","Blue","Red","Neither","Red",16,2,8,15,0,17083,7,18346,229,24,2877,1714,13,3,2,1,0,14206,6.6,16632,212,45,0,3,-1,6,14,17,-21,0.4
"6205","Blue","Blue","Neither","Blue",14,1,10,13,1,19716,7.6,20456,219,64,5656,3415,14,0,3,1,0,14060,6.6,17041,222,50,1,0,1,7,12,-3,14,1
"6206","Blue","Blue","Red","Red",19,7,10,13,0,18401,7.6,20273,236,60,3668,4509,118,2,4,3,0,14733,6.6,15764,195,46,0,-99,5,6,10,41,14,1
"6207","Red","Blue","Blue","Blue",21,0,7,6,0,17359,7.2,18754,221,69,1,-116,17,5,9,6,0,17358,7,18870,221,42,0,4,-5,-2,0,0,27,0.2
"6208","Blue","Blue","Neither","Red",13,0,7,4,1,17742,7,18795,203,64,2294,2616,13,1,6,6,0,15448,6.6,16179,186,40,1,0,-1,1,-2,17,24,0.4
"6209","Blue","Blue","Neither","Red",15,1,2,1,0,14431,7,17984,194,70,-940,-43,25,2,4,3,0,15371,6.8,18027,234,42,0,-10,-1,-2,-2,-40,28,0.2
"6210","Blue","Red","Neither","Red",17,15,9,9,0,18125,7.8,21102,236,48,2828,2738,63,5,3,2,0,15297,7.2,18364,227,71,0,-46,10,6,7,9,-23,0.6
"6211","Blue","Neither","Neither","Blue",18,5,6,6,0,17210,7,18131,220,72,1091,605,51,3,8,10,0,16119,7,17526,178,32,0,-33,2,-2,-4,42,40,0
"6212","Red","Neither","Neither","Blue",15,3,6,8,0,15697,6.8,16449,196,44,-1237,-285,14,2,8,13,0,16934,6.4,16734,201,47,0,1,1,-2,-5,-5,-3,0.399999999999999
"6213","Blue","Blue","Blue","Red",12,1,3,5,0,14591,6.2,15636,177,55,-2658,-3328,41,2,8,9,0,17249,7,18964,209,52,0,-29,-1,-5,-4,-32,3,-0.8
"6214","Red","Red","Neither","Red",14,2,4,5,0,14488,6.4,16390,197,36,-3152,-2754,37,0,7,7,0,17640,7.2,19144,196,84,0,-23,2,-3,-2,1,-48,-0.8
"6215","Blue","Neither","Neither","Blue",38,2,9,12,0,18869,7,18526,206,74,4242,2348,15,1,6,6,0,14627,6.6,16178,164,51,0,23,1,3,6,42,23,0.4
"6216","Red","Red","Neither","Blue",16,1,6,4,0,16682,7,18272,236,52,598,374,14,4,5,5,0,16084,6.8,17898,235,60,0,2,-3,1,-1,1,-8,0.2
"6217","Red","Red","Red","Red",23,2,7,6,0,15898,5.8,14230,131,45,-2787,-4217,19,2,13,10,0,18685,6.8,18447,224,50,0,4,0,-6,-4,-93,-5,-1
"6218","Red","Red","Neither","Red",13,2,6,2,0,15485,6.6,17335,191,55,-2650,-388,14,1,10,10,0,18135,6.8,17723,201,40,0,-1,1,-4,-8,-10,15,-0.2
"6219","Red","Red","Neither","Blue",41,3,7,4,0,16667,7.4,18874,213,44,-692,-987,16,4,8,6,0,17359,7.4,19861,245,56,0,25,-1,-1,-2,-32,-12,0
"6220","Red","Red","Red","Blue",23,8,5,6,0,16182,7,17509,245,51,-667,-1046,20,6,6,9,0,16849,7,18555,234,56,0,3,2,-1,-3,11,-5,0
"6221","Red","Red","Blue","Blue",17,4,5,5,0,16574,7.2,19529,235,60,803,857,18,4,5,6,0,15771,7.2,18672,204,64,0,-1,0,0,-1,31,-4,0
"6222","Red","Red","Neither","Red",17,3,3,3,0,14595,6.4,15064,161,59,-3619,-4011,47,2,11,9,0,18214,7.2,19075,222,54,0,-30,1,-8,-6,-61,5,-0.8
"6223","Red","Red","Red","Red",18,1,9,13,0,18856,7.2,19293,236,45,3002,2378,13,1,4,6,0,15854,6.8,16915,217,56,0,5,0,5,7,19,-11,0.4
"6224","Red","Red","Neither","Blue",14,3,3,5,0,14826,6.6,16636,185,56,-3607,-2956,16,2,10,12,0,18433,7.4,19592,257,41,0,-2,1,-7,-7,-72,15,-0.800000000000001
"6225","Red","Red","Red","Red",17,0,6,6,0,16237,7,18980,222,52,-958,-461,78,1,6,6,0,17195,7.2,19441,232,65,0,-61,-1,0,0,-10,-13,-0.2
"6226","Blue","Blue","Blue","Red",13,3,8,6,1,18731,7,18165,225,48,2892,1413,19,1,5,5,0,15839,6.4,16752,207,56,1,-6,2,3,1,18,-8,0.6
"6227","Blue","Blue","Blue","Blue",11,1,5,2,0,15443,7,18156,220,47,-997,-226,11,2,5,7,0,16440,7,18382,207,52,0,0,-1,0,-5,13,-5,0
"6228","Blue","Blue","Neither","Red",15,2,6,8,0,16820,6.8,17746,221,44,472,426,14,2,6,7,0,16348,6.8,17320,185,55,0,1,0,0,1,36,-11,0
"6229","Red","Blue","Neither","Red",124,0,1,1,0,14997,7.2,17630,229,62,-465,-801,14,2,3,3,0,15462,7,18431,219,58,0,110,-2,-2,-2,10,4,0.2
"6230","Blue","Neither","Blue","Red",17,1,7,3,0,16653,7,17618,227,40,23,306,12,1,8,8,0,16630,7,17312,193,48,0,5,0,-1,-5,34,-8,0
"6231","Red","Red","Blue","Red",15,0,9,9,0,17781,7.2,19251,228,60,3422,2271,11,3,2,3,0,14359,6.6,16980,212,64,0,4,-3,7,6,16,-4,0.600000000000001
"6232","Blue","Blue","Neither","Blue",20,3,9,18,0,17936,7,18452,218,48,3350,1590,16,2,2,2,0,14586,6.8,16862,213,58,0,4,1,7,16,5,-10,0.2
"6233","Blue","Blue","Neither","Blue",14,1,3,3,0,16769,7.2,19760,257,76,1316,1233,17,2,3,4,0,15453,7.2,18527,241,53,0,-3,-1,0,-1,16,23,0
"6234","Red","Neither","Neither","Blue",29,3,7,6,0,16714,7.4,19411,226,58,91,798,15,3,6,5,0,16623,7.2,18613,252,46,0,14,0,1,1,-26,12,0.2
"6235","Red","Neither","Red","Red",13,2,1,1,0,13517,6.4,15501,187,48,-5338,-5445,15,3,12,13,0,18855,7.6,20946,243,43,0,-2,-1,-11,-12,-56,5,-1.2
"6236","Blue","Red","Neither","Red",13,3,5,1,0,15514,7,18750,217,58,-343,481,13,1,5,5,0,15857,6.8,18269,204,46,0,0,2,0,-4,13,12,0.2
"6237","Red","Blue","Neither","Red",13,4,5,5,0,16131,6.8,17436,223,48,874,818,15,2,5,5,0,15257,6.6,16618,219,32,0,-2,2,0,0,4,16,0.2
"6238","Red","Blue","Neither","Blue",20,2,3,4,0,15613,7,17932,214,66,-468,-1321,14,2,4,3,0,16081,7.2,19253,230,52,0,6,0,-1,1,-16,14,-0.2
"6239","Blue","Red","Blue","Blue",16,4,6,7,0,16678,7.2,19110,248,53,1401,1740,19,3,5,6,0,15277,6.8,17370,233,34,0,-3,1,1,1,15,19,0.4
"6240","Blue","Neither","Neither","Blue",44,3,6,7,0,17311,7,18763,257,52,2781,1229,13,15,2,2,0,14530,6.8,17534,216,60,0,31,-12,4,5,41,-8,0.2
"6241","Blue","Blue","Blue","Blue",34,3,5,6,1,16703,6.8,17483,201,51,1051,612,46,3,3,9,0,15652,6.8,16871,228,52,1,-12,0,2,-3,-27,-1,0
"6242","Red","Red","Neither","Red",11,1,2,0,0,12403,5.2,11921,152,28,-10329,-8531,13,1,19,16,1,22732,7.6,20452,232,71,-1,-2,0,-17,-16,-80,-43,-2.4
"6243","Blue","Blue","Neither","Blue",17,5,5,5,0,15585,6.6,16636,200,35,-2864,-3491,18,3,9,8,0,18449,7.2,20127,224,71,0,-1,2,-4,-3,-24,-36,-0.600000000000001
"6244","Blue","Blue","Neither","Red",13,4,8,6,0,16558,6.8,18174,238,36,241,-363,23,2,4,6,0,16317,7,18537,222,66,0,-10,2,4,0,16,-30,-0.2
"6245","Red","Red","Blue","Blue",12,5,8,7,1,18211,7.2,19027,204,52,1479,-198,11,1,6,6,0,16732,7.4,19225,217,56,1,1,4,2,1,-13,-4,-0.2
"6246","Red","Blue","Neither","Blue",19,1,7,6,0,15990,6.8,17803,190,50,-1425,-1068,9,2,7,6,0,17415,7.2,18871,241,41,0,10,-1,0,0,-51,9,-0.4
"6247","Blue","Red","Neither","Red",15,1,4,8,0,15147,6.4,16605,188,50,-4559,-1851,18,3,12,22,0,19706,7.2,18456,241,44,0,-3,-2,-8,-14,-53,6,-0.8
"6248","Red","Blue","Blue","Red",53,2,8,12,0,17008,6.6,16893,203,44,1280,370,17,3,5,5,0,15728,6.4,16523,245,42,0,36,-1,3,7,-42,2,0.199999999999999
"6249","Red","Neither","Neither","Blue",16,2,5,4,0,15538,6.8,16787,207,46,-707,-1088,41,2,7,11,0,16245,6.8,17875,208,41,0,-25,0,-2,-7,-1,5,0
"6250","Blue","Blue","Neither","Blue",17,3,7,10,0,17097,7.2,18614,220,71,620,-328,14,2,6,4,0,16477,7.2,18942,207,52,0,3,1,1,6,13,19,0
"6251","Blue","Red","Red","Red",17,2,6,7,0,17075,7,18491,234,44,1224,625,18,2,7,4,0,15851,6.8,17866,221,48,0,-1,0,-1,3,13,-4,0.2
"6252","Red","Red","Neither","Red",16,2,7,6,0,16035,7,18455,180,55,-2691,-2196,16,2,9,9,0,18726,7.6,20651,243,63,0,0,0,-2,-3,-63,-8,-0.6
"6253","Blue","Blue","Neither","Blue",17,2,8,10,0,17967,7,18074,240,43,3039,712,17,2,3,3,0,14928,6.8,17362,211,53,0,0,0,5,7,29,-10,0.2
"6254","Blue","Neither","Neither","Blue",14,4,8,9,0,17273,7,18297,208,56,381,1571,15,2,9,9,0,16892,6.8,16726,181,40,0,-1,2,-1,0,27,16,0.2
"6255","Blue","Blue","Blue","Blue",13,4,1,2,0,14546,7,17721,232,60,305,-443,18,2,1,1,0,14241,7.2,18164,203,68,0,-5,2,0,1,29,-8,-0.2
"6256","Blue","Blue","Neither","Red",17,4,2,4,0,14639,6.6,17316,237,44,-1767,-2080,41,3,2,3,0,16406,7,19396,258,70,0,-24,1,0,1,-21,-26,-0.4
"6257","Red","Neither","Neither","Red",15,2,9,3,0,16882,7.4,18988,191,57,-1261,1286,16,3,8,9,0,18143,6.8,17702,238,40,0,-1,-1,1,-6,-47,17,0.600000000000001
"6258","Blue","Red","Neither","Blue",18,2,9,11,1,20170,7.2,19190,257,54,5619,3506,17,3,4,5,0,14551,6.4,15684,198,44,1,1,-1,5,6,59,10,0.8
"6259","Blue","Blue","Neither","Blue",24,5,13,16,0,20029,7.4,20123,213,54,6445,4988,17,2,4,4,0,13584,6,15135,176,29,0,7,3,9,12,37,25,1.4
"6260","Blue","Neither","Neither","Blue",13,1,9,8,0,17260,7,19375,197,60,1463,1277,14,2,4,4,0,15797,7,18098,203,52,0,-1,-1,5,4,-6,8,0
"6261","Blue","Neither","Neither","Blue",15,2,11,4,0,18192,7.2,19823,221,50,2639,1711,13,1,3,2,0,15553,7,18112,230,49,0,2,1,8,2,-9,1,0.2
"6262","Blue","Red","Neither","Blue",35,3,8,13,0,17325,7,18380,217,26,3454,2249,14,0,3,3,0,13871,6.8,16131,193,48,0,21,3,5,10,24,-22,0.2
"6263","Red","Neither","Red","Red",12,1,5,3,0,16163,6.8,18244,218,60,-1828,-1410,15,0,9,17,0,17991,7.2,19654,235,54,0,-3,1,-4,-14,-17,6,-0.4
"6264","Red","Red","Neither","Blue",16,2,7,6,0,16039,6.8,16809,179,46,-2168,-2823,14,3,13,9,0,18207,7.4,19632,185,46,0,2,-1,-6,-3,-6,0,-0.600000000000001
"6265","Blue","Neither","Blue","Blue",16,2,6,3,0,15907,7.2,17910,206,55,-112,727,17,3,7,9,0,16019,6.8,17183,211,44,0,-1,-1,-1,-6,-5,11,0.4
"6266","Red","Neither","Blue","Blue",40,5,7,10,0,17536,7.4,19146,211,63,4003,3255,16,1,2,1,0,13533,6.4,15891,204,48,0,24,4,5,9,7,15,1
"6267","Red","Red","Neither","Blue",18,4,11,16,0,18730,7,18011,208,38,175,-532,18,4,11,14,0,18555,7,18543,219,81,0,0,0,0,2,-11,-43,0
"6268","Blue","Blue","Neither","Blue",19,7,6,5,0,16105,7.2,18285,223,56,2275,1667,51,3,2,2,0,13830,6.8,16618,204,39,0,-32,4,4,3,19,17,0.4
"6269","Blue","Blue","Neither","Blue",14,1,4,1,0,15843,6.8,17751,243,46,1301,1123,15,0,3,6,0,14542,6.6,16628,205,40,0,-1,1,1,-5,38,6,0.2
"6270","Blue","Blue","Neither","Blue",19,5,10,14,0,20302,7,18149,212,52,7577,2363,16,4,0,0,0,12725,6.6,15786,165,48,0,3,1,10,14,47,4,0.4
"6271","Blue","Red","Blue","Red",16,4,10,9,2,20236,7,18603,257,36,6161,5326,12,1,4,6,0,14075,5.8,13277,146,40,2,4,3,6,3,111,-4,1.2
"6272","Blue","Blue","Blue","Blue",17,8,10,12,0,17869,6.8,17341,193,46,664,515,22,3,9,9,0,17205,6.6,16826,202,37,0,-5,5,1,3,-9,9,0.2
"6273","Red","Red","Blue","Red",19,2,3,1,0,14499,7,18406,201,68,-3079,-1816,13,4,6,4,0,17578,7.2,20222,245,63,0,6,-2,-3,-3,-44,5,-0.2
"6274","Red","Red","Neither","Red",18,1,3,3,0,13705,6.4,16018,184,40,-4651,-3870,14,3,9,8,0,18356,7.2,19888,223,71,0,4,-2,-6,-5,-39,-31,-0.8
"6275","Red","Red","Red","Red",19,4,2,1,0,13685,6.6,16729,182,52,-4011,-2271,17,4,7,6,0,17696,7.2,19000,243,62,0,2,0,-5,-5,-61,-10,-0.600000000000001
"6276","Blue","Red","Red","Blue",13,0,5,6,0,15366,6.8,16496,200,40,-2698,-2969,17,0,10,8,0,18064,7.2,19465,221,52,0,-4,0,-5,-2,-21,-12,-0.4
"6277","Red","Red","Blue","Red",16,0,0,0,0,14175,6.6,17400,234,60,-1769,-2076,15,4,4,6,0,15944,7.4,19476,249,56,0,1,-4,-4,-6,-15,4,-0.800000000000001
"6278","Red","Blue","Neither","Red",52,7,6,11,0,15975,6.6,16937,197,46,-166,-337,19,4,5,4,0,16141,6.8,17274,231,39,0,33,3,1,7,-34,7,-0.2
"6279","Red","Red","Neither","Blue",13,0,1,2,0,13099,5.8,14520,191,28,-3521,-4416,15,1,7,8,0,16620,7.2,18936,247,44,0,-2,-1,-6,-6,-56,-16,-1.4
"6280","Blue","Blue","Neither","Blue",17,5,3,0,0,15578,7.4,19730,249,64,611,1554,14,1,0,0,0,14967,6.8,18176,245,59,0,3,4,3,0,4,5,0.600000000000001
"6281","Red","Red","Neither","Blue",12,1,2,1,0,14218,6.2,15368,200,49,-4511,-4211,17,3,13,18,0,18729,7.4,19579,213,44,0,-5,-2,-11,-17,-13,5,-1.2
"6282","Blue","Red","Neither","Blue",16,1,2,2,0,15198,7,18952,231,67,-1157,-84,14,0,7,9,0,16355,7.4,19036,211,48,0,2,1,-5,-7,20,19,-0.4
"6283","Blue","Neither","Neither","Blue",14,0,7,8,0,17474,7.4,19214,238,52,3295,2840,14,3,2,3,0,14179,6.6,16374,229,36,0,0,-3,5,5,9,16,0.800000000000001
"6284","Blue","Red","Blue","Blue",16,2,9,13,0,17786,7.4,19357,235,52,3090,1008,17,3,3,2,0,14696,7.2,18349,215,60,0,-1,-1,6,11,20,-8,0.2
"6285","Blue","Red","Neither","Blue",18,1,7,6,0,17082,7.2,19192,224,59,2388,1600,36,2,3,2,0,14694,7,17592,224,49,0,-18,-1,4,4,0,10,0.2
"6286","Red","Red","Neither","Blue",15,0,4,6,0,15711,7.4,19278,210,57,-204,1135,19,0,4,4,0,15915,7,18143,229,58,0,-4,0,0,2,-19,-1,0.4
"6287","Blue","Blue","Neither","Red",36,5,4,6,0,16112,7.2,18545,240,62,451,1068,14,1,4,2,0,15661,7,17477,236,53,0,22,4,0,4,4,9,0.2
"6288","Red","Red","Red","Red",11,2,4,4,0,15700,7.2,17892,190,59,-2943,-1203,14,1,8,6,1,18643,7.2,19095,225,45,-1,-3,1,-4,-2,-35,14,0
"6289","Blue","Red","Neither","Blue",42,3,8,9,0,17885,7,18417,209,52,1419,557,12,2,8,7,0,16466,7,17860,187,47,0,30,1,0,2,22,5,0
"6290","Blue","Red","Neither","Blue",31,1,2,2,0,15705,6.6,17630,230,57,856,-268,134,2,3,6,0,14849,7,17898,219,56,0,-103,-1,-1,-4,11,1,-0.4
"6291","Red","Red","Red","Red",11,3,0,0,0,13364,6.6,16851,203,63,-5088,-3911,17,2,8,8,0,18452,7.6,20762,259,60,0,-6,1,-8,-8,-56,3,-1
"6292","Red","Neither","Blue","Red",15,4,8,9,0,17080,7.2,18330,196,41,-2247,-1938,17,2,11,6,0,19327,7.4,20268,227,60,0,-2,2,-3,3,-31,-19,-0.2
"6293","Blue","Neither","Neither","Blue",14,0,11,15,0,17395,6.8,17215,170,40,3298,1038,14,4,2,1,0,14097,6.6,16177,210,44,0,0,-4,9,14,-40,-4,0.2
"6294","Blue","Neither","Blue","Red",18,5,8,6,0,17498,7.2,19132,240,34,744,927,19,5,7,7,0,16754,7.2,18205,199,47,0,-1,0,1,-1,41,-13,0
"6295","Blue","Red","Neither","Red",13,0,6,4,0,17649,7.4,19655,276,50,2194,2684,14,0,4,3,0,15455,6.8,16971,221,58,0,-1,0,2,1,55,-8,0.600000000000001
"6296","Blue","Blue","Neither","Blue",12,1,10,5,0,18717,7.4,20051,247,57,4865,4641,15,0,2,4,0,13852,6.6,15410,191,32,0,-3,1,8,1,56,25,0.800000000000001
"6297","Blue","Blue","Neither","Blue",39,2,4,5,0,15736,7.2,18719,231,56,131,1381,15,0,4,4,0,15605,7,17338,246,43,0,24,2,0,1,-15,13,0.2
"6298","Red","Red","Neither","Red",17,4,3,1,0,13800,6.4,15275,165,44,-4921,-2826,17,3,12,16,0,18721,7,18101,208,60,0,0,1,-9,-15,-43,-16,-0.6
"6299","Red","Red","Red","Red",16,4,7,6,0,15772,6.8,17144,204,40,-1502,-429,16,3,8,11,0,17274,6.8,17573,225,44,0,0,1,-1,-5,-21,-4,0
"6300","Blue","Blue","Red","Blue",17,5,7,5,0,16825,7.4,19699,229,48,389,1652,42,1,7,8,0,16436,7,18047,194,47,0,-25,4,0,-3,35,1,0.4
"6301","Red","Red","Blue","Blue",12,3,7,8,0,17315,6.8,18122,229,50,1792,217,40,2,5,8,0,15523,6.8,17905,226,47,0,-28,1,2,0,3,3,0
"6302","Red","Red","Neither","Red",17,2,2,1,0,14144,6.8,17041,208,42,-1122,-643,16,4,4,1,0,15266,6.8,17684,230,46,0,1,-2,-2,0,-22,-4,0
"6303","Blue","Blue","Neither","Blue",13,3,5,4,0,16328,6.8,17531,223,62,1192,836,14,4,4,4,0,15136,6.4,16695,219,52,0,-1,-1,1,0,4,10,0.399999999999999
"6304","Blue","Neither","Neither","Blue",15,5,3,3,0,15135,7,17610,213,59,-1161,-1685,16,5,5,8,0,16296,7.4,19295,251,58,0,-1,0,-2,-5,-38,1,-0.4
"6305","Red","Red","Neither","Red",19,4,9,10,0,17719,7,18085,215,44,618,-308,15,4,6,7,0,17101,7.2,18393,213,84,0,4,0,3,3,2,-40,-0.2
"6306","Red","Red","Neither","Blue",17,8,8,12,0,16291,6.4,16508,180,33,-870,-1348,34,5,8,11,0,17161,7,17856,207,46,0,-17,3,0,1,-27,-13,-0.6
"6307","Red","Red","Blue","Blue",17,0,5,3,0,15048,6.6,16313,209,47,-2099,-2717,18,0,6,6,0,17147,7.4,19030,239,55,0,-1,0,-1,-3,-30,-8,-0.800000000000001
"6308","Red","Red","Neither","Red",13,6,2,1,0,14155,6.6,16974,226,46,-1735,-1786,17,3,4,3,0,15890,7,18760,258,59,0,-4,3,-2,-2,-32,-13,-0.4
"6309","Red","Red","Red","Red",11,1,5,4,0,15102,6.8,18032,174,68,-5691,-2006,14,2,9,8,2,20793,7.4,20038,226,56,-2,-3,-1,-4,-4,-52,12,-0.600000000000001
"6310","Red","Red","Neither","Red",16,2,6,7,0,15522,6.8,16999,182,55,-3819,-2264,14,4,13,16,0,19341,7.2,19263,220,40,0,2,-2,-7,-9,-38,15,-0.4
"6311","Blue","Red","Blue","Red",14,9,11,12,0,17850,7.4,18858,204,64,1926,3729,17,0,6,8,0,15924,6.4,15129,167,39,0,-3,9,5,4,37,25,1
"6312","Red","Blue","Neither","Blue",14,0,8,8,0,16720,6.8,16905,181,48,-1884,-2885,13,3,8,4,0,18604,7.4,19790,248,66,0,1,-3,0,4,-67,-18,-0.600000000000001
"6313","Blue","Red","Neither","Red",159,4,8,5,0,17321,7.6,19677,238,48,703,477,15,1,7,6,0,16618,7.2,19200,212,68,0,144,3,1,-1,26,-20,0.399999999999999
"6314","Blue","Red","Neither","Blue",16,1,7,7,0,16672,7,18698,210,58,-521,860,13,4,6,11,0,17193,7,17838,250,48,0,3,-3,1,-4,-40,10,0
"6315","Blue","Blue","Neither","Blue",20,3,2,3,0,15426,7.4,19072,230,79,711,1245,15,3,1,1,0,14715,6.8,17827,255,54,0,5,0,1,2,-25,25,0.600000000000001
"6316","Blue","Blue","Neither","Blue",17,3,6,4,0,16404,7,19029,246,43,736,1019,15,3,3,4,0,15668,6.8,18010,203,73,0,2,0,3,0,43,-30,0.2
"6317","Blue","Blue","Neither","Red",21,4,11,14,0,18293,7.2,19481,218,52,2685,1151,19,5,3,4,0,15608,7,18330,228,55,0,2,-1,8,10,-10,-3,0.2
"6318","Red","Blue","Neither","Blue",84,3,5,4,0,16605,7,17961,207,69,31,-189,17,2,7,7,0,16574,7,18150,207,63,0,67,1,-2,-3,0,6,0
"6319","Red","Red","Neither","Blue",15,0,10,8,1,18544,6.4,17072,182,60,1060,7,39,2,10,11,0,17484,6.8,17065,174,36,1,-24,-2,0,-3,8,24,-0.399999999999999
"6320","Blue","Blue","Neither","Blue",17,3,12,14,0,18499,7,17823,210,36,3473,2812,15,1,5,6,0,15026,6.2,15011,204,20,0,2,2,7,8,6,16,0.8
"6321","Blue","Red","Neither","Blue",14,2,6,10,0,16911,6.8,17876,224,44,1913,842,14,3,3,3,0,14998,6.8,17034,222,55,0,0,-1,3,7,2,-11,0
"6322","Blue","Neither","Neither","Blue",15,3,7,12,0,16963,7,17857,212,45,707,730,13,2,6,7,0,16256,6.6,17127,200,50,0,2,1,1,5,12,-5,0.4
"6323","Blue","Blue","Blue","Blue",40,3,9,3,0,17669,7.4,20105,218,64,2227,2792,15,2,5,4,0,15442,6.8,17313,203,40,0,25,1,4,-1,15,24,0.600000000000001
"6324","Red","Blue","Neither","Red",15,2,6,8,0,15875,7,18029,191,60,-2901,-1904,17,1,10,8,0,18776,7.2,19933,230,56,0,-2,1,-4,0,-39,4,-0.2
"6325","Red","Red","Neither","Red",37,2,5,4,0,16273,7.2,19371,241,48,1161,2387,14,1,4,3,0,15112,6.6,16984,224,44,0,23,1,1,1,17,4,0.600000000000001
"6326","Red","Red","Blue","Red",58,2,4,7,0,15848,6.6,17347,238,56,-1845,-606,17,1,8,14,0,17693,6.8,17953,224,60,0,41,1,-4,-7,14,-4,-0.2
"6327","Red","Blue","Neither","Red",12,3,4,4,0,15297,6.6,17644,201,48,-502,-413,20,3,5,7,0,15799,7,18057,209,52,0,-8,0,-1,-3,-8,-4,-0.4
"6328","Red","Red","Blue","Red",32,3,6,5,0,16406,7,17714,208,55,-1530,-988,14,4,10,10,0,17936,7,18702,224,56,0,18,-1,-4,-5,-16,-1,0
"6329","Red","Red","Neither","Blue",14,0,8,7,0,17509,7.2,18038,234,28,-2118,-2158,11,2,11,9,0,19627,7.4,20196,209,89,0,3,-2,-3,-2,25,-61,-0.2
"6330","Blue","Blue","Neither","Red",13,1,4,5,0,15398,6.8,17802,200,60,-893,771,15,2,4,4,1,16291,6.8,17031,212,36,-1,-2,-1,0,1,-12,24,0
"6331","Red","Blue","Blue","Blue",18,1,9,10,0,17431,6.8,18061,178,60,253,-121,13,2,8,6,0,17178,7,18182,224,56,0,5,-1,1,4,-46,4,-0.2
"6332","Blue","Blue","Neither","Blue",86,4,9,7,0,18968,7.6,20401,239,56,5344,3793,12,3,0,0,0,13624,6.4,16608,225,51,0,74,1,9,7,14,5,1.2
"6333","Red","Red","Blue","Red",19,5,4,5,0,16318,6.6,17365,218,48,-326,315,19,1,5,9,0,16644,6.8,17050,209,51,0,0,4,-1,-4,9,-3,-0.2
"6334","Blue","Red","Neither","Blue",13,2,13,11,0,18896,7.4,19340,198,55,2663,1537,19,1,6,5,0,16233,6.8,17803,201,52,0,-6,1,7,6,-3,3,0.600000000000001
"6335","Blue","Blue","Neither","Blue",16,4,5,4,0,15964,6.8,17011,204,53,-1399,-1727,53,1,8,7,0,17363,7.2,18738,217,49,0,-37,3,-3,-3,-13,4,-0.4
"6336","Red","Blue","Blue","Red",17,0,6,7,0,15924,6.8,16695,184,64,-903,-729,12,1,7,8,0,16827,7,17424,215,29,0,5,-1,-1,-1,-31,35,-0.2
"6337","Red","Blue","Red","Red",18,2,4,2,0,15190,7,18507,215,61,-2134,-339,14,4,7,8,0,17324,7,18846,227,48,0,4,-2,-3,-6,-12,13,0
"6338","Blue","Blue","Neither","Blue",15,4,6,8,0,17482,7.2,19196,216,65,3781,3184,17,2,0,0,0,13701,6.4,16012,223,56,0,-2,2,6,8,-7,9,0.8
"6339","Blue","Blue","Neither","Blue",13,1,2,1,0,14492,7,16869,211,57,-611,-1958,24,1,4,3,0,15103,7.2,18827,230,57,0,-11,0,-2,-2,-19,0,-0.2
"6340","Blue","Red","Neither","Blue",14,3,8,8,0,17055,7,17638,225,34,2603,1105,19,2,2,0,0,14452,6.8,16533,238,44,0,-5,1,6,8,-13,-10,0.2
"6341","Blue","Neither","Red","Blue",15,4,4,3,0,14559,6.8,17491,191,44,-1348,-10,91,2,4,6,0,15907,6.6,17501,202,54,0,-76,2,0,-3,-11,-10,0.2
"6342","Red","Red","Neither","Red",77,3,6,4,0,15838,7,18031,204,52,-2468,-1853,86,5,11,9,0,18306,7.4,19884,219,80,0,-9,-2,-5,-5,-15,-28,-0.4
"6343","Blue","Red","Red","Red",12,2,6,6,0,16047,6.8,18460,250,32,-518,-268,16,3,8,3,0,16565,7.2,18728,211,47,0,-4,-1,-2,3,39,-15,-0.4
"6344","Red","Red","Neither","Blue",15,3,6,6,0,16513,7.2,18896,241,48,752,1146,15,3,4,6,0,15761,7,17750,216,51,0,0,0,2,0,25,-3,0.2
"6345","Red","Neither","Red","Red",17,1,4,2,0,15445,6.6,17280,222,51,-1775,-2698,11,6,9,6,0,17220,7.4,19978,228,38,0,6,-5,-5,-4,-6,13,-0.800000000000001
"6346","Blue","Neither","Neither","Blue",79,3,9,11,0,18124,7.4,19613,213,48,4232,3448,55,2,2,0,0,13892,6.6,16165,205,52,0,24,1,7,11,8,-4,0.800000000000001
"6347","Red","Neither","Neither","Red",18,1,3,4,0,14268,6.4,15723,213,42,-4962,-2384,16,1,11,14,0,19230,7,18107,216,56,0,2,0,-8,-10,-3,-14,-0.6
"6348","Blue","Red","Blue","Red",17,4,6,5,0,16000,6.8,17778,206,60,379,406,16,1,5,5,0,15621,6.8,17372,214,44,0,1,3,1,0,-8,16,0
"6349","Red","Neither","Neither","Red",16,2,6,3,0,15040,6.8,17558,184,37,-2006,-101,16,5,6,5,0,17046,6.8,17659,236,43,0,0,-3,0,-2,-52,-6,0
"6350","Blue","Blue","Neither","Red",19,4,6,8,0,15416,6.8,17061,199,55,-1342,-713,34,4,5,7,0,16758,6.8,17774,248,50,0,-15,0,1,1,-49,5,0
"6351","Red","Blue","Neither","Blue",16,1,7,9,0,17844,7.2,18825,232,56,1037,111,12,2,6,5,0,16807,7.2,18714,243,55,0,4,-1,1,4,-11,1,0
"6352","Red","Blue","Blue","Blue",14,2,5,9,0,16455,7.2,17798,229,44,1844,1397,19,4,4,6,0,14611,6.6,16401,213,36,0,-5,-2,1,3,16,8,0.600000000000001
"6353","Blue","Blue","Neither","Blue",16,3,6,8,0,17368,7.2,18140,252,56,3524,2086,14,2,2,2,0,13844,6.4,16054,195,54,0,2,1,4,6,57,2,0.8
"6354","Red","Red","Neither","Red",17,3,7,5,0,16503,7,19371,218,51,2169,2322,13,5,2,4,0,14334,6.6,17049,220,56,0,4,-2,5,1,-2,-5,0.4
"6355","Blue","Blue","Neither","Blue",14,4,5,4,0,15063,6.6,16316,198,43,-1547,-1049,19,1,6,3,0,16610,6.8,17365,229,40,0,-5,3,-1,1,-31,3,-0.2
"6356","Blue","Blue","Neither","Blue",14,12,6,12,0,17733,7.2,19290,221,59,1995,2344,42,3,4,6,0,15738,6.8,16946,225,44,0,-28,9,2,6,-4,15,0.4
"6357","Blue","Red","Neither","Blue",17,1,4,5,0,15720,7,18012,224,50,1146,1440,15,2,3,3,0,14574,6.8,16572,211,53,0,2,-1,1,2,13,-3,0.2
"6358","Blue","Blue","Blue","Red",16,4,5,9,0,16457,7,17837,228,68,1418,716,18,4,3,2,0,15039,6.4,17121,238,40,0,-2,0,2,7,-10,28,0.6
"6359","Blue","Blue","Neither","Blue",129,4,8,8,0,17526,7.2,18287,220,45,307,-269,43,2,7,7,0,17219,7.2,18556,225,52,0,86,2,1,1,-5,-7,0
"6360","Blue","Blue","Neither","Red",34,1,8,8,0,17204,7.2,19878,215,66,803,2597,16,2,5,7,0,16401,6.8,17281,216,53,0,18,-1,3,1,-1,13,0.4
"6361","Blue","Blue","Blue","Blue",17,1,4,5,0,16973,7.2,19798,271,72,2420,2428,12,4,1,2,0,14553,6.6,17370,247,48,0,5,-3,3,3,24,24,0.600000000000001
"6362","Red","Red","Red","Blue",17,2,1,1,0,12713,6,14245,192,23,-2976,-2255,14,1,5,8,0,15689,6.6,16500,237,44,0,3,1,-4,-7,-45,-21,-0.6
"6363","Red","Neither","Neither","Red",15,3,8,8,0,16488,6.8,17583,217,47,-451,-1201,13,3,8,4,0,16939,7,18784,196,69,0,2,0,0,4,21,-22,-0.2
"6364","Red","Neither","Neither","Red",28,5,6,6,0,15801,7,17655,208,45,161,1546,20,5,5,3,0,15640,6.6,16109,197,34,0,8,0,1,3,11,11,0.4
"6365","Red","Red","Red","Red",10,1,5,4,0,14750,6.6,15820,185,44,-3688,-4038,76,1,10,12,0,18438,7.2,19858,189,60,0,-66,0,-5,-8,-4,-16,-0.600000000000001
"6366","Blue","Neither","Neither","Red",15,2,9,7,0,17709,6.6,17077,213,35,-653,-1717,14,1,12,15,0,18362,7,18794,193,40,0,1,1,-3,-8,20,-5,-0.4
"6367","Red","Red","Red","Red",13,3,6,7,0,15827,6.8,17027,181,46,-2327,-2250,17,2,9,5,0,18154,7.4,19277,251,60,0,-4,1,-3,2,-70,-14,-0.600000000000001
"6368","Red","Red","Neither","Blue",26,5,10,23,0,17482,6.8,17024,206,38,1875,-622,17,4,6,6,0,15607,6.8,17646,179,60,0,9,1,4,17,27,-22,0
"6369","Red","Red","Red","Red",39,5,4,5,0,15450,7,17766,202,61,312,33,45,5,3,8,0,15138,7.2,17733,243,52,0,-6,0,1,-3,-41,9,-0.2
"6370","Red","Blue","Neither","Blue",15,2,7,5,0,15728,6.8,17209,208,30,989,-477,14,0,3,2,0,14739,6.6,17686,208,62,0,1,2,4,3,0,-32,0.2
"6371","Blue","Red","Blue","Blue",35,2,5,7,0,15588,6.6,16904,202,44,414,-1224,40,3,3,2,0,15174,7,18128,207,68,0,-5,-1,2,5,-5,-24,-0.4
"6372","Blue","Blue","Neither","Red",21,4,10,16,0,18676,7,18145,217,76,416,1133,20,1,12,14,0,18260,6.6,17012,211,31,0,1,3,-2,2,6,45,0.4
"6373","Red","Red","Neither","Red",34,1,4,6,0,15829,6.8,17626,185,68,-869,-814,17,1,6,2,0,16698,6.8,18440,231,56,0,17,0,-2,4,-46,12,0
"6374","Blue","Blue","Neither","Red",15,1,4,2,0,15340,7.2,18245,228,44,-1031,122,13,4,6,7,0,16371,7,18123,228,51,0,2,-3,-2,-5,0,-7,0.2
"6375","Red","Red","Blue","Blue",14,0,7,7,0,17140,7.2,18192,207,52,-389,226,15,2,8,9,0,17529,7,17966,208,48,0,-1,-2,-1,-2,-1,4,0.2
"6376","Red","Red","Neither","Red",12,1,2,2,0,14606,6.8,17633,200,71,-3513,-1630,14,0,9,6,0,18119,7.4,19263,221,60,0,-2,1,-7,-4,-21,11,-0.600000000000001
"6377","Blue","Red","Blue","Red",20,5,6,4,0,17528,7.2,20077,257,64,2605,2260,16,4,2,3,0,14923,6.8,17817,254,51,0,4,1,4,1,3,13,0.4
"6378","Red","Red","Neither","Blue",82,3,5,7,0,16035,6.6,17246,193,44,408,165,15,2,4,6,0,15627,6.8,17081,224,56,0,67,1,1,1,-31,-12,-0.2
"6379","Red","Blue","Neither","Red",13,3,3,5,0,14559,6.8,17148,193,56,-4140,-2177,104,3,9,8,0,18699,7.4,19325,236,42,0,-91,0,-6,-3,-43,14,-0.600000000000001
"6380","Blue","Blue","Neither","Red",18,3,12,16,0,19726,7.4,19180,246,48,5020,3785,13,2,4,6,0,14706,6.4,15395,192,48,0,5,1,8,10,54,0,1
"6381","Blue","Neither","Neither","Red",38,4,5,5,0,16508,7.2,18959,230,56,616,1673,14,2,4,6,0,15892,6.8,17286,238,48,0,24,2,1,-1,-8,8,0.4
"6382","Red","Red","Neither","Red",14,3,1,1,0,14001,6.4,16037,221,52,-2744,-1330,20,3,5,11,0,16745,7,17367,244,44,0,-6,0,-4,-10,-23,8,-0.6
"6383","Blue","Blue","Red","Red",19,5,4,8,0,15650,7,17837,224,51,-249,-1163,15,2,3,3,0,15899,7.2,19000,254,58,0,4,3,1,5,-30,-7,-0.2
"6384","Red","Red","Neither","Blue",15,1,6,4,0,16663,7,18493,227,64,-29,-997,11,2,5,4,0,16692,7.4,19490,225,76,0,4,-1,1,0,2,-12,-0.4
"6385","Blue","Red","Neither","Blue",11,1,7,5,0,17052,6.8,17766,241,44,1475,-95,36,2,4,5,0,15577,6.6,17861,206,60,0,-25,-1,3,0,35,-16,0.2
"6386","Red","Neither","Neither","Blue",30,5,7,12,0,16242,6.4,16365,209,40,-2055,-2649,21,6,9,12,0,18297,7.2,19014,202,56,0,9,-1,-2,0,7,-16,-0.8
"6387","Red","Red","Red","Red",15,3,4,2,0,15009,6.4,16571,211,44,-1806,-1419,21,4,6,7,0,16815,7,17990,220,59,0,-6,-1,-2,-5,-9,-15,-0.6
"6388","Red","Red","Neither","Red",43,3,4,8,0,15462,6.6,17446,209,54,-2237,-885,14,7,7,12,0,17699,6.8,18331,256,46,0,29,-4,-3,-4,-47,8,-0.2
"6389","Blue","Red","Neither","Red",40,4,7,6,0,16972,7.2,19381,222,57,1992,3174,16,6,4,6,0,14980,6.4,16207,221,36,0,24,-2,3,0,1,21,0.8
"6390","Blue","Red","Neither","Red",13,2,4,2,0,17005,7.2,19366,268,60,1973,1236,15,3,2,0,0,15032,6.8,18130,241,72,0,-2,-1,2,2,27,-12,0.4
"6391","Blue","Neither","Neither","Blue",16,1,4,4,0,15845,6.8,17682,225,48,463,-8,20,1,5,5,0,15382,7,17690,214,42,0,-4,0,-1,-1,11,6,-0.2
"6392","Red","Red","Red","Red",14,1,2,1,0,14048,6.4,16395,209,36,-4004,-3300,14,5,9,9,0,18052,7.2,19695,237,56,0,0,-4,-7,-8,-28,-20,-0.8
"6393","Blue","Blue","Red","Blue",16,1,6,10,0,15388,6.4,15544,153,60,-3077,-3160,14,1,8,5,1,18465,7,18704,214,59,-1,2,0,-2,5,-61,1,-0.6
"6394","Red","Blue","Neither","Red",15,2,4,3,0,14622,6.6,17798,176,67,-2542,-388,15,3,7,10,0,17164,7,18186,238,48,0,0,-1,-3,-7,-62,19,-0.4
"6395","Blue","Blue","Red","Red",38,3,4,4,0,15184,6.8,17545,199,48,-700,906,16,0,5,5,0,15884,6.6,16639,215,38,0,22,3,-1,-1,-16,10,0.2
"6396","Red","Red","Neither","Red",86,0,10,8,0,17607,7,18633,195,41,-740,396,12,2,12,11,0,18347,7,18237,214,40,0,74,-2,-2,-3,-19,1,0
"6397","Red","Red","Neither","Red",19,2,6,7,0,15258,6.8,17586,179,50,-3222,-1976,15,4,10,11,0,18480,7.2,19562,240,56,0,4,-2,-4,-4,-61,-6,-0.4
"6398","Blue","Blue","Neither","Blue",43,4,13,24,0,19669,7,17978,207,32,6876,6535,15,0,4,8,0,12793,5.2,11443,149,8,0,28,4,9,16,58,24,1.8
"6399","Blue","Blue","Blue","Blue",12,3,7,8,0,17865,7.4,19417,251,48,2871,1581,13,0,4,4,0,14994,7.2,17836,215,51,0,-1,3,3,4,36,-3,0.2
"6400","Red","Red","Blue","Red",87,1,9,8,1,19206,7,17896,219,30,2422,1048,14,3,9,15,0,16784,6.6,16848,181,39,1,73,-2,0,-7,38,-9,0.4
"6401","Blue","Blue","Red","Blue",12,4,7,8,0,18068,7.2,19266,252,60,3299,1803,17,0,3,3,0,14769,6.8,17463,201,59,0,-5,4,4,5,51,1,0.4
"6402","Blue","Blue","Neither","Blue",203,2,6,12,0,17397,7,18389,235,48,751,615,11,2,7,11,0,16646,6.8,17774,210,48,0,192,0,-1,1,25,0,0.2
"6403","Red","Red","Neither","Red",13,3,6,3,0,15933,7.2,18813,221,52,-866,259,18,2,6,3,0,16799,7.2,18554,249,52,0,-5,1,0,0,-28,0,0
"6404","Red","Blue","Red","Blue",17,2,5,4,0,15552,6.8,17498,239,25,-164,94,15,2,5,6,0,15716,7,17404,203,62,0,2,0,0,-2,36,-37,-0.2
"6405","Red","Blue","Neither","Red",17,4,4,3,0,16675,7.2,18462,240,72,93,1943,18,4,5,7,0,16582,6.6,16519,209,46,0,-1,0,-1,-4,31,26,0.600000000000001
"6406","Red","Neither","Neither","Blue",198,1,6,6,0,16585,7,18342,231,55,-991,-844,12,1,9,7,0,17576,7.4,19186,223,40,0,186,0,-3,-1,8,15,-0.4
"6407","Blue","Blue","Red","Blue",21,1,12,15,0,18665,7,17762,213,37,2524,1040,12,4,6,7,0,16141,6.6,16722,202,43,0,9,-3,6,8,11,-6,0.4
"6408","Blue","Blue","Neither","Blue",11,3,9,10,0,17555,6.8,17779,223,56,2875,1386,14,3,4,4,0,14680,6.4,16393,196,44,0,-3,0,5,6,27,12,0.399999999999999
"6409","Red","Red","Neither","Red",9,1,5,5,0,15942,6.8,17493,215,48,-1590,-1375,40,3,9,13,0,17532,7,18868,221,70,0,-31,-2,-4,-8,-6,-22,-0.2
"6410","Red","Red","Red","Blue",40,2,6,9,0,16185,6.8,17924,204,40,-2100,-925,14,20,8,12,1,18285,7,18849,199,40,-1,26,-18,-2,-3,5,0,-0.2
"6411","Red","Red","Neither","Blue",11,2,7,11,0,17444,6.4,16497,213,42,-1642,-4442,11,1,11,16,0,19086,7.6,20939,223,71,0,0,1,-4,-5,-10,-29,-1.2
"6412","Red","Blue","Neither","Red",15,4,4,7,0,15471,6.8,18216,220,57,-499,260,16,1,4,4,0,15970,7,17956,252,44,0,-1,3,0,3,-32,13,-0.2
"6413","Red","Blue","Red","Blue",26,1,3,3,0,15043,6.8,17227,225,47,-1591,-1829,15,2,5,4,0,16634,7.4,19056,236,52,0,11,-1,-2,-1,-11,-5,-0.600000000000001
"6414","Blue","Blue","Neither","Red",91,3,7,5,0,16424,7.2,18793,217,56,-158,-688,14,5,5,2,0,16582,7.2,19481,243,77,0,77,-2,2,3,-26,-21,0
"6415","Blue","Red","Neither","Red",14,4,6,6,0,16061,6.8,17186,158,60,1195,538,37,6,3,1,0,14866,6.6,16648,210,56,0,-23,-2,3,5,-52,4,0.2
"6416","Red","Neither","Neither","Red",13,0,5,3,0,14910,6.4,16295,198,40,-4644,-3580,13,2,13,13,0,19554,7.4,19875,247,46,0,0,-2,-8,-10,-49,-6,-1
"6417","Red","Neither","Neither","Red",8,1,5,8,0,15127,6.4,16197,193,28,-4099,-4129,10,0,11,11,0,19226,7.4,20326,225,52,0,-2,1,-6,-3,-32,-24,-1
"6418","Red","Red","Neither","Red",14,0,0,0,0,12682,6.6,15784,173,50,-4944,-3928,13,2,8,4,0,17626,7.4,19712,233,60,0,1,-2,-8,-4,-60,-10,-0.800000000000001
"6419","Blue","Blue","Neither","Red",15,4,5,3,0,16298,7.4,19831,231,64,96,2988,17,2,6,8,0,16202,6.6,16843,201,44,0,-2,2,-1,-5,30,20,0.800000000000001
"6420","Blue","Blue","Blue","Blue",15,8,10,10,0,18818,7.4,19037,215,60,4107,1820,18,3,4,2,0,14711,6.8,17217,209,49,0,-3,5,6,8,6,11,0.600000000000001
"6421","Blue","Blue","Neither","Blue",18,4,7,7,0,17221,7.4,18574,199,68,1823,1574,16,2,4,3,0,15398,6.6,17000,208,60,0,2,2,3,4,-9,8,0.800000000000001
"6422","Blue","Blue","Blue","Blue",16,3,7,9,0,17897,7,18898,237,46,2332,637,16,2,4,4,0,15565,7,18261,190,68,0,0,1,3,5,47,-22,0
"6423","Blue","Red","Neither","Red",43,5,4,11,0,14657,6.2,15612,194,48,-2710,-2319,14,2,7,9,0,17367,7,17931,227,60,0,29,3,-3,2,-33,-12,-0.8
"6424","Red","Neither","Neither","Blue",14,0,8,5,0,17232,6.8,17997,231,32,260,-108,15,3,8,7,0,16972,7,18105,205,50,0,-1,-3,0,-2,26,-18,-0.2
"6425","Blue","Neither","Neither","Red",16,2,2,3,0,15830,7.2,19605,255,80,909,2001,12,1,2,3,0,14921,7,17604,219,63,0,4,1,0,0,36,17,0.2
"6426","Red","Red","Neither","Red",16,3,3,2,0,14992,6.4,16189,214,53,-1984,-2084,19,4,5,8,0,16976,6.8,18273,246,56,0,-3,-1,-2,-6,-32,-3,-0.399999999999999
"6427","Blue","Neither","Neither","Blue",20,3,10,11,0,19000,7.2,18915,233,39,1259,-60,17,5,6,7,0,17741,7,18975,264,44,0,3,-2,4,4,-31,-5,0.2
"6428","Red","Red","Neither","Blue",17,3,5,5,0,15723,6.8,17429,203,50,-1522,-1611,19,4,7,4,0,17245,7,19040,241,56,0,-2,-1,-2,1,-38,-6,-0.2
"6429","Red","Red","Red","Blue",12,3,4,6,0,15428,6.8,16985,213,54,-2190,-3375,15,2,8,7,0,17618,7.6,20360,218,67,0,-3,1,-4,-1,-5,-13,-0.8
"6430","Red","Blue","Neither","Red",15,4,4,5,0,14592,6.6,16682,204,47,-1208,-1061,17,3,4,3,0,15800,6.8,17743,205,60,0,-2,1,0,2,-1,-13,-0.2
"6431","Red","Red","Neither","Blue",14,3,4,5,0,15613,6.8,17057,202,53,-2952,-2963,16,2,11,8,0,18565,7.4,20020,221,63,0,-2,1,-7,-3,-19,-10,-0.600000000000001
"6432","Red","Blue","Neither","Blue",78,2,7,11,0,16844,6.8,18255,217,51,749,570,15,2,5,8,0,16095,7,17685,233,44,0,63,0,2,3,-16,7,-0.2
"6433","Blue","Blue","Red","Blue",17,6,7,11,0,17709,7.2,19221,242,52,3324,1398,29,4,1,0,0,14385,6.6,17823,227,68,0,-12,2,6,11,15,-16,0.600000000000001
"6434","Red","Red","Blue","Red",16,3,3,3,0,15028,6.8,18170,212,52,147,1258,17,5,2,5,0,14881,6.8,16912,231,52,0,-1,-2,1,-2,-19,0,0
"6435","Blue","Neither","Neither","Blue",13,3,6,5,0,16399,6.8,17056,219,43,580,-54,14,1,7,7,0,15819,6.6,17110,189,43,0,-1,2,-1,-2,30,0,0.2
"6436","Red","Blue","Neither","Blue",17,1,12,10,0,19079,7,18774,206,58,1330,854,16,1,8,7,0,17749,7,17920,212,48,0,1,0,4,3,-6,10,0
"6437","Blue","Neither","Neither","Red",14,0,6,7,0,15809,7,18227,202,62,-2167,-1158,32,2,9,6,0,17976,7.2,19385,243,53,0,-18,-2,-3,1,-41,9,-0.2
"6438","Red","Blue","Neither","Blue",14,4,5,4,0,16755,7.2,18596,261,56,1470,498,13,4,5,3,0,15285,7,18098,217,46,0,1,0,0,1,44,10,0.2
"6439","Red","Red","Neither","Red",13,2,3,3,0,15043,6.8,17669,203,69,-635,202,16,1,4,3,0,15678,6.8,17467,242,40,0,-3,1,-1,0,-39,29,0
"6440","Blue","Blue","Neither","Red",71,1,6,7,0,16832,6.8,17641,222,60,-1467,-1504,15,1,10,12,0,18299,7.4,19145,210,64,0,56,0,-4,-5,12,-4,-0.600000000000001
"6441","Blue","Blue","Neither","Blue",13,3,9,8,0,17580,7.2,19527,210,46,3391,2897,14,2,2,1,0,14189,6.6,16630,195,64,0,-1,1,7,7,15,-18,0.600000000000001
"6442","Blue","Neither","Neither","Blue",20,0,5,5,0,15453,6.6,16291,193,43,-2980,-2882,16,7,11,15,0,18433,7.2,19173,233,45,0,4,-7,-6,-10,-40,-2,-0.600000000000001
"6443","Red","Red","Neither","Blue",12,3,3,3,0,15869,7,18217,261,48,-397,-163,15,2,5,5,0,16266,7,18380,227,54,0,-3,1,-2,-2,34,-6,0
"6444","Blue","Red","Neither","Red",58,3,5,9,0,15917,7.2,18903,220,49,1528,1785,15,3,2,4,0,14389,6.8,17118,199,64,0,43,0,3,5,21,-15,0.4
"6445","Blue","Blue","Neither","Blue",16,2,11,9,0,19612,7.6,20290,259,50,4871,2019,14,3,4,1,0,14741,7,18271,210,53,0,2,-1,7,8,49,-3,0.6
"6446","Red","Neither","Neither","Red",19,0,1,0,0,12519,6,13642,152,41,-7527,-4309,24,3,14,14,0,20046,7.2,17951,220,43,0,-5,-3,-13,-14,-68,-2,-1.2
"6447","Red","Blue","Neither","Red",14,4,5,7,0,16227,7.2,19425,221,68,131,735,17,3,6,8,0,16096,7,18690,206,44,0,-3,1,-1,-1,15,24,0.2
"6448","Red","Red","Neither","Blue",13,6,6,7,0,15291,6.2,15389,190,56,-2889,-3905,17,2,9,10,0,18180,7.2,19294,228,51,0,-4,4,-3,-3,-38,5,-1
"6449","Red","Red","Red","Red",18,1,3,2,0,14442,6.8,16949,209,47,-2402,-1269,17,5,5,7,0,16844,7,18218,240,60,0,1,-4,-2,-5,-31,-13,-0.2
"6450","Blue","Neither","Neither","Red",13,0,12,12,0,18968,7,18902,201,36,1686,886,17,1,8,8,0,17282,7,18016,186,64,0,-4,-1,4,4,15,-28,0
"6451","Blue","Blue","Blue","Blue",17,4,5,4,0,16187,6.8,18182,239,60,1408,1663,23,3,3,3,0,14779,6.6,16519,204,60,0,-6,1,2,1,35,0,0.2
"6452","Blue","Blue","Neither","Blue",18,2,10,10,0,18062,7,17871,190,62,-1293,-713,13,2,10,10,0,19355,7.2,18584,247,50,0,5,0,0,0,-57,12,-0.2
"6453","Red","Red","Neither","Red",24,0,1,0,0,14824,7.2,18421,230,72,-1424,-2416,14,2,5,3,0,16248,7.6,20837,228,68,0,10,-2,-4,-3,2,4,-0.399999999999999
"6454","Red","Red","Neither","Blue",12,3,3,2,0,15195,7,18046,217,64,-2336,-1282,17,0,7,8,0,17531,7.4,19328,247,60,0,-5,3,-4,-6,-30,4,-0.4
"6455","Red","Red","Neither","Blue",17,4,7,6,0,16457,7,18265,202,56,265,-267,16,4,6,4,0,16192,7,18532,234,63,0,1,0,1,2,-32,-7,0
"6456","Blue","Red","Blue","Blue",30,3,5,6,1,18317,7,19181,238,60,3006,1814,37,2,5,5,0,15311,6.8,17367,208,48,1,-7,1,0,1,30,12,0.2
"6457","Blue","Blue","Neither","Blue",13,3,7,6,0,16319,7.4,19461,218,55,1110,1898,16,3,5,4,0,15209,6.8,17563,198,44,0,-3,0,2,2,20,11,0.600000000000001
"6458","Blue","Red","Neither","Blue",14,2,11,18,0,19275,7.2,18899,233,58,2711,1931,16,2,8,15,0,16564,6.8,16968,183,48,0,-2,0,3,3,50,10,0.4
"6459","Blue","Blue","Red","Blue",16,3,6,6,0,16605,6.8,17533,219,46,2086,360,17,5,2,1,0,14519,6.6,17173,210,44,0,-1,-2,4,5,9,2,0.2
"6460","Blue","Blue","Blue","Blue",13,2,6,5,0,17898,7,19735,238,67,3477,3386,12,0,3,3,0,14421,6.6,16349,224,44,0,1,2,3,2,14,23,0.4
"6461","Red","Red","Neither","Blue",14,3,3,2,0,14745,6.8,17586,213,44,-1815,-671,41,5,5,5,0,16560,7,18257,211,76,0,-27,-2,-2,-3,2,-32,-0.2
"6462","Blue","Red","Blue","Red",16,3,2,2,1,16417,6.8,18414,249,63,1086,1804,21,2,4,8,0,15331,6.6,16610,219,52,1,-5,1,-2,-6,30,11,0.2
"6463","Blue","Neither","Neither","Blue",15,5,4,2,0,15169,7,17363,217,44,-145,120,51,2,7,3,0,15314,6.8,17243,205,39,0,-36,3,-3,-1,12,5,0.2
"6464","Red","Blue","Blue","Red",15,3,2,2,0,15197,7,17925,233,64,-1519,-1363,16,5,4,4,0,16716,7.2,19288,245,63,0,-1,-2,-2,-2,-12,1,-0.2
"6465","Blue","Blue","Neither","Blue",17,2,8,8,0,18208,7.2,19824,248,56,4538,3618,10,0,4,1,0,13670,6.4,16206,176,51,0,7,2,4,7,72,5,0.8
"6466","Blue","Blue","Neither","Blue",16,2,7,4,0,17879,7.4,19767,241,63,4864,5310,47,1,3,1,0,13015,6,14457,185,28,0,-31,1,4,3,56,35,1.4
"6467","Blue","Neither","Neither","Blue",18,0,9,6,0,17947,7.2,19669,239,36,4121,3050,50,1,2,1,0,13826,6.8,16619,177,62,0,-32,-1,7,5,62,-26,0.4
"6468","Blue","Blue","Neither","Red",21,1,3,3,0,15393,7,18185,243,56,-1101,-306,12,5,5,7,0,16494,7,18491,267,48,0,9,-4,-2,-4,-24,8,0
"6469","Blue","Red","Neither","Blue",15,2,4,2,0,15729,7,18102,205,60,-448,-163,15,4,6,6,0,16177,7,18265,232,43,0,0,-2,-2,-4,-27,17,0
"6470","Blue","Neither","Blue","Blue",19,5,10,13,0,18560,7.2,19924,244,38,3373,2383,15,3,5,3,0,15187,6.8,17541,210,44,0,4,2,5,10,34,-6,0.4
"6471","Blue","Blue","Neither","Blue",14,2,3,3,0,15718,6.8,17585,256,57,86,-315,19,1,4,6,0,15632,6.8,17900,220,42,0,-5,1,-1,-3,36,15,0
"6472","Red","Red","Neither","Blue",12,1,2,0,0,14021,6.2,15684,200,55,-3792,-3472,17,2,8,8,0,17813,7.2,19156,236,43,0,-5,-1,-6,-8,-36,12,-1
"6473","Blue","Neither","Neither","Blue",15,1,13,10,0,19485,7.4,19900,196,58,3823,2563,12,2,5,5,0,15662,6.6,17337,201,44,0,3,-1,8,5,-5,14,0.800000000000001
"6474","Red","Blue","Neither","Red",18,1,6,6,0,16029,6.8,17293,198,48,-1350,-1765,12,3,8,6,0,17379,7.2,19058,206,51,0,6,-2,-2,0,-8,-3,-0.4
"6475","Red","Neither","Blue","Red",12,3,4,2,0,14372,6.8,16842,205,40,-1864,-2124,19,4,6,3,0,16236,7.2,18966,216,54,0,-7,-1,-2,-1,-11,-14,-0.4
"6476","Blue","Red","Neither","Red",17,6,10,13,0,18348,6.6,17087,195,52,1864,-797,19,4,6,7,0,16484,7,17884,211,59,0,-2,2,4,6,-16,-7,-0.4
"6477","Red","Blue","Neither","Red",15,2,7,11,0,16464,6.8,17678,206,40,441,130,14,2,4,5,0,16023,6.8,17548,229,51,0,1,0,3,6,-23,-11,0
"6478","Red","Red","Red","Red",15,0,4,5,0,16377,6.8,18575,213,67,-2218,-1083,21,4,9,7,1,18595,7.2,19658,222,60,-1,-6,-4,-5,-2,-9,7,-0.4
"6479","Blue","Blue","Neither","Red",20,4,9,9,0,17421,6.6,17407,203,40,-120,-394,16,4,10,11,0,17541,6.8,17801,225,32,0,4,0,-1,-2,-22,8,-0.2
"6480","Blue","Neither","Neither","Red",40,4,4,4,0,15284,6.8,17975,221,53,-188,899,15,4,5,6,0,15472,6.8,17076,226,44,0,25,0,-1,-2,-5,9,0
"6481","Red","Blue","Neither","Blue",17,4,3,3,0,14900,7,18354,214,60,-1966,263,19,5,7,7,0,16866,7.2,18091,214,54,0,-2,-1,-4,-4,0,6,-0.2
"6482","Blue","Red","Neither","Blue",16,1,7,5,0,16345,6.6,16530,204,47,-323,-992,54,2,6,8,0,16668,7,17522,190,56,0,-38,-1,1,-3,14,-9,-0.4
"6483","Red","Red","Neither","Red",12,2,6,6,0,17982,7,18687,244,56,-708,387,9,3,11,9,0,18690,7.2,18300,203,44,0,3,-1,-5,-3,41,12,-0.2
"6484","Red","Red","Neither","Red",15,2,6,5,0,16259,7.2,18818,232,43,-147,184,17,2,6,6,0,16406,7,18634,237,51,0,-2,0,0,-1,-5,-8,0.2
"6485","Blue","Red","Neither","Blue",16,6,10,8,0,18472,7.2,19144,228,47,1041,1187,17,3,11,8,0,17431,6.8,17957,175,50,0,-1,3,-1,0,53,-3,0.4
"6486","Blue","Blue","Neither","Blue",18,4,7,6,0,16099,7,18219,203,48,873,678,15,4,5,2,0,15226,6.8,17541,208,44,0,3,0,2,4,-5,4,0.2
"6487","Blue","Red","Neither","Blue",40,6,4,8,0,15947,6.8,17352,231,41,247,-1191,17,2,4,5,0,15700,6.8,18543,219,75,0,23,4,0,3,12,-34,0
"6488","Blue","Red","Neither","Blue",13,5,6,3,0,16590,7,19180,228,43,1209,1099,13,1,5,10,0,15381,7,18081,202,52,0,0,4,1,-7,26,-9,0
"6489","Red","Red","Blue","Blue",14,2,3,3,0,14986,6.4,16975,229,53,-495,-724,16,1,4,4,0,15481,7,17699,246,42,0,-2,1,-1,-1,-17,11,-0.6
"6490","Red","Blue","Neither","Blue",17,4,16,21,0,19234,7,18339,193,32,2899,1508,16,4,5,7,0,16335,6.8,16831,211,61,0,1,0,11,14,-18,-29,0.2
"6491","Blue","Blue","Blue","Blue",39,3,3,4,1,16657,7.2,18356,228,52,1129,218,13,1,4,4,0,15528,7.2,18138,238,40,1,26,2,-1,0,-10,12,0
"6492","Blue","Blue","Blue","Blue",16,3,16,22,0,21512,7.2,19190,218,35,5514,3051,18,2,7,9,0,15998,6.4,16139,196,47,0,-2,1,9,13,22,-12,0.8
"6493","Red","Red","Blue","Blue",16,2,6,5,0,15905,7,17754,200,52,-1317,-1427,12,3,7,10,0,17222,7.2,19181,203,67,0,4,-1,-1,-5,-3,-15,-0.2
"6494","Red","Neither","Red","Red",38,1,7,4,0,15793,6.8,17795,191,41,-571,-932,39,0,7,3,0,16364,7.2,18727,227,53,0,-1,1,0,1,-36,-12,-0.4
"6495","Red","Red","Neither","Blue",18,2,10,12,0,17883,6.8,17407,198,40,1485,-264,16,3,8,10,0,16398,6.8,17671,194,52,0,2,-1,2,2,4,-12,0
"6496","Red","Neither","Neither","Blue",15,5,4,6,0,15744,7,18381,219,60,1185,1042,15,3,2,3,0,14559,6.8,17339,231,60,0,0,2,2,3,-12,0,0.2
"6497","Red","Blue","Neither","Red",15,3,5,3,0,14765,6.8,16480,189,38,-2108,-1510,16,1,7,8,0,16873,7.4,17990,212,66,0,-1,2,-2,-5,-23,-28,-0.600000000000001
"6498","Blue","Blue","Blue","Blue",17,2,5,5,0,17446,7.4,20350,255,63,3229,3548,14,2,2,2,0,14217,6.6,16802,221,48,0,3,0,3,3,34,15,0.800000000000001
"6499","Blue","Blue","Neither","Blue",22,1,6,10,0,16190,7,17477,233,36,1267,920,13,2,4,4,0,14923,6.4,16557,190,59,0,9,-1,2,6,43,-23,0.6
"6500","Blue","Blue","Neither","Blue",15,3,2,2,0,14967,6.8,16756,221,54,-1513,-2959,12,2,6,7,0,16480,7.2,19715,224,62,0,3,1,-4,-5,-3,-8,-0.4
"6501","Blue","Blue","Blue","Red",14,1,9,12,0,18108,7,18738,218,45,2967,947,12,4,3,1,0,15141,6.8,17791,228,76,0,2,-3,6,11,-10,-31,0.2
"6502","Red","Blue","Neither","Red",13,2,7,10,0,16397,6.6,17090,222,40,-1023,-2028,39,1,7,6,0,17420,7.2,19118,243,52,0,-26,1,0,4,-21,-12,-0.600000000000001
"6503","Blue","Neither","Blue","Blue",54,3,6,8,0,16606,7,18225,237,48,1385,969,19,2,4,2,0,15221,7,17256,217,60,0,35,1,2,6,20,-12,0
"6504","Blue","Red","Red","Red",16,1,3,5,0,14351,6.8,16380,172,62,-3540,-3645,13,3,9,4,0,17891,7.6,20025,224,69,0,3,-2,-6,1,-52,-7,-0.8
"6505","Red","Red","Blue","Red",15,2,2,2,0,14864,6.6,16742,249,41,-2219,-1498,19,3,7,15,0,17083,7,18240,229,52,0,-4,-1,-5,-13,20,-11,-0.4
"6506","Blue","Blue","Neither","Blue",14,1,10,8,0,18214,7.2,19620,227,66,1295,1330,13,3,8,9,0,16919,7,18290,205,52,0,1,-2,2,-1,22,14,0.2
"6507","Red","Red","Red","Blue",16,4,8,12,0,17059,7.2,18162,200,37,1601,1229,13,1,3,3,0,15458,6.8,16933,206,52,0,3,3,5,9,-6,-15,0.4
"6508","Red","Blue","Neither","Red",18,3,2,2,0,14353,6.4,16624,215,53,-874,-1635,23,4,4,5,0,15227,7,18259,216,62,0,-5,-1,-2,-3,-1,-9,-0.6
"6509","Red","Red","Blue","Red",15,3,4,6,1,16580,7,17438,205,45,-551,-551,54,2,6,10,0,17131,6.8,17989,218,55,1,-39,1,-2,-4,-13,-10,0.2
"6510","Blue","Neither","Neither","Red",176,1,9,11,0,17426,7,17243,234,33,395,-504,15,3,8,9,0,17031,6.8,17747,188,60,0,161,-2,1,2,46,-27,0.2
"6511","Red","Blue","Blue","Blue",16,2,6,3,0,16308,7,18718,227,65,-52,430,14,2,7,5,0,16360,7.2,18288,208,52,0,2,0,-1,-2,19,13,-0.2
"6512","Blue","Red","Blue","Blue",15,3,9,11,1,19723,7.2,19678,249,35,4609,1189,16,1,3,2,0,15114,7.2,18489,226,63,1,-1,2,6,9,23,-28,0
"6513","Red","Neither","Neither","Blue",14,4,6,6,0,15946,7,17404,222,32,-1565,-467,17,0,9,15,0,17511,6.8,17871,187,40,0,-3,4,-3,-9,35,-8,0.2
"6514","Blue","Red","Neither","Red",15,2,11,9,0,19425,7.4,20998,218,67,3143,2852,16,2,7,5,0,16282,7,18146,216,56,0,-1,0,4,4,2,11,0.4
"6515","Blue","Blue","Blue","Red",36,3,14,5,0,18135,7,19550,198,56,1490,1854,11,0,7,7,0,16645,7,17696,180,43,0,25,3,7,-2,18,13,0
"6516","Red","Neither","Neither","Red",13,3,9,6,0,16774,7,17746,176,64,-1130,275,59,2,10,12,0,17904,6.8,17471,206,32,0,-46,1,-1,-6,-30,32,0.2
"6517","Blue","Blue","Neither","Red",18,1,6,5,0,16637,7.2,17981,215,60,370,212,16,3,5,5,0,16267,7,17769,207,60,0,2,-2,1,0,8,0,0.2
"6518","Red","Red","Red","Red",15,2,7,14,0,16750,6.6,17492,214,44,-2128,-1873,18,4,7,3,1,18878,7.2,19365,236,72,-1,-3,-2,0,11,-22,-28,-0.600000000000001
"6519","Blue","Blue","Neither","Red",17,4,1,0,0,13493,6.6,16560,218,44,-3700,-2221,16,5,8,8,0,17193,7,18781,229,39,0,1,-1,-7,-8,-11,5,-0.4
"6520","Red","Red","Neither","Red",15,3,6,5,0,15794,6.8,17285,192,49,-4649,-1914,18,2,12,11,1,20443,7.4,19199,213,47,-1,-3,1,-6,-6,-21,2,-0.600000000000001
"6521","Blue","Blue","Neither","Blue",14,3,9,12,0,16574,6.6,17052,203,36,144,-227,18,1,6,4,0,16430,6.8,17279,229,56,0,-4,2,3,8,-26,-20,-0.2
"6522","Blue","Red","Blue","Blue",36,3,17,24,0,20182,7.6,20589,199,44,3404,2667,13,1,7,5,0,16778,7,17922,206,61,0,23,2,10,19,-7,-17,0.6
"6523","Red","Neither","Neither","Blue",11,2,4,6,0,15402,6.2,15435,205,48,-2180,-3706,17,1,11,12,0,17582,7.2,19141,204,54,0,-6,1,-7,-6,1,-6,-1
"6524","Red","Blue","Red","Blue",15,2,6,5,0,15414,6.4,16960,188,43,-2545,-761,17,2,6,5,1,17959,6.8,17721,225,51,-1,-2,0,0,0,-37,-8,-0.399999999999999
"6525","Red","Blue","Blue","Blue",14,3,5,6,0,16982,6.8,17866,225,34,1935,162,17,4,4,6,0,15047,6.8,17704,208,64,0,-3,-1,1,0,17,-30,0
"6526","Blue","Blue","Blue","Red",18,3,5,3,0,15193,6.8,16642,208,50,-404,-419,39,4,5,11,0,15597,6.8,17061,216,42,0,-21,-1,0,-8,-8,8,0
"6527","Red","Red","Neither","Blue",16,3,5,4,0,15968,6.8,17837,226,55,-1624,-1067,17,4,9,13,0,17592,7.2,18904,198,64,0,-1,-1,-4,-9,28,-9,-0.4
"6528","Blue","Red","Blue","Blue",18,3,2,2,0,15260,7,18522,220,71,-505,-602,17,2,2,1,0,15765,7.2,19124,249,71,0,1,1,0,1,-29,0,-0.2
"6529","Blue","Neither","Neither","Red",15,3,7,8,0,17115,6.8,17857,203,33,47,-856,13,1,9,6,0,17068,7,18713,219,26,0,2,2,-2,2,-16,7,-0.2
"6530","Red","Red","Neither","Red",16,5,5,7,0,16365,6.8,17954,225,51,-1754,-149,16,4,8,13,0,18119,7,18103,243,48,0,0,1,-3,-6,-18,3,-0.2
"6531","Blue","Neither","Neither","Red",15,3,7,9,0,16712,7,18681,190,64,-424,308,15,2,7,7,0,17136,7.2,18373,203,52,0,0,1,0,2,-13,12,-0.2
"6532","Blue","Blue","Neither","Blue",15,4,13,15,0,18236,6.8,17766,202,32,2369,1517,13,2,7,6,0,15867,6.8,16249,191,43,0,2,2,6,9,11,-11,0
"6533","Blue","Red","Neither","Blue",86,1,13,15,0,20067,7,18286,206,43,2778,-247,17,2,10,4,0,17289,7,18533,184,44,0,69,-1,3,11,22,-1,0
"6534","Red","Blue","Neither","Blue",16,2,3,4,0,14792,6.6,16218,205,52,-1183,-1235,19,2,6,5,0,15975,6.8,17453,211,42,0,-3,0,-3,-1,-6,10,-0.2
"6535","Red","Red","Neither","Red",12,0,1,0,0,14748,6.8,17867,212,61,-2619,-1215,45,0,6,8,0,17367,7.2,19082,237,65,0,-33,0,-5,-8,-25,-4,-0.4
"6536","Blue","Blue","Blue","Blue",19,5,10,18,0,18682,7.4,19196,207,67,2733,2062,17,4,5,6,0,15949,6.8,17134,216,49,0,2,1,5,12,-9,18,0.600000000000001
"6537","Blue","Neither","Neither","Blue",36,1,3,2,0,15883,6.8,18069,229,60,-277,-123,12,2,4,5,0,16160,7,18192,242,52,0,24,-1,-1,-3,-13,8,-0.2
"6538","Blue","Neither","Red","Blue",18,3,5,5,0,15938,6.8,17167,200,41,673,-64,17,2,4,3,0,15265,6.6,17231,210,50,0,1,1,1,2,-10,-9,0.2
"6539","Blue","Neither","Neither","Blue",26,7,11,16,0,18405,7,19055,228,45,4817,4522,18,6,2,2,0,13588,6.2,14533,193,43,0,8,1,9,14,35,2,0.8
"6540","Blue","Red","Neither","Blue",12,3,4,5,0,16164,7.2,19020,246,46,956,-27,59,1,2,3,0,15208,7.2,19047,242,73,0,-47,2,2,2,4,-27,0
"6541","Red","Red","Blue","Red",13,1,3,2,0,15000,6.8,17095,212,48,-3290,-1243,15,2,7,7,0,18290,7.2,18338,252,51,0,-2,-1,-4,-5,-40,-3,-0.4
"6542","Red","Red","Neither","Red",86,5,3,3,0,14454,6.6,17394,191,46,-3003,-2118,17,2,7,5,0,17457,7.4,19512,239,56,0,69,3,-4,-2,-48,-10,-0.800000000000001
"6543","Blue","Blue","Neither","Red",17,6,7,7,0,17459,6.8,17773,209,56,-1,-459,42,5,8,6,0,17460,6.8,18232,231,52,0,-25,1,-1,1,-22,4,0
"6544","Blue","Red","Blue","Blue",16,2,10,9,0,17933,7.2,19728,217,52,2690,2444,14,2,4,6,0,15243,6.8,17284,213,56,0,2,0,6,3,4,-4,0.4
"6545","Blue","Neither","Blue","Blue",10,0,2,1,1,14780,6,14277,188,44,3568,2926,6,0,1,0,0,11212,4.8,11351,132,27,1,4,0,1,1,56,17,1.2
"6546","Red","Blue","Red","Red",18,5,4,5,0,15056,7,18484,226,44,777,742,23,5,1,0,0,14279,7,17742,234,51,0,-5,0,3,5,-8,-7,0
"6547","Red","Red","Red","Red",12,3,2,3,0,13337,6,14550,158,44,-5735,-5547,94,2,8,6,1,19072,7.6,20097,232,68,-1,-82,1,-6,-3,-74,-24,-1.6
"6548","Blue","Blue","Neither","Blue",16,4,13,18,0,20169,7,17549,205,52,4453,337,20,0,6,9,0,15716,6.6,17212,162,52,0,-4,4,7,9,43,0,0.4
"6549","Blue","Red","Blue","Red",9,2,5,5,0,15549,6.8,17486,222,52,-193,-607,15,4,4,2,0,15742,6.8,18093,248,48,0,-6,-2,1,3,-26,4,0
"6550","Blue","Blue","Neither","Blue",16,4,10,14,0,18392,7.2,17969,221,48,2119,209,16,2,5,6,0,16273,7,17760,206,48,0,0,2,5,8,15,0,0.2
"6551","Blue","Red","Neither","Red",19,3,5,6,0,15865,6.8,16893,208,43,-480,-1045,17,5,4,3,0,16345,6.6,17938,226,57,0,2,-2,1,3,-18,-14,0.2
"6552","Blue","Blue","Blue","Blue",46,4,9,11,0,17498,7,18424,209,52,1885,1636,17,3,5,3,0,15613,6.6,16788,200,60,0,29,1,4,8,9,-8,0.4
"6553","Red","Blue","Neither","Red",14,3,2,3,0,14606,7,17820,221,65,-1605,237,23,2,5,7,0,16211,7,17583,235,44,0,-9,1,-3,-4,-14,21,0
"6554","Red","Red","Neither","Red",35,3,0,0,0,13590,6.6,16558,200,49,-5691,-3094,13,3,11,11,0,19281,7.4,19652,220,52,0,22,0,-11,-11,-20,-3,-0.800000000000001
"6555","Red","Neither","Blue","Blue",17,1,5,3,0,16259,7.2,18538,242,58,-995,181,16,4,5,5,0,17254,7.2,18357,256,42,0,1,-3,0,-2,-14,16,0
"6556","Red","Red","Red","Red",14,4,9,7,0,17137,7,18112,188,46,-1730,24,12,4,11,11,0,18867,7,18088,211,40,0,2,0,-2,-4,-23,6,0
"6557","Red","Neither","Red","Blue",16,3,2,4,0,14775,6.8,17337,206,45,-1285,-1925,59,3,4,7,0,16060,7.2,19262,227,63,0,-43,0,-2,-3,-21,-18,-0.4
"6558","Blue","Neither","Red","Blue",18,3,11,17,0,17571,6.8,16712,174,31,-3024,-2806,18,2,11,9,1,20595,7.2,19518,243,51,-1,0,1,0,8,-69,-20,-0.4
"6559","Red","Red","Red","Blue",14,4,5,3,0,16946,7.2,18333,230,56,368,-774,27,4,7,6,0,16578,7.2,19107,220,64,0,-13,0,-2,-3,10,-8,0
"6560","Red","Red","Blue","Blue",15,4,2,4,1,16437,6.8,18096,244,44,969,-409,17,3,1,3,0,15468,7,18505,236,66,1,-2,1,1,1,8,-22,-0.2
"6561","Red","Neither","Neither","Red",14,3,6,5,0,16881,7.2,18875,241,52,-259,1059,15,2,8,9,0,17140,7,17816,188,47,0,-1,1,-2,-4,53,5,0.2
"6562","Blue","Blue","Neither","Red",15,2,2,3,0,15938,7.2,19963,242,72,443,1911,15,2,3,1,0,15495,7,18052,244,56,0,0,0,-1,2,-2,16,0.2
"6563","Red","Blue","Neither","Red",163,1,4,4,0,15639,7,18956,230,60,-1233,270,17,5,4,5,0,16872,7.2,18686,243,56,0,146,-4,0,-1,-13,4,-0.2
"6564","Red","Blue","Neither","Blue",19,3,4,6,0,14582,6.4,16375,214,37,-2298,-2281,13,3,7,7,0,16880,7,18656,213,53,0,6,0,-3,-1,1,-16,-0.6
"6565","Blue","Red","Neither","Blue",11,4,13,8,0,19537,7.4,19905,242,46,3608,2893,16,2,6,10,0,15929,6.6,17012,188,53,0,-5,2,7,-2,54,-7,0.800000000000001
"6566","Red","Red","Red","Red",17,3,1,2,0,14031,6.6,16789,223,52,-1762,-1592,18,7,5,5,0,15793,7,18381,216,52,0,-1,-4,-4,-3,7,0,-0.4
"6567","Red","Red","Neither","Red",14,4,7,6,0,16749,7,17716,192,40,-2233,-1112,17,2,11,10,0,18982,7.2,18828,215,58,0,-3,2,-4,-4,-23,-18,-0.2
"6568","Blue","Red","Neither","Blue",15,2,6,5,0,16542,7,19014,214,63,1428,1200,17,3,3,4,0,15114,7,17814,238,56,0,-2,-1,3,1,-24,7,0
"6569","Blue","Red","Neither","Blue",79,2,7,4,1,18053,7.4,19492,230,41,891,1526,14,1,7,11,0,17162,7,17966,202,54,1,65,1,0,-7,28,-13,0.4
"6570","Red","Blue","Red","Blue",15,1,11,13,0,18102,7,18787,216,56,1712,1178,15,2,3,1,1,16390,6.8,17609,226,36,-1,0,-1,8,12,-10,20,0.2
"6571","Blue","Neither","Neither","Blue",15,0,9,11,0,17332,6.8,16861,170,47,-874,-1370,16,2,12,11,0,18206,7.2,18231,218,48,0,-1,-2,-3,0,-48,-1,-0.4
"6572","Blue","Blue","Blue","Red",43,5,10,11,0,17748,7,19116,206,43,1212,2099,17,5,7,10,0,16536,7,17017,191,40,0,26,0,3,1,15,3,0
"6573","Red","Red","Neither","Red",79,0,6,4,0,17034,7.2,18358,210,60,-370,555,14,4,10,11,0,17404,6.8,17803,201,47,0,65,-4,-4,-7,9,13,0.4
"6574","Red","Blue","Neither","Red",19,3,6,4,0,16000,7.2,18965,181,79,230,1894,14,3,5,4,0,15770,6.8,17071,236,36,0,5,0,1,0,-55,43,0.4
"6575","Blue","Red","Neither","Blue",22,2,6,7,0,16655,7,18545,217,51,474,-102,12,4,4,11,0,16181,7.2,18647,234,63,0,10,-2,2,-4,-17,-12,-0.2
"6576","Red","Neither","Neither","Red",37,2,1,3,0,13719,6.4,16024,202,43,-4492,-4085,16,3,9,8,0,18211,7.6,20109,219,75,0,21,-1,-8,-5,-17,-32,-1.2
"6577","Blue","Neither","Neither","Blue",11,2,5,7,0,17264,7,18301,248,44,3037,2561,26,0,3,2,0,14227,6.4,15740,174,60,0,-15,2,2,5,74,-16,0.6
"6578","Red","Neither","Neither","Blue",91,0,3,2,0,14725,6.6,17519,210,36,-2686,-1780,12,3,7,11,0,17411,7.2,19299,242,39,0,79,-3,-4,-9,-32,-3,-0.600000000000001
"6579","Red","Red","Neither","Red",14,3,4,2,0,14360,6.6,16876,175,39,-3424,-1550,17,5,6,4,1,17784,7.2,18426,207,48,-1,-3,-2,-2,-2,-32,-9,-0.600000000000001
"6580","Blue","Red","Neither","Blue",15,5,6,6,0,16223,6.8,17419,233,52,135,-338,17,4,6,9,0,16088,6.8,17757,202,56,0,-2,1,0,-3,31,-4,0
"6581","Blue","Red","Neither","Blue",18,2,6,7,0,16695,6.8,17863,236,51,1755,717,35,5,2,1,0,14940,6.8,17146,234,52,0,-17,-3,4,6,2,-1,0
"6582","Blue","Neither","Neither","Red",34,1,5,5,0,16297,7.2,19135,212,66,-2523,-1057,15,1,10,10,0,18820,7.4,20192,236,60,0,19,0,-5,-5,-24,6,-0.2
"6583","Blue","Blue","Blue","Red",12,6,2,2,0,15386,7.2,18832,246,60,-1402,-1003,15,0,6,4,0,16788,7.6,19835,264,51,0,-3,6,-4,-2,-18,9,-0.399999999999999
"6584","Blue","Blue","Blue","Blue",14,4,6,9,1,18435,7.2,18643,254,44,4751,641,12,0,1,0,0,13684,6.8,18002,203,52,1,2,4,5,9,51,-8,0.4
"6585","Blue","Red","Neither","Red",15,6,7,8,0,17008,7.2,18978,216,44,1238,1037,18,2,4,5,0,15770,6.8,17941,231,52,0,-3,4,3,3,-15,-8,0.4
"6586","Blue","Neither","Neither","Blue",18,4,5,8,0,16684,7.4,19585,240,59,2672,1784,15,2,2,2,0,14012,7,17801,220,47,0,3,2,3,6,20,12,0.4
"6587","Blue","Blue","Neither","Blue",73,1,9,5,0,17965,7.4,20621,229,64,2954,4490,19,1,4,8,0,15011,6.4,16131,208,41,0,54,0,5,-3,21,23,1
"6588","Blue","Blue","Neither","Blue",31,4,5,10,0,16737,6.8,17553,231,52,272,-467,15,2,5,8,0,16465,7,18020,218,48,0,16,2,0,2,13,4,-0.2
"6589","Red","Neither","Neither","Red",15,3,1,1,0,13638,6.8,16479,190,59,-2033,-1612,19,3,3,3,0,15671,7.2,18091,238,47,0,-4,0,-2,-2,-48,12,-0.4
"6590","Red","Red","Neither","Blue",25,1,4,4,0,15838,6.8,18368,221,62,-348,-901,17,4,3,4,0,16186,7.2,19269,261,66,0,8,-3,1,0,-40,-4,-0.4
"6591","Red","Red","Neither","Blue",14,2,3,3,0,15734,7,18750,236,68,465,-911,82,3,2,1,0,15269,7.2,19661,226,76,0,-68,-1,1,2,10,-8,-0.2
"6592","Red","Red","Neither","Blue",15,3,8,8,0,17802,7.2,18241,226,55,-201,-14,18,4,9,11,0,18003,6.8,18255,203,52,0,-3,-1,-1,-3,23,3,0.4
"6593","Blue","Neither","Neither","Blue",14,4,7,7,0,16149,6.4,16018,186,48,-393,-478,15,1,9,7,0,16542,6.4,16496,173,48,0,-1,3,-2,0,13,0,0
"6594","Red","Red","Neither","Blue",15,2,3,3,0,14719,6.6,16608,195,52,-3485,-2423,37,3,9,12,0,18204,7.2,19031,237,50,0,-22,-1,-6,-9,-42,2,-0.600000000000001
"6595","Red","Neither","Neither","Red",13,1,6,6,0,15883,6.8,16480,228,28,-791,-2157,17,0,8,7,0,16674,6.8,18637,213,48,0,-4,1,-2,-1,15,-20,0
"6596","Blue","Red","Neither","Blue",26,5,15,24,0,19917,7,18396,209,28,3759,1339,14,5,8,8,0,16158,6.8,17057,172,55,0,12,0,7,16,37,-27,0.2
"6597","Red","Red","Neither","Red",18,2,7,10,0,16137,6.4,17136,203,48,-1563,-1007,16,3,8,8,0,17700,7,18143,219,48,0,2,-1,-1,2,-16,0,-0.6
"6598","Red","Red","Blue","Red",17,2,7,4,0,17994,7.2,20156,269,48,3033,3187,15,2,4,4,0,14961,6.6,16969,206,44,0,2,0,3,0,63,4,0.600000000000001
"6599","Blue","Blue","Neither","Blue",126,5,9,4,0,17693,7.2,19209,226,60,2120,2142,45,1,5,6,0,15573,6.8,17067,178,52,0,81,4,4,-2,48,8,0.4
"6600","Blue","Neither","Neither","Blue",16,1,6,6,0,16184,6.8,18288,224,48,-382,-247,16,5,4,6,0,16566,7.2,18535,242,59,0,0,-4,2,0,-18,-11,-0.4
"6601","Red","Blue","Neither","Red",25,1,4,3,0,15791,7,18218,220,56,-478,346,17,2,5,4,0,16269,7,17872,247,42,0,8,-1,-1,-1,-27,14,0
"6602","Red","Neither","Neither","Blue",16,4,3,2,0,15426,7,17927,202,64,566,-248,132,5,2,0,0,14860,6.8,18175,249,52,0,-116,-1,1,2,-47,12,0.2
"6603","Red","Blue","Neither","Blue",15,3,5,7,0,16885,7.2,18326,229,52,2657,2468,15,1,3,4,0,14228,6.4,15858,200,36,0,0,2,2,3,29,16,0.8
"6604","Red","Blue","Neither","Red",13,4,5,7,0,15880,7.2,18313,219,64,-1891,263,14,3,6,4,1,17771,7,18050,236,56,-1,-1,1,-1,3,-17,8,0.2
"6605","Blue","Blue","Neither","Red",14,3,6,10,0,16701,7,17762,196,56,-16,-467,17,1,6,3,0,16717,7.2,18229,232,47,0,-3,2,0,7,-36,9,-0.2
"6606","Red","Red","Neither","Blue",12,2,8,6,0,17040,7.2,18469,230,56,1740,929,14,2,6,5,0,15300,6.8,17540,198,48,0,-2,0,2,1,32,8,0.4
"6607","Blue","Neither","Blue","Red",25,1,2,2,0,13703,6.8,16964,187,48,-1912,-957,13,2,3,0,0,15615,7,17921,241,56,0,12,-1,-1,2,-54,-8,-0.2
"6608","Red","Blue","Neither","Red",15,0,8,1,0,16953,7,18996,238,52,-515,649,17,3,9,11,0,17468,7.2,18347,211,40,0,-2,-3,-1,-10,27,12,-0.2
"6609","Blue","Red","Neither","Red",16,3,6,1,0,16327,7,18521,190,59,1570,1320,16,1,4,1,0,14757,6.8,17201,214,56,0,0,2,2,0,-24,3,0.2
"6610","Blue","Neither","Neither","Blue",17,5,6,6,0,17854,7.6,20729,260,80,3215,3092,16,2,3,3,0,14639,6.6,17637,194,55,0,1,3,3,3,66,25,1
"6611","Blue","Neither","Neither","Red",12,1,12,14,0,19970,7.2,19994,221,56,3605,3504,21,2,7,8,0,16365,6.4,16490,186,53,0,-9,-1,5,6,35,3,0.8
"6612","Red","Blue","Neither","Blue",23,5,6,5,0,16010,7,17522,231,50,-210,-589,23,3,6,7,0,16220,7,18111,218,53,0,0,2,0,-2,13,-3,0
"6613","Blue","Red","Red","Red",17,3,9,12,0,16899,6.8,16675,180,39,-1507,-1389,14,3,11,14,0,18406,7,18064,217,48,0,3,0,-2,-2,-37,-9,-0.2
"6614","Red","Red","Neither","Blue",11,2,9,10,0,16256,6.6,16283,154,44,-1114,-1440,179,0,11,15,0,17370,7,17723,191,40,0,-168,2,-2,-5,-37,4,-0.4
"6615","Red","Neither","Neither","Red",15,0,6,6,0,16676,7,18660,238,60,333,926,15,1,5,9,0,16343,6.8,17734,241,44,0,0,-1,1,-3,-3,16,0.2
"6616","Blue","Blue","Neither","Red",14,4,11,13,0,18877,7.2,19556,209,54,1711,1767,15,3,7,7,0,17166,7,17789,215,46,0,-1,1,4,6,-6,8,0.2
"6617","Red","Red","Neither","Red",18,4,4,6,0,14827,6.6,16610,187,43,-2322,-1522,13,5,6,5,0,17149,7,18132,222,68,0,5,-1,-2,1,-35,-25,-0.4
"6618","Red","Neither","Neither","Blue",20,7,5,3,0,16098,7,17950,244,47,65,351,17,8,5,9,0,16033,6.6,17599,208,63,0,3,-1,0,-6,36,-16,0.4
"6619","Red","Blue","Neither","Blue",15,2,4,3,0,15237,6.8,17162,224,56,-305,242,26,4,4,5,0,15542,6.4,16920,201,57,0,-11,-2,0,-2,23,-1,0.399999999999999
"6620","Red","Red","Neither","Red",11,0,6,3,0,16796,7.4,19792,256,59,311,707,15,3,4,4,0,16485,7.2,19085,241,66,0,-4,-3,2,-1,15,-7,0.2
"6621","Blue","Neither","Blue","Red",17,2,10,11,1,19323,7.4,19481,220,57,2728,1681,15,4,5,7,0,16595,7,17800,241,34,1,2,-2,5,4,-21,23,0.4
"6622","Blue","Red","Blue","Blue",15,3,6,4,0,16127,6.8,17096,237,40,2329,1331,17,2,2,4,0,13798,6.2,15765,186,47,0,-2,1,4,0,51,-7,0.6
"6623","Blue","Neither","Neither","Blue",15,1,9,12,0,17027,6.8,17004,175,49,573,48,16,2,6,11,0,16454,7,16956,191,56,0,-1,-1,3,1,-16,-7,-0.2
"6624","Red","Red","Blue","Blue",15,7,6,5,0,15965,6.8,17701,213,40,-865,-20,62,1,6,7,0,16830,7,17721,204,59,0,-47,6,0,-2,9,-19,-0.2
"6625","Red","Red","Red","Red",14,2,6,5,0,16167,7,18659,202,60,-2055,-214,18,5,11,11,0,18222,7.2,18873,204,56,0,-4,-3,-5,-6,-2,4,-0.2
"6626","Blue","Blue","Neither","Red",23,3,10,9,0,18334,7,18032,225,40,3485,2447,14,1,3,3,0,14849,6.4,15585,188,32,0,9,2,7,6,37,8,0.6
"6627","Red","Red","Red","Red",19,3,3,4,0,15191,6.6,17269,214,61,-1848,-1472,19,5,7,9,0,17039,7,18741,219,47,0,0,-2,-4,-5,-5,14,-0.4
"6628","Red","Red","Blue","Red",15,0,6,3,0,16132,7,18044,222,52,-1989,-735,15,5,7,6,1,18121,7.4,18779,218,52,-1,0,-5,-1,-3,4,0,-0.4
"6629","Blue","Red","Neither","Blue",20,3,3,2,0,15098,6.6,16937,232,50,-100,-305,15,4,6,4,0,15198,6.8,17242,178,41,0,5,-1,-3,-2,54,9,-0.2
"6630","Blue","Blue","Neither","Blue",13,2,5,3,0,16261,7.2,19301,221,51,1320,839,15,1,4,6,0,14941,7,18462,204,60,0,-2,1,1,-3,17,-9,0.2
"6631","Blue","Neither","Neither","Red",16,1,5,9,0,16427,7.2,18653,248,44,-311,-544,55,1,7,10,0,16738,7.2,19197,227,32,0,-39,0,-2,-1,21,12,0
"6632","Red","Red","Neither","Red",11,3,6,10,0,14901,6.2,14483,170,38,-2834,-3402,25,5,10,9,0,17735,7,17885,216,56,0,-14,-2,-4,1,-46,-18,-0.8
"6633","Blue","Blue","Neither","Red",14,5,7,10,0,17070,6.8,18022,232,47,365,356,16,1,6,10,0,16705,7,17666,201,50,0,-2,4,1,0,31,-3,-0.2
"6634","Blue","Red","Red","Blue",19,0,6,5,0,16217,6.8,17326,217,41,112,79,14,4,7,8,0,16105,6.8,17247,225,43,0,5,-4,-1,-3,-8,-2,0
"6635","Blue","Red","Blue","Blue",38,3,10,10,0,18822,7.2,20135,253,59,4577,3717,17,3,2,2,0,14245,6.6,16418,192,48,0,21,0,8,8,61,11,0.600000000000001
"6636","Blue","Blue","Neither","Blue",18,2,14,14,0,19185,7,18543,196,48,5794,3899,16,4,2,1,0,13391,6,14644,166,46,0,2,-2,12,13,30,2,1
"6637","Red","Red","Neither","Blue",12,3,3,3,0,14220,6.4,16333,203,41,-3673,-2973,18,2,9,9,0,17893,7.4,19306,234,58,0,-6,1,-6,-6,-31,-17,-1
"6638","Blue","Blue","Neither","Blue",12,6,8,8,0,18477,7.2,19589,248,51,3593,1136,19,1,2,0,0,14884,7,18453,236,64,0,-7,5,6,8,12,-13,0.2
"6639","Blue","Red","Neither","Blue",16,1,5,4,0,16324,7,18159,231,60,-330,55,16,3,7,7,0,16654,7,18104,213,60,0,0,-2,-2,-3,18,0,0
"6640","Red","Blue","Neither","Blue",16,2,4,4,0,15247,6.6,17064,209,56,-2720,-2473,12,3,8,9,0,17967,7.2,19537,207,64,0,4,-1,-4,-5,2,-8,-0.600000000000001
"6641","Blue","Blue","Neither","Blue",11,4,6,4,0,17361,7.2,19308,208,72,1670,1765,14,1,4,6,0,15691,6.8,17543,217,55,0,-3,3,2,-2,-9,17,0.4
"6642","Blue","Blue","Neither","Red",13,1,10,11,0,17793,7.6,19766,208,55,1988,1552,15,2,3,2,0,15805,7,18214,217,53,0,-2,-1,7,9,-9,2,0.6
"6643","Blue","Red","Neither","Blue",17,2,2,3,0,14619,6.6,16874,244,40,622,-1048,41,3,2,1,0,13997,6.8,17922,198,51,0,-24,-1,0,2,46,-11,-0.2
"6644","Blue","Red","Neither","Red",15,2,5,5,0,15552,7,16960,211,44,726,-512,16,3,5,3,0,14826,6.8,17472,192,42,0,-1,-1,0,2,19,2,0.2
"6645","Blue","Red","Blue","Blue",24,3,5,5,0,17170,7.2,19662,258,48,2695,1696,12,2,1,2,0,14475,6.8,17966,233,69,0,12,1,4,3,25,-21,0.4
"6646","Red","Neither","Blue","Blue",18,4,11,12,0,18658,7,19117,203,44,1603,1389,14,1,5,6,0,17055,6.8,17728,229,51,0,4,3,6,6,-26,-7,0.2
"6647","Blue","Neither","Blue","Blue",15,6,10,14,0,17857,6.8,17155,211,38,1879,-344,16,4,5,5,0,15978,6.8,17499,227,34,0,-1,2,5,9,-16,4,0
"6648","Red","Red","Neither","Red",18,4,2,3,0,14613,6.6,16611,219,44,-3238,-4114,16,4,7,8,0,17851,7.6,20725,255,64,0,2,0,-5,-5,-36,-20,-1
"6649","Blue","Blue","Neither","Red",18,5,5,5,0,15359,6.8,17087,197,64,-2039,-484,18,2,8,11,0,17398,7.2,17571,230,44,0,0,3,-3,-6,-33,20,-0.4
"6650","Red","Red","Blue","Blue",14,2,7,2,0,16756,7,18790,239,52,773,1285,18,0,6,6,0,15983,6.8,17505,190,44,0,-4,2,1,-4,49,8,0.2
"6651","Blue","Blue","Blue","Blue",18,3,14,14,0,19984,7,19327,207,64,3140,3525,43,1,7,9,0,16844,6.4,15802,201,40,0,-25,2,7,5,6,24,0.6
"6652","Red","Red","Neither","Blue",13,2,5,2,0,15470,6.8,17451,211,44,-522,-577,41,2,6,4,0,15992,7,18028,209,52,0,-28,0,-1,-2,2,-8,-0.2
"6653","Red","Red","Neither","Blue",16,2,9,15,0,16494,6.2,15865,156,40,-1484,-1528,16,0,12,14,0,17978,6.6,17393,196,56,0,0,2,-3,1,-40,-16,-0.399999999999999
"6654","Red","Red","Red","Red",48,0,6,6,0,15904,6.8,17623,201,48,-73,217,15,4,5,6,0,15977,6.6,17406,228,48,0,33,-4,1,0,-27,0,0.2
"6655","Red","Red","Blue","Red",41,3,3,4,0,14423,6.8,16642,190,51,-4452,-3726,15,4,11,8,0,18875,7.4,20368,238,64,0,26,-1,-8,-4,-48,-13,-0.600000000000001
"6656","Red","Neither","Neither","Red",13,0,3,3,0,15136,6.8,17202,216,52,-401,-995,11,2,5,2,0,15537,7,18197,240,40,0,2,-2,-2,1,-24,12,-0.2
"6657","Red","Red","Red","Red",13,2,8,9,0,16681,7.2,18901,216,42,1650,1230,37,1,3,1,0,15031,7,17671,224,54,0,-24,1,5,8,-8,-12,0.2
"6658","Red","Red","Neither","Red",17,3,2,2,0,14868,6.8,18004,230,58,-2681,-1941,14,1,6,6,0,17549,7.2,19945,269,60,0,3,2,-4,-4,-39,-2,-0.4
"6659","Blue","Blue","Neither","Red",48,3,5,3,0,16103,6.8,17939,216,52,-511,303,17,3,7,9,0,16614,7,17636,237,36,0,31,0,-2,-6,-21,16,-0.2
"6660","Red","Red","Neither","Red",17,3,7,5,0,15674,6.4,15931,206,42,-3878,-3868,37,3,12,15,0,19552,7.2,19799,207,55,0,-20,0,-5,-10,-1,-13,-0.8
"6661","Red","Red","Red","Red",13,2,3,1,0,14100,6.4,16543,189,52,-4603,-3046,17,4,9,8,0,18703,7.2,19589,241,65,0,-4,-2,-6,-7,-52,-13,-0.8
"6662","Blue","Blue","Neither","Blue",14,3,14,17,0,20177,7.8,21248,236,56,3696,3558,7,3,6,5,0,16481,7,17690,207,47,0,7,0,8,12,29,9,0.8
"6663","Blue","Blue","Neither","Red",24,3,4,7,0,15222,6.6,16755,207,51,7,-685,19,2,4,4,0,15215,6.8,17440,212,52,0,5,1,0,3,-5,-1,-0.2
"6664","Red","Red","Neither","Blue",15,1,4,3,0,14731,6.4,16109,188,44,-3354,-2698,17,3,9,10,0,18085,7.2,18807,241,44,0,-2,-2,-5,-7,-53,0,-0.8
"6665","Red","Neither","Neither","Blue",16,2,3,2,0,14566,7,16999,190,45,-2414,-959,17,4,8,12,0,16980,6.8,17958,218,45,0,-1,-2,-5,-10,-28,0,0.2
"6666","Red","Blue","Neither","Blue",17,1,10,13,0,17545,6.8,17316,179,55,-280,-752,39,3,7,9,0,17825,6.8,18068,217,61,0,-22,-2,3,4,-38,-6,0
"6667","Blue","Blue","Neither","Red",12,1,3,6,0,15159,6.6,17161,221,65,-2341,-2034,15,1,8,12,0,17500,7.2,19195,214,63,0,-3,0,-5,-6,7,2,-0.600000000000001
"6668","Red","Red","Neither","Red",13,3,4,3,0,15855,7,17820,212,71,-891,-768,15,0,6,1,0,16746,7,18588,264,53,0,-2,3,-2,2,-52,18,0
"6669","Red","Blue","Neither","Red",12,2,6,6,0,17023,7,17635,224,60,-355,-126,19,0,9,11,0,17378,6.8,17761,209,39,0,-7,2,-3,-5,15,21,0.2
"6670","Red","Blue","Neither","Red",15,6,8,9,0,17163,7.2,18565,221,60,515,1691,15,1,7,14,0,16648,6.6,16874,211,43,0,0,5,1,-5,10,17,0.600000000000001
"6671","Red","Blue","Neither","Red",15,2,5,3,0,15875,7,18236,224,49,-1663,164,40,1,9,14,0,17538,7,18072,173,54,0,-25,1,-4,-11,51,-5,0
"6672","Blue","Blue","Red","Blue",16,1,6,6,0,14887,6.4,14486,159,36,-498,-2244,17,3,3,1,0,15385,6.6,16730,227,56,0,-1,-2,3,5,-68,-20,-0.199999999999999
"6673","Blue","Blue","Neither","Blue",18,4,4,3,0,15330,6.6,16197,203,57,-2366,-3382,16,5,8,12,0,17696,7.2,19579,229,51,0,2,-1,-4,-9,-26,6,-0.600000000000001
"6674","Red","Red","Neither","Red",12,1,2,2,0,14295,6.4,16196,211,40,-2514,-2762,56,3,6,6,0,16809,7.2,18958,219,67,0,-44,-2,-4,-4,-8,-27,-0.8
"6675","Blue","Blue","Neither","Red",14,3,6,6,0,16454,6.8,17910,209,52,-247,-20,36,1,5,6,0,16701,7,17930,227,48,0,-22,2,1,0,-18,4,-0.2
"6676","Red","Red","Neither","Red",40,2,1,2,0,13951,7,17688,211,49,-2847,-318,13,10,5,7,0,16798,7.2,18006,239,56,0,27,-8,-4,-5,-28,-7,-0.2
"6677","Red","Red","Neither","Blue",12,2,3,4,0,16307,7.2,19846,255,64,1180,1124,17,1,2,2,0,15127,7.2,18722,240,52,0,-5,1,1,2,15,12,0
"6678","Red","Blue","Blue","Red",23,1,8,12,0,16072,6.2,15157,170,28,-5540,-5343,19,6,14,12,0,21612,7.6,20500,257,64,0,4,-5,-6,0,-87,-36,-1.4
"6679","Red","Red","Neither","Red",16,3,4,2,0,15515,6.8,17838,231,50,-2272,-2400,34,4,11,7,0,17787,7.6,20238,225,44,0,-18,-1,-7,-5,6,6,-0.8
"6680","Blue","Blue","Blue","Blue",12,2,3,5,0,15188,6.8,17576,221,48,-888,-975,16,3,5,5,0,16076,7,18551,192,59,0,-4,-1,-2,0,29,-11,-0.2
"6681","Red","Blue","Blue","Blue",12,19,9,11,0,17791,7.2,18823,198,61,1090,342,37,4,5,6,0,16701,6.8,18481,265,44,0,-25,15,4,5,-67,17,0.4
"6682","Red","Red","Neither","Red",17,4,4,7,0,15813,7.2,18788,248,46,-80,470,15,4,4,2,0,15893,7.2,18318,219,72,0,2,0,0,5,29,-26,0
"6683","Red","Neither","Blue","Blue",14,0,3,3,0,14424,6.6,17499,201,48,-541,-66,9,0,2,2,0,14965,6.8,17565,234,60,0,5,0,1,1,-33,-12,-0.2
"6684","Red","Red","Red","Red",14,3,12,13,0,19306,7.4,19792,218,32,1087,340,18,0,8,8,0,18219,7.4,19452,222,60,0,-4,3,4,5,-4,-28,0
"6685","Red","Red","Neither","Red",14,2,2,3,0,14348,7,17150,196,56,-3489,-2633,21,1,8,12,0,17837,7.4,19783,239,52,0,-7,1,-6,-9,-43,4,-0.4
"6686","Red","Red","Neither","Red",15,0,2,1,0,14990,6.8,17870,221,69,-1510,-1756,13,1,6,9,0,16500,7.4,19626,228,56,0,2,-1,-4,-8,-7,13,-0.600000000000001
"6687","Red","Red","Neither","Red",15,1,5,7,0,16129,7,18291,222,54,627,174,12,0,4,5,0,15502,7.2,18117,219,57,0,3,1,1,2,3,-3,-0.2
"6688","Blue","Blue","Neither","Blue",17,1,9,5,0,18135,7.2,18974,233,48,2649,1251,17,2,4,3,0,15486,6.8,17723,219,52,0,0,-1,5,2,14,-4,0.4
"6689","Red","Neither","Blue","Red",14,1,6,3,0,17039,7.2,18571,228,68,1008,372,38,1,5,3,0,16031,6.8,18199,218,48,0,-24,0,1,0,10,20,0.4
"6690","Red","Blue","Red","Red",13,3,3,2,0,14761,6.4,16905,194,53,-2553,-2532,17,1,7,8,0,17314,7,19437,224,52,0,-4,2,-4,-6,-30,1,-0.6
"6691","Red","Red","Neither","Red",14,4,0,0,0,12971,6.4,14675,181,56,-6850,-6210,18,3,15,16,0,19821,7.6,20885,236,40,0,-4,1,-15,-16,-55,16,-1.2
"6692","Blue","Neither","Neither","Red",18,2,4,3,0,15220,6.8,18562,234,44,-1297,-129,34,1,3,4,0,16517,7,18691,241,56,0,-16,1,1,-1,-7,-12,-0.2
"6693","Blue","Blue","Neither","Red",11,6,12,14,0,18228,7.2,19302,196,55,2894,2297,19,1,6,5,0,15334,6.6,17005,192,44,0,-8,5,6,9,4,11,0.600000000000001
"6694","Blue","Neither","Neither","Blue",9,2,6,12,0,17490,6.8,17883,226,56,480,-685,15,0,7,12,0,17010,7,18568,220,67,0,-6,2,-1,0,6,-11,-0.2
"6695","Blue","Neither","Neither","Blue",21,1,4,4,0,15338,7,17842,217,56,-849,-1172,15,2,6,5,0,16187,7,19014,234,46,0,6,-1,-2,-1,-17,10,0
"6696","Blue","Blue","Neither","Blue",14,1,11,15,0,19421,7.4,19063,215,62,2548,1873,10,2,9,5,0,16873,7,17190,165,56,0,4,-1,2,10,50,6,0.4
"6697","Blue","Red","Neither","Red",18,4,7,11,0,17321,7.2,18397,233,41,2091,2518,19,4,4,6,0,15230,6.6,15879,204,60,0,-1,0,3,5,29,-19,0.600000000000001
"6698","Red","Blue","Neither","Blue",17,2,6,5,0,17170,7,18247,247,48,2453,1802,17,3,5,4,0,14717,6.6,16445,178,40,0,0,-1,1,1,69,8,0.4
"6699","Blue","Blue","Neither","Red",16,0,7,11,0,17162,7.2,18810,216,56,-810,123,19,5,7,10,0,17972,7.2,18687,272,47,0,-3,-5,0,1,-56,9,0
"6700","Blue","Blue","Neither","Blue",22,6,7,5,0,17382,7.4,19669,218,75,2164,3151,30,7,4,7,0,15218,6.6,16518,205,48,0,-8,-1,3,-2,13,27,0.800000000000001
"6701","Red","Neither","Neither","Blue",23,5,7,6,0,16313,6.8,16697,201,40,-1249,-3078,17,8,7,5,0,17562,7.4,19775,228,59,0,6,-3,0,1,-27,-19,-0.600000000000001
"6702","Blue","Red","Red","Red",63,4,2,2,0,15264,7,17806,217,64,-286,606,16,1,4,6,0,15550,6.8,17200,235,47,0,47,3,-2,-4,-18,17,0.2
"6703","Red","Red","Neither","Red",13,4,3,2,0,15001,6.8,17600,228,51,-4625,-1892,11,1,12,16,0,19626,7.2,19492,247,47,0,2,3,-9,-14,-19,4,-0.4
"6704","Red","Red","Blue","Red",15,3,4,4,0,16938,7.2,18931,248,60,-377,414,16,2,7,11,0,17315,7.2,18517,224,56,0,-1,1,-3,-7,24,4,0
"6705","Blue","Red","Blue","Blue",13,1,10,4,1,19634,7.2,19705,242,69,3966,2905,12,0,5,8,0,15668,6.6,16800,203,48,1,1,1,5,-4,39,21,0.600000000000001
"6706","Red","Neither","Blue","Blue",19,1,7,11,0,16782,7.2,19169,213,56,299,874,16,4,4,3,0,16483,7,18295,230,56,0,3,-3,3,8,-17,0,0.2
"6707","Red","Red","Neither","Blue",15,5,11,13,1,18723,6.8,17268,188,35,1844,-34,19,0,8,6,0,16879,6.6,17302,210,40,1,-4,5,3,7,-22,-5,0.2
"6708","Red","Red","Blue","Red",14,1,5,3,0,14644,6.8,16269,201,31,-2896,-2725,91,3,6,5,0,17540,7.2,18994,242,56,0,-77,-2,-1,-2,-41,-25,-0.4
"6709","Blue","Neither","Red","Red",18,3,14,11,0,19118,7.2,19312,218,29,646,1756,17,3,12,13,0,18472,6.8,17556,211,46,0,1,0,2,-2,7,-17,0.4
"6710","Red","Neither","Neither","Red",39,1,0,0,0,13546,6.6,16240,198,63,-2831,-1725,19,5,4,5,0,16377,7,17965,219,51,0,20,-4,-4,-5,-21,12,-0.4
"6711","Red","Blue","Blue","Blue",31,2,5,2,0,16431,6.6,16968,219,64,-3488,-2682,15,3,14,18,0,19919,7.4,19650,240,43,0,16,-1,-9,-16,-21,21,-0.800000000000001
"6712","Blue","Red","Neither","Blue",17,1,6,7,0,16561,7.4,19634,226,63,1852,2435,16,2,1,2,0,14709,7,17199,238,60,0,1,-1,5,5,-12,3,0.4
"6713","Red","Red","Red","Red",56,4,3,3,0,14866,6.6,16219,208,43,-2140,-1892,15,2,7,9,0,17006,6.8,18111,224,51,0,41,2,-4,-6,-16,-8,-0.2
"6714","Blue","Neither","Neither","Blue",14,2,11,11,0,18625,7.2,18941,234,38,1059,683,9,2,7,4,0,17566,6.8,18258,191,63,0,5,0,4,7,43,-25,0.4
"6715","Blue","Blue","Neither","Blue",23,5,9,8,0,17194,7.4,19161,221,40,2410,1034,12,2,2,0,0,14784,6.8,18127,235,55,0,11,3,7,8,-14,-15,0.600000000000001
"6716","Blue","Blue","Neither","Red",16,3,5,4,0,15873,7.2,18580,236,44,-14,-19,21,3,4,4,0,15887,7.2,18599,232,55,0,-5,0,1,0,4,-11,0
"6717","Blue","Blue","Neither","Blue",14,3,6,6,0,16398,7.2,17998,217,47,-940,-1019,37,2,7,9,0,17338,7,19017,220,56,0,-23,1,-1,-3,-3,-9,0.2
"6718","Red","Red","Blue","Blue",14,3,8,4,1,17951,7.2,18661,244,50,2114,1904,18,3,5,4,0,15837,6.4,16757,220,56,1,-4,0,3,0,24,-6,0.8
"6719","Red","Blue","Neither","Red",16,2,3,4,0,15240,6.6,17591,234,52,323,392,13,2,2,3,0,14917,6.6,17199,231,56,0,3,0,1,1,3,-4,0
"6720","Red","Blue","Neither","Blue",21,4,10,8,0,17561,6.8,18172,203,56,287,568,17,4,6,4,0,17274,6.6,17604,228,41,0,4,0,4,4,-25,15,0.2
"6721","Red","Red","Neither","Red",40,0,2,2,0,14200,6.6,17304,191,52,-3805,-2093,15,2,8,9,0,18005,7,19397,230,60,0,25,-2,-6,-7,-39,-8,-0.4
"6722","Blue","Red","Neither","Red",12,1,5,2,0,16055,6.8,17800,226,50,6,1624,13,1,9,15,0,16049,6.6,16176,160,40,0,-1,0,-4,-13,66,10,0.2
"6723","Blue","Neither","Neither","Blue",16,4,7,6,1,19456,7.8,21097,230,76,4525,4052,26,0,2,2,0,14931,6.6,17045,247,52,1,-10,4,5,4,-17,24,1.2
"6724","Red","Red","Neither","Red",18,4,5,5,0,15923,7,17907,212,62,-228,-387,20,5,6,5,0,16151,7,18294,230,48,0,-2,-1,-1,0,-18,14,0
"6725","Blue","Blue","Neither","Red",12,1,2,2,0,13879,6.6,16393,194,44,-1499,-1628,17,5,3,1,0,15378,7,18021,226,40,0,-5,-4,-1,1,-32,4,-0.4
"6726","Blue","Neither","Neither","Blue",35,5,9,9,0,17356,7.2,19154,195,50,2356,1297,23,3,4,3,0,15000,7,17857,193,56,0,12,2,5,6,2,-6,0.2
"6727","Blue","Red","Red","Blue",13,5,5,7,0,15861,6.8,17523,182,60,-1340,-228,15,3,7,7,0,17201,6.8,17751,204,56,0,-2,2,-2,0,-22,4,0
"6728","Blue","Blue","Neither","Red",16,1,8,9,0,17511,7.6,19617,220,60,2745,1800,15,3,2,0,0,14766,6.8,17817,235,56,0,1,-2,6,9,-15,4,0.8
"6729","Red","Red","Neither","Red",68,6,4,4,0,15528,6.8,17590,230,43,-2446,-1508,15,4,6,4,1,17974,7,19098,248,72,-1,53,2,-2,0,-18,-29,-0.2
"6730","Red","Red","Neither","Red",17,3,8,15,0,16393,7.2,18783,196,48,1131,1370,17,3,2,3,0,15262,6.8,17413,253,50,0,0,0,6,12,-57,-2,0.4
"6731","Blue","Red","Red","Blue",44,4,9,16,0,17433,6.8,17284,198,32,1668,-774,19,3,5,4,0,15765,7,18058,210,72,0,25,1,4,12,-12,-40,-0.2
"6732","Blue","Neither","Neither","Red",17,2,13,13,0,19714,7.2,18151,186,40,1460,2108,15,1,12,13,0,18254,6.6,16043,200,35,0,2,1,1,0,-14,5,0.600000000000001
"6733","Red","Red","Neither","Red",34,0,6,9,0,15569,6.8,17357,167,48,-4346,-2178,12,0,10,11,0,19915,7.4,19535,239,72,0,22,0,-4,-2,-72,-24,-0.600000000000001
"6734","Blue","Blue","Red","Blue",18,3,8,14,0,17031,6.6,16530,181,54,-36,-641,15,2,7,8,0,17067,6.8,17171,224,44,0,3,1,1,6,-43,10,-0.2
"6735","Blue","Blue","Red","Blue",13,1,9,12,0,18254,7.2,18805,218,52,844,1636,18,1,8,15,0,17410,6.8,17169,183,52,0,-5,0,1,-3,35,0,0.4
"6736","Red","Red","Neither","Red",14,5,6,4,0,16126,7,18226,201,61,-842,749,18,0,8,6,0,16968,6.6,17477,230,51,0,-4,5,-2,-2,-29,10,0.4
"6737","Red","Red","Neither","Blue",47,1,5,8,0,15937,7,17560,212,45,-1321,-1186,12,1,5,5,0,17258,7.2,18746,241,64,0,35,0,0,3,-29,-19,-0.2
"6738","Red","Red","Neither","Blue",14,1,5,6,0,15595,6.6,16171,208,33,-1780,-2942,16,1,9,5,0,17375,7,19113,231,44,0,-2,0,-4,1,-23,-11,-0.4
"6739","Blue","Blue","Blue","Blue",21,2,5,2,1,16874,6.8,17230,226,41,1319,556,21,4,6,4,0,15555,6.8,16674,212,42,1,0,-2,-1,-2,14,-1,0
"6740","Blue","Blue","Neither","Red",21,1,5,2,0,16344,7.4,19730,234,59,2032,2833,14,2,2,2,0,14312,6.8,16897,212,48,0,7,-1,3,0,22,11,0.600000000000001
"6741","Red","Red","Neither","Blue",18,4,5,4,0,15882,7.2,18646,214,63,-27,114,17,5,3,3,0,15909,7.2,18532,254,53,0,1,-1,2,1,-40,10,0
"6742","Red","Red","Neither","Blue",17,1,6,2,0,15498,6.6,16711,201,47,-1384,-853,16,2,9,9,0,16882,6.6,17564,190,64,0,1,-1,-3,-7,11,-17,0
"6743","Blue","Red","Neither","Blue",17,2,10,5,1,19699,7.4,20307,251,43,5935,2933,13,1,1,1,0,13764,7,17374,184,70,1,4,1,9,4,67,-27,0.4
"6744","Blue","Blue","Blue","Blue",18,6,9,12,0,17320,6.8,17894,215,52,689,-913,21,5,6,6,0,16631,7.2,18807,226,53,0,-3,1,3,6,-11,-1,-0.4
"6745","Blue","Neither","Red","Red",14,2,2,2,0,14720,7.2,18456,246,46,-2381,-1122,13,1,6,3,0,17101,7,19578,237,54,0,1,1,-4,-1,9,-8,0.2
"6746","Red","Red","Neither","Blue",16,3,6,6,0,16518,7.2,19187,223,56,51,140,16,2,5,6,0,16467,7.2,19047,245,44,0,0,1,1,0,-22,12,0
"6747","Red","Red","Neither","Blue",18,4,8,9,0,17926,7.2,18959,245,53,2664,2155,43,4,6,9,0,15262,6.8,16804,158,48,0,-25,0,2,0,87,5,0.4
"6748","Blue","Red","Neither","Blue",16,4,5,6,0,16632,6.8,17833,215,59,999,482,15,5,6,10,0,15633,7,17351,198,49,0,1,-1,-1,-4,17,10,-0.2
"6749","Red","Blue","Red","Blue",17,3,8,15,1,18357,7.2,18461,228,40,2757,970,14,3,4,3,0,15600,6.8,17491,209,60,1,3,0,4,12,19,-20,0.4
"6750","Blue","Blue","Neither","Blue",15,5,9,10,0,18258,7.4,19948,237,67,4535,3490,15,3,0,0,0,13723,6.6,16458,237,50,0,0,2,9,10,0,17,0.800000000000001
"6751","Red","Blue","Red","Blue",14,2,8,6,0,16706,6.8,17561,216,36,31,-741,16,2,6,7,0,16675,7,18302,231,52,0,-2,0,2,-1,-15,-16,-0.2
"6752","Blue","Blue","Neither","Blue",12,2,7,10,0,18234,7.4,19881,243,64,4651,4293,9,1,2,2,0,13583,6.2,15588,156,52,0,3,1,5,8,87,12,1.2
"6753","Red","Red","Neither","Red",11,1,3,3,0,14202,6.4,16159,200,42,-4552,-2289,14,3,12,16,0,18754,7.2,18448,223,35,0,-3,-2,-9,-13,-23,7,-0.8
"6754","Blue","Blue","Neither","Blue",21,1,7,4,0,17911,7.2,18635,248,60,3969,1119,14,3,3,2,0,13942,6.8,17516,164,37,0,7,-2,4,2,84,23,0.4
"6755","Red","Red","Neither","Red",14,3,0,0,0,13094,6.4,15865,205,44,-3915,-4094,41,4,5,2,0,17009,7.4,19959,259,73,0,-27,-1,-5,-2,-54,-29,-1
"6756","Red","Neither","Neither","Red",15,4,8,11,0,17476,7.2,19033,245,52,1716,1970,15,3,4,8,0,15760,6.6,17063,209,48,0,0,1,4,3,36,4,0.600000000000001
"6757","Red","Red","Neither","Blue",16,3,5,6,0,16979,7.2,19193,247,56,-988,-797,12,1,8,6,0,17967,7.4,19990,219,63,0,4,2,-3,0,28,-7,-0.2
"6758","Red","Red","Neither","Red",27,0,2,2,0,13977,6.2,15531,197,52,-4221,-3570,14,3,9,14,0,18198,7,19101,233,44,0,13,-3,-7,-12,-36,8,-0.8
"6759","Red","Blue","Neither","Blue",16,3,4,8,0,14345,6.4,15396,172,41,-2053,-2608,16,0,6,10,0,16398,6.8,18004,208,56,0,0,3,-2,-2,-36,-15,-0.399999999999999
"6760","Red","Red","Neither","Blue",18,2,4,3,0,15601,6.8,17171,232,48,415,14,14,4,4,5,0,15186,6.8,17157,202,70,0,4,-2,0,-2,30,-22,0
"6761","Red","Red","Neither","Blue",25,1,5,8,0,14966,6.4,16483,177,45,-1470,-1837,17,5,5,10,0,16436,7,18320,220,59,0,8,-4,0,-2,-43,-14,-0.6
"6762","Blue","Red","Neither","Blue",15,1,4,2,0,16127,7.2,18510,225,63,1439,755,11,2,2,1,0,14688,6.8,17755,210,72,0,4,-1,2,1,15,-9,0.4
"6763","Red","Red","Neither","Red",19,2,8,5,0,17156,6.8,17559,195,61,-1534,-1425,12,3,11,16,0,18690,7.2,18984,204,45,0,7,-1,-3,-11,-9,16,-0.4
"6764","Red","Red","Red","Red",20,1,5,2,0,15790,6.6,16936,221,48,-175,-624,13,2,5,5,0,15965,7,17560,205,59,0,7,-1,0,-3,16,-11,-0.4
"6765","Red","Red","Neither","Red",39,1,6,5,0,16462,7.2,18654,212,59,-1785,-940,137,3,9,8,0,18247,7.2,19594,232,54,0,-98,-2,-3,-3,-20,5,0
"6766","Red","Red","Blue","Red",15,0,4,3,0,15798,6.8,17608,225,52,-2289,-2259,16,2,7,10,0,18087,7.4,19867,239,60,0,-1,-2,-3,-7,-14,-8,-0.600000000000001
"6767","Blue","Neither","Neither","Red",14,2,6,7,0,17666,7.2,20014,264,63,3749,3555,16,4,1,1,0,13917,6.4,16459,214,47,0,-2,-2,5,6,50,16,0.8
"6768","Blue","Red","Neither","Red",19,0,9,8,0,18018,7.4,19634,234,60,4287,3536,14,1,1,0,0,13731,6.6,16098,209,47,0,5,-1,8,8,25,13,0.800000000000001
"6769","Blue","Red","Blue","Red",17,5,6,10,0,16027,6.6,16856,212,44,-177,-113,16,5,7,8,0,16204,6.4,16969,183,48,0,1,0,-1,2,29,-4,0.199999999999999
"6770","Blue","Neither","Red","Blue",22,3,9,12,0,18681,7.4,20293,249,59,5492,4505,12,0,1,1,0,13189,6.4,15788,181,48,0,10,3,8,11,68,11,1
"6771","Blue","Blue","Neither","Blue",21,2,10,7,0,17671,7,18386,231,44,1726,1158,14,1,5,3,0,15945,6.6,17228,199,56,0,7,1,5,4,32,-12,0.4
"6772","Red","Blue","Neither","Red",17,2,4,2,0,15974,6.8,17188,227,48,-836,-839,20,5,7,10,0,16810,6.8,18027,217,40,0,-3,-3,-3,-8,10,8,0
"6773","Blue","Red","Neither","Blue",16,5,6,4,0,16656,7.4,18706,230,56,2082,1304,32,3,1,3,0,14574,6.8,17402,213,68,0,-16,2,5,1,17,-12,0.600000000000001
"6774","Red","Red","Neither","Red",14,2,1,1,0,14224,6.8,16992,229,41,-1325,-1348,14,2,4,4,0,15549,7,18340,223,72,0,0,0,-3,-3,6,-31,-0.2
"6775","Blue","Blue","Neither","Red",15,5,4,4,0,16526,7,18314,237,63,-36,-752,16,5,7,8,0,16562,7.2,19066,225,60,0,-1,0,-3,-4,12,3,-0.2
"6776","Blue","Blue","Red","Blue",10,3,7,9,0,16890,6.8,17686,221,53,-1647,-1443,11,1,8,9,0,18537,7.2,19129,223,60,0,-1,2,-1,0,-2,-7,-0.4
"6777","Blue","Neither","Neither","Blue",39,3,7,11,0,16879,7.4,19019,237,43,2336,2323,13,0,3,3,0,14543,6.8,16696,194,51,0,26,3,4,8,43,-8,0.600000000000001
"6778","Blue","Blue","Neither","Blue",16,2,12,13,0,19622,7,18338,216,54,1997,-800,16,2,10,8,0,17625,7,19138,211,56,0,0,0,2,5,5,-2,0
"6779","Blue","Red","Neither","Red",16,2,7,7,0,16867,7.2,18880,226,47,2333,1998,14,1,2,3,0,14534,6.6,16882,224,56,0,2,1,5,4,2,-9,0.600000000000001
"6780","Red","Red","Blue","Red",17,0,4,3,0,15874,7,18205,223,68,-1024,940,13,3,7,10,0,16898,6.8,17265,217,47,0,4,-3,-3,-7,6,21,0.2
"6781","Red","Blue","Neither","Blue",18,3,8,9,0,16789,6.8,17799,205,40,-898,-1077,14,5,9,13,0,17687,7.2,18876,199,68,0,4,-2,-1,-4,6,-28,-0.4
"6782","Blue","Blue","Blue","Blue",16,3,8,9,0,17315,7,18205,231,51,1327,566,79,6,4,5,0,15988,6.8,17639,232,50,0,-63,-3,4,4,-1,1,0.2
"6783","Blue","Red","Neither","Red",15,0,5,1,0,15605,7,19324,216,58,-2048,-29,12,0,10,13,0,17653,7.4,19353,221,52,0,3,0,-5,-12,-5,6,-0.4
"6784","Red","Red","Neither","Blue",10,1,3,2,0,15059,6.8,17650,200,57,-3606,-1971,12,1,11,18,0,18665,7.2,19621,208,46,0,-2,0,-8,-16,-8,11,-0.4
"6785","Blue","Blue","Blue","Blue",13,7,10,9,0,18137,7,18171,231,44,3807,1830,14,4,2,3,0,14330,6.6,16341,204,43,0,-1,3,8,6,27,1,0.4
"6786","Blue","Red","Red","Blue",16,2,4,2,0,14698,6.6,16713,192,51,-1341,-339,14,1,6,9,0,16039,7,17052,197,56,0,2,1,-2,-7,-5,-5,-0.4
"6787","Red","Red","Red","Blue",45,1,5,5,0,15788,6.8,18069,200,56,647,481,19,3,4,2,0,15141,7,17588,228,56,0,26,-2,1,3,-28,0,-0.2
"6788","Blue","Neither","Neither","Blue",13,1,2,1,0,15464,6.8,17569,237,64,209,250,14,2,3,1,0,15255,6.8,17319,242,29,0,-1,-1,-1,0,-5,35,0
"6789","Red","Neither","Blue","Red",13,1,7,6,0,17042,7.4,19460,207,60,934,776,9,0,5,4,0,16108,7.4,18684,248,48,0,4,1,2,2,-41,12,0
"6790","Red","Red","Neither","Red",15,7,5,6,0,15242,6.4,16237,204,44,-1707,-1600,31,4,8,10,0,16949,6.8,17837,231,51,0,-16,3,-3,-4,-27,-7,-0.399999999999999
"6791","Blue","Red","Neither","Blue",14,2,3,4,0,16125,7.2,20079,246,68,-624,1141,13,3,4,6,0,16749,7,18938,271,60,0,1,-1,-1,-2,-25,8,0.2
"6792","Blue","Blue","Neither","Red",15,2,10,7,0,17955,7.4,20629,241,54,3912,5044,15,0,2,3,0,14043,6.2,15585,182,52,0,0,2,8,4,59,2,1.2
"6793","Blue","Blue","Neither","Blue",41,5,5,3,0,15277,6.6,17240,207,47,-387,795,19,13,4,5,0,15664,6.4,16445,217,59,0,22,-8,1,-2,-10,-12,0.199999999999999
"6794","Blue","Blue","Neither","Red",20,1,5,7,0,15087,6.4,16343,213,44,-764,-120,17,1,6,12,0,15851,6.6,16463,211,48,0,3,0,-1,-5,2,-4,-0.199999999999999
"6795","Blue","Neither","Neither","Red",13,2,8,9,0,16880,7.2,18007,217,55,1313,1407,16,2,6,6,0,15567,6.4,16600,181,52,0,-3,0,2,3,36,3,0.8
"6796","Blue","Blue","Blue","Blue",36,2,8,10,0,17878,6.8,18056,216,52,4347,2472,56,1,2,2,0,13531,6.2,15584,179,48,0,-20,1,6,8,37,4,0.6
"6797","Blue","Red","Red","Blue",42,1,12,10,0,19270,7.6,19668,229,55,3855,1646,13,0,5,1,0,15415,7,18022,213,56,0,29,1,7,9,16,-1,0.6
"6798","Blue","Blue","Neither","Blue",16,2,6,6,0,15318,7,17999,191,58,1125,299,17,1,0,0,0,14193,7,17700,251,40,0,-1,1,6,6,-60,18,0
"6799","Blue","Blue","Neither","Red",17,2,8,16,0,16291,6.8,16847,179,42,478,1166,20,4,5,8,0,15813,6.4,15681,205,40,0,-3,-2,3,8,-26,2,0.399999999999999
"6800","Blue","Blue","Neither","Red",12,1,8,9,0,17738,7.2,18849,209,63,1868,1432,17,2,7,3,0,15870,7,17417,207,49,0,-5,-1,1,6,2,14,0.2
"6801","Blue","Red","Neither","Blue",18,4,6,6,0,16765,7,19056,201,46,1711,1464,14,3,4,2,0,15054,6.6,17592,240,49,0,4,1,2,4,-39,-3,0.4
"6802","Blue","Blue","Neither","Blue",14,0,8,10,0,16912,7,17678,222,38,1416,-211,14,1,4,3,0,15496,6.8,17889,196,60,0,0,-1,4,7,26,-22,0.2
"6803","Blue","Red","Blue","Blue",15,3,2,1,0,14534,7,17364,224,60,-2269,-1616,16,3,5,7,0,16803,7,18980,250,64,0,-1,0,-3,-6,-26,-4,0
"6804","Blue","Blue","Red","Blue",15,0,8,10,0,17289,6.8,18113,201,62,69,-119,18,1,7,5,0,17220,7,18232,237,49,0,-3,-1,1,5,-36,13,-0.2
"6805","Blue","Blue","Blue","Blue",12,7,6,3,1,17948,7,18736,247,48,2435,894,18,1,5,7,0,15513,6.8,17842,219,35,1,-6,6,1,-4,28,13,0.2
"6806","Blue","Red","Neither","Blue",15,0,7,3,0,16058,7,17194,200,49,-535,1397,14,1,8,5,0,16593,6.6,15797,198,40,0,1,-1,-1,-2,2,9,0.4
"6807","Red","Blue","Red","Blue",16,4,7,8,0,17112,7,18050,215,52,-975,-678,15,5,8,10,0,18087,7,18728,225,68,0,1,-1,-1,-2,-10,-16,0
"6808","Red","Blue","Blue","Red",16,1,5,3,0,16089,7,18217,227,63,-704,-1227,39,4,6,4,0,16793,7.2,19444,237,56,0,-23,-3,-1,-1,-10,7,-0.2
"6809","Red","Neither","Neither","Red",17,4,6,7,0,17132,7.2,19401,237,71,789,1620,14,3,7,6,0,16343,7,17781,209,32,0,3,1,-1,1,28,39,0.2
"6810","Blue","Neither","Red","Blue",20,5,8,9,0,17777,7.4,18847,232,52,1317,1480,15,0,6,8,0,16460,6.8,17367,202,40,0,5,5,2,1,30,12,0.600000000000001
"6811","Blue","Red","Neither","Red",14,2,9,13,0,18808,7.2,19323,244,40,948,292,15,3,8,10,0,17860,7,19031,234,71,0,-1,-1,1,3,10,-31,0.2
"6812","Red","Red","Neither","Blue",13,4,2,2,0,14842,7,17857,231,48,270,679,17,2,4,3,0,14572,6.8,17178,193,41,0,-4,2,-2,-1,38,7,0.2
"6813","Blue","Red","Blue","Blue",16,2,5,4,0,16475,7.2,18879,231,55,2741,868,12,2,0,0,0,13734,7,18011,233,60,0,4,0,5,4,-2,-5,0.2
"6814","Blue","Red","Neither","Red",16,3,8,10,0,17917,7,17502,239,48,3201,276,14,2,2,3,0,14716,6.8,17226,197,72,0,2,1,6,7,42,-24,0.2
"6815","Red","Neither","Neither","Blue",16,1,6,11,0,16324,6.8,17601,197,47,541,875,11,6,4,3,0,15783,6.8,16726,240,44,0,5,-5,2,8,-43,3,0
"6816","Blue","Blue","Red","Red",42,4,5,5,0,16308,7.2,18876,245,64,-1055,-207,18,14,6,5,0,17363,7.2,19083,259,60,0,24,-10,-1,0,-14,4,0
"6817","Red","Red","Neither","Red",16,3,4,3,0,14756,6.8,17655,184,56,-4105,-2279,16,2,8,8,0,18861,7.4,19934,229,63,0,0,1,-4,-5,-45,-7,-0.600000000000001
"6818","Blue","Neither","Red","Red",17,2,4,4,0,14820,6.6,15946,184,44,-4156,-2933,15,5,9,15,0,18976,7,18879,240,48,0,2,-3,-5,-11,-56,-4,-0.4
"6819","Blue","Red","Red","Blue",17,5,3,2,0,15624,6.8,17633,233,56,1579,893,17,3,1,1,0,14045,6.6,16740,222,64,0,0,2,2,1,11,-8,0.2
"6820","Red","Red","Red","Red",16,2,4,3,0,15098,6.8,18104,225,55,-3779,-1537,12,2,11,10,0,18877,7.4,19641,227,42,0,4,0,-7,-7,-2,13,-0.600000000000001
"6821","Blue","Blue","Neither","Red",16,4,8,6,0,17315,7.2,18903,232,47,4064,3736,16,6,2,1,0,13251,6.2,15167,181,45,0,0,-2,6,5,51,2,1
"6822","Red","Neither","Neither","Blue",36,4,1,2,0,13981,6.6,16753,220,52,-2494,-996,14,2,6,3,0,16475,6.8,17749,250,44,0,22,2,-5,-1,-30,8,-0.2
"6823","Red","Blue","Neither","Blue",15,3,6,9,0,15602,6.6,16235,195,48,-1081,-2155,12,3,6,4,0,16683,7,18390,214,48,0,3,0,0,5,-19,0,-0.4
"6824","Blue","Neither","Neither","Blue",16,1,9,9,0,17569,6.8,17425,191,61,2975,994,37,1,3,4,0,14594,6.8,16431,180,53,0,-21,0,6,5,11,8,0
"6825","Red","Blue","Neither","Blue",15,0,7,15,0,15381,6.2,14805,167,39,-1611,-1901,13,2,8,8,0,16992,6.6,16706,201,53,0,2,-2,-1,7,-34,-14,-0.399999999999999
"6826","Red","Neither","Blue","Red",20,2,3,3,0,14840,6.8,17620,226,56,-2579,-626,15,5,6,9,0,17419,7,18246,245,56,0,5,-3,-3,-6,-19,0,-0.2
"6827","Red","Red","Neither","Red",60,1,5,2,0,15346,6.4,15646,187,38,-2764,-2934,12,5,11,13,0,18110,7.2,18580,202,44,0,48,-4,-6,-11,-15,-6,-0.8
"6828","Blue","Red","Neither","Blue",15,2,4,8,0,16530,7,18713,243,60,837,1199,12,2,4,3,0,15693,6.6,17514,233,56,0,3,0,0,5,10,4,0.4
"6829","Red","Red","Neither","Blue",15,2,2,3,0,14379,6.6,16423,203,49,-6676,-3924,12,5,12,14,1,21055,7.2,20347,223,66,-1,3,-3,-10,-11,-20,-17,-0.600000000000001
"6830","Red","Red","Red","Red",16,3,7,11,0,16792,6.4,16518,198,52,-2787,-2662,13,6,11,11,0,19579,7.2,19180,216,63,0,3,-3,-4,0,-18,-11,-0.8
"6831","Red","Red","Neither","Red",15,18,5,4,0,15243,6.4,16159,193,35,-2449,-3095,39,3,8,8,0,17692,7.2,19254,257,49,0,-24,15,-3,-4,-64,-14,-0.8
"6832","Blue","Neither","Neither","Blue",15,6,10,6,0,17332,7.2,19582,235,65,1372,1668,16,0,6,6,0,15960,7,17914,207,48,0,-1,6,4,0,28,17,0.2
"6833","Blue","Blue","Red","Blue",15,4,3,6,0,16120,7,18058,246,53,-576,-1269,88,1,5,6,0,16696,7.2,19327,228,59,0,-73,3,-2,0,18,-6,-0.2
"6834","Blue","Red","Neither","Blue",17,5,7,10,0,17013,7.4,19131,230,48,447,1096,123,0,6,5,0,16566,7,18035,228,44,0,-106,5,1,5,2,4,0.4
"6835","Blue","Red","Neither","Blue",17,3,5,6,0,15754,6.8,16911,196,44,-1157,-573,20,7,8,12,0,16911,6.6,17484,228,48,0,-3,-4,-3,-6,-32,-4,0.2
"6836","Red","Blue","Neither","Red",19,4,11,15,0,20007,7,19097,241,60,3774,4377,13,4,7,9,0,16233,6,14720,184,28,0,6,0,4,6,57,32,1
"6837","Blue","Blue","Red","Red",38,7,14,14,0,20063,7.4,20273,244,39,3702,3355,18,1,7,8,0,16361,6.8,16918,175,56,0,20,6,7,6,69,-17,0.600000000000001
"6838","Blue","Red","Neither","Blue",13,18,8,8,0,17263,7,18277,222,41,2622,1080,37,1,2,0,0,14641,6.8,17197,212,54,0,-24,17,6,8,10,-13,0.2
"6839","Red","Red","Neither","Red",29,5,7,9,0,16793,6.8,17671,242,48,620,-226,16,6,5,7,0,16173,7,17897,237,44,0,13,-1,2,2,5,4,-0.2
"6840","Blue","Neither","Blue","Red",15,4,5,5,0,14982,6.6,15862,171,48,-2690,-743,81,5,10,14,0,17672,6.6,16605,187,36,0,-66,-1,-5,-9,-16,12,0
"6841","Red","Blue","Blue","Blue",157,2,6,4,0,16385,6.6,17327,215,58,-219,-589,14,1,8,15,0,16604,6.8,17916,199,48,0,143,1,-2,-11,16,10,-0.2
"6842","Blue","Neither","Neither","Blue",35,0,7,6,0,17135,7,18089,227,46,754,159,16,11,6,9,0,16381,6.8,17930,195,38,0,19,-11,1,-3,32,8,0.2
"6843","Blue","Neither","Neither","Red",12,4,8,15,0,16894,7.2,18333,219,40,1077,1096,16,1,4,4,0,15817,6.8,17237,208,63,0,-4,3,4,11,11,-23,0.4
"6844","Blue","Blue","Red","Red",18,1,6,8,0,16869,7.2,19165,232,63,840,2240,16,0,4,5,0,16029,6.8,16925,210,52,0,2,1,2,3,22,11,0.4
"6845","Blue","Blue","Neither","Blue",16,3,7,10,0,17201,7,17805,221,44,317,944,15,1,8,9,0,16884,6.8,16861,174,56,0,1,2,-1,1,47,-12,0.2
"6846","Blue","Blue","Neither","Blue",15,3,7,8,0,16864,7,18073,224,52,1040,1194,18,1,5,3,0,15824,6.6,16879,198,44,0,-3,2,2,5,26,8,0.4
"6847","Blue","Blue","Neither","Blue",21,5,12,8,0,18432,7.2,19560,224,41,2495,3183,19,2,6,8,0,15937,6.8,16377,193,52,0,2,3,6,0,31,-11,0.4
"6848","Blue","Red","Neither","Blue",38,2,7,6,0,17232,7.2,18525,238,54,672,411,16,2,6,13,0,16560,7,18114,210,52,0,22,0,1,-7,28,2,0.2
"6849","Blue","Blue","Neither","Blue",13,0,12,13,0,18704,7.4,19748,223,56,2765,2798,30,1,6,5,0,15939,6.8,16950,233,42,0,-17,-1,6,8,-10,14,0.600000000000001
"6850","Blue","Red","Neither","Red",21,2,6,8,0,16818,6.8,16961,204,52,1448,-664,19,4,2,2,0,15370,7,17625,250,60,0,2,-2,4,6,-46,-8,-0.2
"6851","Red","Neither","Neither","Red",19,1,7,8,0,16595,7.2,18645,231,47,-997,-330,13,4,9,11,0,17592,7.2,18975,225,52,0,6,-3,-2,-3,6,-5,0
"6852","Blue","Neither","Neither","Blue",56,5,6,6,0,17592,7.6,19904,259,61,3031,1196,13,2,1,1,0,14561,7.2,18708,224,77,0,43,3,5,5,35,-16,0.399999999999999
"6853","Blue","Blue","Neither","Red",11,7,8,10,0,17775,7.2,19408,256,49,2009,2090,19,1,3,2,0,15766,6.6,17318,248,53,0,-8,6,5,8,8,-4,0.600000000000001
"6854","Red","Red","Neither","Red",13,0,5,3,0,15817,7.2,18561,212,64,-2378,-478,17,2,8,10,0,18195,7.2,19039,226,68,0,-4,-2,-3,-7,-14,-4,0
"6855","Red","Red","Blue","Red",16,2,7,10,0,16222,6.6,16170,184,48,-3561,-1911,16,1,12,17,0,19783,6.8,18081,237,36,0,0,1,-5,-7,-53,12,-0.2
"6856","Red","Blue","Neither","Blue",14,2,3,2,0,16451,6.8,18027,234,72,-700,-1628,13,0,8,12,0,17151,7.2,19655,222,46,0,1,2,-5,-10,12,26,-0.4
"6857","Blue","Blue","Blue","Blue",17,5,10,3,1,19904,7.6,21324,272,68,5305,4619,16,2,3,3,0,14599,6.6,16705,210,58,1,1,3,7,0,62,10,1
"6858","Blue","Neither","Neither","Red",19,1,8,14,0,16907,6.8,17497,185,44,-47,487,16,0,8,8,0,16954,6.6,17010,219,32,0,3,1,0,6,-34,12,0.2
"6859","Red","Neither","Neither","Red",18,3,0,0,0,13728,6.6,16556,211,60,-5040,-1496,15,4,8,8,1,18768,6.6,18052,239,46,-1,3,-1,-8,-8,-28,14,0
"6860","Red","Neither","Neither","Blue",45,5,3,4,0,14324,6.4,16390,217,43,-2808,-1555,21,19,8,12,0,17132,7,17945,231,35,0,24,-14,-5,-8,-14,8,-0.6
"6861","Red","Blue","Neither","Red",19,2,2,4,0,15175,6.8,17282,214,52,-1409,-16,18,2,6,5,0,16584,6.8,17298,234,50,0,1,0,-4,-1,-20,2,0
"6862","Red","Red","Red","Red",69,5,3,4,0,14108,6.4,16327,188,48,-4316,-2717,18,6,8,7,0,18424,7.4,19044,262,64,0,51,-1,-5,-3,-74,-16,-1
"6863","Red","Blue","Neither","Blue",14,1,9,8,0,18239,7.2,19135,228,54,640,411,9,4,8,8,0,17599,7.2,18724,240,35,0,5,-3,1,0,-12,19,0
"6864","Blue","Blue","Neither","Blue",15,2,8,11,0,18178,7,18563,233,52,5174,3105,11,0,1,0,0,13004,6.2,15458,182,54,0,4,2,7,11,51,-2,0.8
"6865","Blue","Blue","Blue","Blue",17,6,6,3,0,15711,6.8,18516,196,56,458,2243,23,2,5,4,0,15253,6.6,16273,219,32,0,-6,4,1,-1,-23,24,0.2
"6866","Blue","Blue","Neither","Blue",15,2,13,18,0,20666,7.2,19611,220,60,5525,3383,13,1,6,7,0,15141,6.6,16228,185,48,0,2,1,7,11,35,12,0.600000000000001
"6867","Blue","Blue","Neither","Red",17,1,6,6,0,15721,6.8,17894,203,48,1900,1732,13,0,2,0,0,13821,6.4,16162,187,59,0,4,1,4,6,16,-11,0.399999999999999
"6868","Blue","Blue","Neither","Blue",20,7,7,9,0,16100,6.6,16520,189,48,-488,-1312,19,4,5,7,0,16588,7,17832,240,40,0,1,3,2,2,-51,8,-0.4
"6869","Red","Red","Neither","Blue",19,4,4,3,0,15017,6.6,16114,203,52,-2936,-2856,15,3,11,12,0,17953,7.2,18970,232,44,0,4,1,-7,-9,-29,8,-0.600000000000001
"6870","Blue","Red","Neither","Red",15,2,3,4,0,13771,6.8,16290,174,50,-4907,-2874,16,0,9,12,0,18678,7.2,19164,241,61,0,-1,2,-6,-8,-67,-11,-0.4
"6871","Red","Neither","Neither","Red",17,0,9,7,0,17061,7,18530,197,42,744,461,34,2,8,14,0,16317,7,18069,178,34,0,-17,-2,1,-7,19,8,0
"6872","Blue","Blue","Neither","Blue",16,2,6,10,0,16993,7.2,18935,262,57,422,-758,16,3,4,6,0,16571,7.4,19693,254,60,0,0,-1,2,4,8,-3,-0.2
"6873","Blue","Red","Neither","Red",15,1,3,6,0,14127,6.6,16566,186,44,-1171,-1157,16,3,3,4,0,15298,6.6,17723,233,60,0,-1,-2,0,2,-47,-16,0
"6874","Blue","Red","Blue","Red",17,5,6,7,0,16100,7,17451,192,60,-2907,-1376,18,3,10,9,0,19007,7.2,18827,260,40,0,-1,2,-4,-2,-68,20,-0.2
"6875","Blue","Blue","Neither","Blue",20,2,6,5,0,16229,7.2,18988,200,62,164,486,15,3,4,4,0,16065,7.2,18502,230,54,0,5,-1,2,1,-30,8,0
"6876","Blue","Red","Neither","Red",41,3,6,5,0,15724,6.8,17512,217,46,81,1865,21,3,4,7,0,15643,6.4,15647,219,58,0,20,0,2,-2,-2,-12,0.399999999999999
"6877","Blue","Blue","Neither","Blue",17,2,7,4,0,17222,7.2,19032,216,75,485,219,16,2,8,7,0,16737,7,18813,202,28,0,1,0,-1,-3,14,47,0.2
"6878","Red","Blue","Red","Blue",41,2,10,14,0,19020,6.8,18128,216,52,609,-19,14,7,11,14,0,18411,6.8,18147,221,31,0,27,-5,-1,0,-5,21,0
"6879","Blue","Blue","Blue","Blue",14,2,10,10,0,19847,7.2,20768,250,64,6658,6189,11,0,1,2,0,13189,6.2,14579,166,55,0,3,2,9,8,84,9,1
"6880","Red","Red","Blue","Red",14,2,3,4,0,14814,6.8,16691,216,39,-3082,-1694,16,1,5,4,1,17896,6.8,18385,242,57,-1,-2,1,-2,0,-26,-18,0
"6881","Red","Red","Neither","Red",15,3,7,4,0,15002,6.4,15784,170,37,-3255,-1798,14,4,9,10,0,18257,7,17582,240,46,0,1,-1,-2,-6,-70,-9,-0.6
"6882","Blue","Neither","Neither","Blue",16,5,8,8,0,17605,7.2,19955,247,40,2897,3195,17,1,3,2,0,14708,6.6,16760,223,44,0,-1,4,5,6,24,-4,0.600000000000001
"6883","Red","Red","Red","Red",12,3,3,0,0,14502,6.8,17558,213,40,-3041,-1317,15,3,9,7,0,17543,7,18875,223,50,0,-3,0,-6,-7,-10,-10,-0.2
"6884","Red","Neither","Red","Red",18,3,2,4,0,14599,6.8,17147,220,45,-4196,-1649,18,2,9,7,1,18795,7,18796,244,52,-1,0,1,-7,-3,-24,-7,-0.2
"6885","Red","Red","Red","Red",11,1,1,3,0,13686,6.8,16575,213,48,-2755,-2255,17,0,5,4,0,16441,7.2,18830,230,59,0,-6,1,-4,-1,-17,-11,-0.4
"6886","Red","Neither","Neither","Red",14,4,5,5,0,16449,6.8,17858,207,56,973,825,12,2,6,8,0,15476,6.8,17033,192,52,0,2,2,-1,-3,15,4,0
"6887","Blue","Neither","Blue","Blue",19,2,13,12,1,21783,7.6,20533,244,43,5638,3250,38,2,7,7,0,16145,6.8,17283,167,47,1,-19,0,6,5,77,-4,0.8
"6888","Red","Neither","Red","Red",48,1,6,7,0,15867,7,17569,210,48,-430,159,17,1,6,5,0,16297,6.8,17410,203,40,0,31,0,0,2,7,8,0.2
"6889","Red","Blue","Blue","Red",34,0,8,5,0,15889,6.8,17078,177,36,-2212,-1682,17,3,9,8,0,18101,7.2,18760,212,55,0,17,-3,-1,-3,-35,-19,-0.4
"6890","Blue","Blue","Neither","Blue",13,1,7,6,0,16988,7.2,18623,196,56,1575,-516,12,0,4,1,0,15413,7.2,19139,224,76,0,1,1,3,5,-28,-20,0
"6891","Blue","Neither","Neither","Red",12,3,5,5,0,16076,7.2,18917,245,48,1067,1824,18,3,3,2,0,15009,6.8,17093,235,48,0,-6,0,2,3,10,0,0.4
"6892","Blue","Blue","Blue","Red",16,2,13,13,2,22162,7.8,21254,249,72,6578,5388,10,2,6,7,0,15584,6.2,15866,156,68,2,6,0,7,6,93,4,1.6
"6893","Blue","Blue","Red","Red",14,0,3,4,0,15178,7,18172,209,64,-767,-606,14,2,4,4,0,15945,7,18778,229,64,0,0,-2,-1,0,-20,0,0
"6894","Red","Red","Neither","Red",22,3,6,6,0,15196,6.6,16925,188,34,-2560,-826,41,3,9,18,0,17756,7,17751,211,44,0,-19,0,-3,-12,-23,-10,-0.4
"6895","Blue","Neither","Neither","Blue",15,3,4,3,0,15600,6.8,17354,229,57,-226,-157,41,2,5,6,0,15826,6.6,17511,191,44,0,-26,1,-1,-3,38,13,0.2
"6896","Blue","Blue","Blue","Blue",15,7,7,5,0,16742,7.4,19145,215,67,1468,932,85,1,3,2,0,15274,7.2,18213,247,60,0,-70,6,4,3,-32,7,0.2
"6897","Red","Neither","Red","Red",19,1,5,3,0,15580,6.6,17286,197,44,-502,-1113,13,2,6,4,0,16082,7.2,18399,197,55,0,6,-1,-1,-1,0,-11,-0.600000000000001
"6898","Blue","Red","Blue","Red",15,4,5,7,0,16111,6.8,17724,211,61,-1090,555,16,4,7,16,0,17201,7,17169,196,52,0,-1,0,-2,-9,15,9,-0.2
"6899","Red","Red","Neither","Red",16,4,3,3,0,15404,7,17893,244,52,-1793,-1226,17,2,5,7,0,17197,7,19119,254,68,0,-1,2,-2,-4,-10,-16,0
"6900","Red","Red","Neither","Red",15,3,5,6,0,15147,6.4,15110,201,33,-4470,-3848,19,0,15,20,0,19617,7.4,18958,193,50,0,-4,3,-10,-14,8,-17,-1
"6901","Blue","Blue","Blue","Blue",15,0,11,11,0,17058,7.2,18736,178,49,2107,2032,26,1,5,1,0,14951,6.6,16704,211,48,0,-11,-1,6,10,-33,1,0.600000000000001
"6902","Red","Red","Neither","Red",14,1,4,3,0,14129,6.6,16038,174,32,-5489,-3743,18,2,13,21,0,19618,7.4,19781,185,69,0,-4,-1,-9,-18,-11,-37,-0.800000000000001
"6903","Blue","Red","Neither","Red",10,3,5,4,0,16368,7,18622,250,48,1079,1363,14,3,5,7,0,15289,7,17259,206,56,0,-4,0,0,-3,44,-8,0
"6904","Red","Red","Blue","Red",13,3,4,5,0,15577,6.6,16808,235,42,-2268,-1851,21,3,8,7,0,17845,7,18659,239,63,0,-8,0,-4,-2,-4,-21,-0.4
"6905","Red","Blue","Red","Blue",15,5,9,10,0,17102,7.2,18327,207,46,339,261,18,4,7,10,0,16763,6.8,18066,252,45,0,-3,1,2,0,-45,1,0.4
"6906","Red","Red","Neither","Red",17,1,3,3,0,14323,6.4,15853,206,40,-3016,-3479,16,6,9,4,0,17339,7,19332,235,56,0,1,-5,-6,-1,-29,-16,-0.6
"6907","Blue","Blue","Neither","Blue",12,1,5,5,0,15807,7,18131,219,59,70,409,14,1,4,8,0,15737,7,17722,221,60,0,-2,0,1,-3,-2,-1,0
"6908","Red","Neither","Neither","Blue",16,2,5,4,0,14988,6.2,15585,186,40,-3562,-3319,10,3,13,20,0,18550,7.2,18904,208,52,0,6,-1,-8,-16,-22,-12,-1
"6909","Red","Neither","Blue","Red",12,1,2,1,0,15051,6.8,17519,220,57,-2815,-1204,16,1,7,8,0,17866,7.2,18723,236,52,0,-4,0,-5,-7,-16,5,-0.4
"6910","Blue","Blue","Neither","Blue",16,2,3,4,0,15641,7,18490,261,56,-371,-444,62,4,7,7,0,16012,7,18934,209,53,0,-46,-2,-4,-3,52,3,0
"6911","Blue","Red","Neither","Blue",17,3,9,4,0,16715,7,19011,227,48,911,713,20,1,4,5,0,15804,6.8,18298,191,64,0,-3,2,5,-1,36,-16,0.2
"6912","Blue","Neither","Red","Blue",37,4,10,11,0,18423,7.2,18773,212,40,2514,1424,16,4,7,6,0,15909,6.8,17349,200,40,0,21,0,3,5,12,0,0.4
"6913","Blue","Blue","Neither","Blue",15,3,4,4,0,15289,6.4,16346,193,52,-282,-740,38,1,6,6,0,15571,6.8,17086,197,34,0,-23,2,-2,-2,-4,18,-0.399999999999999
"6914","Red","Red","Neither","Red",48,3,3,0,0,14467,7,17728,220,58,-2287,-735,16,3,7,6,0,16754,7,18463,218,40,0,32,0,-4,-6,2,18,0
"6915","Red","Blue","Red","Red",15,4,3,5,0,15544,7,18418,236,64,-590,558,17,2,1,1,1,16134,6.8,17860,228,52,-1,-2,2,2,4,8,12,0.2
"6916","Red","Red","Red","Red",14,1,2,4,0,14743,6.8,17174,228,44,-1625,-2061,21,3,5,8,0,16368,7.4,19235,239,60,0,-7,-2,-3,-4,-11,-16,-0.600000000000001
"6917","Blue","Blue","Red","Red",17,3,3,3,0,14591,6.8,16795,224,46,-3236,-2874,16,3,8,8,0,17827,7.4,19669,252,50,0,1,0,-5,-5,-28,-4,-0.600000000000001
"6918","Blue","Neither","Neither","Blue",32,1,10,10,0,18787,7.2,18788,212,46,2048,1050,11,4,6,7,0,16739,7,17738,228,52,0,21,-3,4,3,-16,-6,0.2
"6919","Red","Neither","Red","Blue",15,4,8,11,0,16671,7,17530,181,39,-1141,-630,16,2,10,5,0,17812,6.8,18160,216,48,0,-1,2,-2,6,-35,-9,0.2
"6920","Red","Blue","Neither","Blue",21,6,8,12,0,17134,6.8,17172,222,51,1167,-814,18,3,4,6,0,15967,6.8,17986,221,58,0,3,3,4,6,1,-7,0
"6921","Red","Neither","Neither","Red",18,5,3,5,0,14996,6.4,16234,221,44,-1502,-959,17,4,7,13,0,16498,6.8,17193,229,48,0,1,1,-4,-8,-8,-4,-0.399999999999999
"6922","Blue","Red","Blue","Blue",17,4,7,14,0,17610,6.8,17839,236,47,3259,2282,19,4,4,6,0,14351,6.4,15557,199,38,0,-2,0,3,8,37,9,0.399999999999999
"6923","Blue","Blue","Neither","Red",14,3,9,5,0,17302,6.8,17065,197,39,-1085,-1716,17,0,10,9,0,18387,7.2,18781,208,67,0,-3,3,-1,-4,-11,-28,-0.4
"6924","Red","Blue","Neither","Red",13,1,6,6,0,16877,7,18403,203,66,-147,273,14,1,8,7,0,17024,6.8,18130,214,39,0,-1,0,-2,-1,-11,27,0.2
"6925","Red","Blue","Red","Red",116,2,9,9,0,16218,6,15119,154,40,-3070,-3027,16,4,12,12,0,19288,7,18146,194,42,0,100,-2,-3,-3,-40,-2,-1
"6926","Red","Blue","Neither","Red",17,3,5,8,0,15680,6.8,17983,201,58,-638,1771,17,4,7,12,0,16318,6.6,16212,219,28,0,0,-1,-2,-4,-18,30,0.2
"6927","Blue","Red","Neither","Red",13,1,6,6,0,16070,6.6,17613,194,48,-1245,-971,13,2,7,10,0,17315,7,18584,237,60,0,0,-1,-1,-4,-43,-12,-0.4
"6928","Red","Neither","Red","Blue",24,0,4,5,0,15267,6.8,17008,212,52,-1002,-2319,12,3,7,9,0,16269,7,19327,209,60,0,12,-3,-3,-4,3,-8,-0.2
"6929","Blue","Blue","Neither","Blue",13,1,1,0,0,14894,6.6,16548,244,44,-2094,-2508,12,1,4,7,0,16988,7,19056,230,66,0,1,0,-3,-7,14,-22,-0.4
"6930","Red","Red","Neither","Red",77,4,2,2,0,13598,6.2,15349,189,45,-3892,-2725,18,1,7,7,0,17490,7,18074,223,52,0,59,3,-5,-5,-34,-7,-0.8
"6931","Red","Red","Neither","Red",20,2,3,3,0,15373,7.2,18554,225,61,-991,-136,16,2,6,8,0,16364,7.2,18690,220,51,0,4,0,-3,-5,5,10,0
"6932","Blue","Neither","Neither","Red",18,3,6,6,0,16260,6.8,16989,211,42,-1791,-1671,13,1,12,13,0,18051,7,18660,192,49,0,5,2,-6,-7,19,-7,-0.2
"6933","Blue","Red","Neither","Red",37,4,8,7,0,16894,7,17731,205,38,1797,1094,49,3,6,5,0,15097,6.6,16637,190,42,0,-12,1,2,2,15,-4,0.4
"6934","Red","Red","Neither","Blue",16,4,8,9,0,17951,6.8,18517,219,56,680,-704,54,9,8,9,0,17271,7.2,19221,216,68,0,-38,-5,0,0,3,-12,-0.4
"6935","Red","Neither","Neither","Red",17,2,4,5,0,15054,6.8,16739,204,44,-2327,-2471,15,2,9,8,0,17381,7.2,19210,209,69,0,2,0,-5,-3,-5,-25,-0.4
"6936","Red","Neither","Neither","Red",16,4,2,2,0,13791,6.6,16220,199,50,-4379,-3811,15,3,9,6,0,18170,7.4,20031,250,54,0,1,1,-7,-4,-51,-4,-0.800000000000001
"6937","Blue","Red","Neither","Blue",40,4,9,16,0,17348,6.6,16417,191,40,1528,-104,14,4,6,7,0,15820,6.6,16521,191,55,0,26,0,3,9,0,-15,0
"6938","Blue","Blue","Neither","Red",12,3,8,7,0,16573,6.8,17651,219,38,-438,-634,20,7,7,7,0,17011,7.2,18285,245,43,0,-8,-4,1,0,-26,-5,-0.4
"6939","Red","Neither","Neither","Blue",51,10,7,8,0,17149,7,17975,247,45,1547,611,23,5,5,8,0,15602,6.8,17364,210,58,0,28,5,2,0,37,-13,0.2
"6940","Red","Blue","Neither","Blue",12,2,5,3,0,16024,7,18727,228,56,-566,-1162,15,4,6,8,0,16590,7.2,19889,229,55,0,-3,-2,-1,-5,-1,1,-0.2
"6941","Blue","Red","Neither","Blue",11,1,6,6,0,16368,7.2,18776,204,52,1418,1328,12,1,4,4,0,14950,6.8,17448,194,55,0,-1,0,2,2,10,-3,0.4
"6942","Blue","Red","Neither","Blue",23,4,9,7,0,18351,7,19205,222,57,2556,3518,19,3,7,11,0,15795,6.6,15687,170,53,0,4,1,2,-4,52,4,0.4
"6943","Red","Red","Blue","Red",26,3,1,1,0,14044,6.8,16385,231,44,-4107,-3090,20,6,8,12,0,18151,7.4,19475,234,60,0,6,-3,-7,-11,-3,-16,-0.600000000000001
"6944","Blue","Blue","Neither","Blue",12,1,6,8,0,15855,6.8,17383,204,48,-2536,-2343,13,0,11,11,0,18391,7,19726,218,48,0,-1,1,-5,-3,-14,0,-0.2
"6945","Blue","Blue","Neither","Blue",18,2,10,8,1,19301,7.2,19342,212,68,3471,2708,19,1,7,5,0,15830,6.6,16634,197,55,1,-1,1,3,3,15,13,0.600000000000001
"6946","Blue","Blue","Red","Blue",19,3,3,2,0,15530,6.8,17181,221,60,196,-183,29,2,5,4,0,15334,7,17364,202,52,0,-10,1,-2,-2,19,8,-0.2
"6947","Red","Neither","Neither","Blue",16,1,3,1,0,14637,6.8,17706,193,48,-2433,-1687,17,3,8,3,0,17070,7.2,19393,223,43,0,-1,-2,-5,-2,-30,5,-0.4
"6948","Red","Red","Neither","Blue",13,1,7,6,0,15312,6.4,15636,167,45,-1352,-1180,19,6,8,7,0,16664,6.4,16816,220,41,0,-6,-5,-1,-1,-53,4,0
"6949","Blue","Blue","Neither","Red",13,7,8,7,0,17677,7.2,19493,233,66,1715,1973,16,1,5,8,0,15962,7.2,17520,198,57,0,-3,6,3,-1,35,9,0
"6950","Blue","Neither","Neither","Blue",14,1,9,10,0,18689,7.2,19882,235,51,3634,2422,20,4,4,1,0,15055,6.6,17460,223,47,0,-6,-3,5,9,12,4,0.600000000000001
"6951","Red","Neither","Neither","Blue",15,1,8,18,0,17008,6.8,16636,206,40,801,-1533,14,1,6,6,0,16207,7,18169,223,48,0,1,0,2,12,-17,-8,-0.2
"6952","Red","Neither","Neither","Blue",13,3,5,7,0,15658,7,17569,224,45,-1047,-1618,14,3,5,5,0,16705,7.2,19187,251,54,0,-1,0,0,2,-27,-9,-0.2
"6953","Red","Red","Neither","Red",14,3,5,2,0,14318,6.6,16916,180,45,-1575,-1224,14,0,7,5,0,15893,7,18140,193,50,0,0,3,-2,-3,-13,-5,-0.4
"6954","Red","Blue","Neither","Red",16,2,8,10,0,16262,6.8,17436,186,59,-867,62,12,4,9,11,0,17129,7,17374,212,44,0,4,-2,-1,-1,-26,15,-0.2
"6955","Red","Neither","Neither","Red",11,0,6,8,0,15653,6.4,16813,158,43,-6105,-4065,11,0,15,13,1,21758,7.8,20878,223,64,-1,0,0,-9,-5,-65,-21,-1.4
"6956","Red","Blue","Neither","Red",14,2,5,3,0,15908,6.8,16828,211,44,-2080,-1117,17,4,9,10,0,17988,7,17945,247,44,0,-3,-2,-4,-7,-36,0,-0.2
"6957","Blue","Blue","Blue","Red",35,3,5,3,0,15884,7.2,19448,241,48,322,1377,22,23,3,3,0,15562,7.2,18071,236,63,0,13,-20,2,0,5,-15,0
"6958","Blue","Neither","Neither","Blue",39,1,7,3,0,17399,7.4,20087,245,60,2105,2310,22,14,4,5,0,15294,7,17777,205,52,0,17,-13,3,-2,40,8,0.4
"6959","Red","Red","Neither","Red",15,2,9,12,0,17892,7.2,18969,215,56,1873,883,16,1,3,2,0,16019,7,18086,249,56,0,-1,1,6,10,-34,0,0.2
"6960","Blue","Blue","Neither","Blue",18,2,11,19,0,18348,7.2,19343,226,60,3294,1808,38,4,3,3,0,15054,6.8,17535,218,44,0,-20,-2,8,16,8,16,0.4
"6961","Red","Red","Red","Red",12,2,2,3,0,14287,6.6,17457,225,43,-3045,-1380,14,3,6,7,0,17332,7.2,18837,261,40,0,-2,-1,-4,-4,-36,3,-0.600000000000001
"6962","Red","Blue","Neither","Red",17,3,6,7,0,16024,6.4,15686,202,40,-1307,-814,19,2,10,21,0,17331,6.6,16500,201,43,0,-2,1,-4,-14,1,-3,-0.199999999999999
"6963","Red","Red","Neither","Red",13,4,5,4,0,17039,7.4,19626,261,60,1116,1123,17,1,4,3,0,15923,7,18503,221,60,0,-4,3,1,1,40,0,0.4
"6964","Blue","Neither","Red","Blue",13,1,9,10,0,17827,7.2,18573,216,35,24,983,16,3,10,11,0,17803,6.8,17590,204,52,0,-3,-2,-1,-1,12,-17,0.4
"6965","Blue","Blue","Neither","Red",17,3,7,5,0,16819,7.2,18725,239,60,707,1960,37,2,4,3,0,16112,6.8,16765,198,52,0,-20,1,3,2,41,8,0.4
"6966","Red","Red","Neither","Red",21,4,2,1,0,13709,6.4,15514,199,40,-4681,-2497,18,4,9,18,0,18390,7,18011,230,51,0,3,0,-7,-17,-31,-11,-0.6
"6967","Red","Red","Red","Red",11,1,4,2,0,15442,6.8,17142,204,52,-3924,-3699,15,1,8,6,1,19366,7.6,20841,254,76,-1,-4,0,-4,-4,-50,-24,-0.8
"6968","Red","Red","Neither","Red",15,3,1,2,0,14996,6.8,17555,232,55,-844,-1002,38,2,4,5,0,15840,7.2,18557,230,64,0,-23,1,-3,-3,2,-9,-0.4
"6969","Red","Red","Blue","Red",13,1,2,3,0,15325,6.8,17258,238,53,-2368,-250,16,2,9,14,0,17693,7,17508,201,48,0,-3,-1,-7,-11,37,5,-0.2
"6970","Red","Neither","Neither","Blue",12,0,1,2,0,13967,6.6,15942,196,52,-3789,-4083,14,2,8,13,0,17756,7.4,20025,223,52,0,-2,-2,-7,-11,-27,0,-0.800000000000001
"6971","Red","Red","Red","Blue",22,6,3,4,0,15032,6.8,16226,221,48,-2798,-2403,17,3,8,5,1,17830,7,18629,215,60,-1,5,3,-5,-1,6,-12,-0.2
"6972","Blue","Blue","Neither","Blue",15,2,11,9,0,19045,7.4,20131,227,70,3387,2782,37,4,6,8,0,15658,6.8,17349,187,45,0,-22,-2,5,1,40,25,0.600000000000001
"6973","Red","Red","Red","Red",16,5,4,7,0,15820,7,18001,242,58,-758,-392,16,3,5,4,0,16578,7.2,18393,229,52,0,0,2,-1,3,13,6,-0.2
"6974","Red","Neither","Neither","Red",16,4,3,3,0,14536,6.6,15452,201,44,-3203,-2199,18,4,10,8,0,17739,7.2,17651,212,36,0,-2,0,-7,-5,-11,8,-0.600000000000001
"6975","Blue","Blue","Blue","Blue",21,5,5,5,0,16833,7,18765,244,65,3246,1680,24,2,1,0,0,13587,6.6,17085,219,54,0,-3,3,4,5,25,11,0.4
"6976","Blue","Red","Neither","Red",14,1,8,8,0,16483,6.8,16652,186,50,-1412,-405,14,3,11,18,0,17895,6.8,17057,208,38,0,0,-2,-3,-10,-22,12,0
"6977","Blue","Neither","Neither","Blue",16,5,9,8,0,17483,7.8,20101,239,60,3502,3747,17,5,1,2,0,13981,6.6,16354,214,52,0,-1,0,8,6,25,8,1.2
"6978","Red","Red","Neither","Red",80,1,1,1,0,14400,6.4,16399,215,43,-2884,-3321,35,0,7,5,0,17284,7.2,19720,239,66,0,45,1,-6,-4,-24,-23,-0.8
"6979","Blue","Blue","Blue","Blue",16,0,12,12,0,18661,6.8,18012,197,60,2479,1210,22,2,6,6,0,16182,6.6,16802,203,44,0,-6,-2,6,6,-6,16,0.2
"6980","Blue","Red","Red","Blue",15,1,8,8,0,17603,7,18424,224,60,1835,1172,19,1,5,7,0,15768,6.8,17252,186,60,0,-4,0,3,1,38,0,0.2
"6981","Red","Neither","Neither","Red",14,2,1,0,0,13643,6.6,16564,199,60,-5479,-3332,14,1,11,12,0,19122,7.2,19896,226,44,0,0,1,-10,-12,-27,16,-0.600000000000001
"6982","Red","Red","Red","Red",17,5,5,5,0,16228,6.6,17098,232,40,-1957,-963,20,3,11,14,0,18185,7,18061,188,52,0,-3,2,-6,-9,44,-12,-0.4
"6983","Red","Blue","Blue","Blue",15,2,9,9,0,18050,7.4,19654,239,37,1949,214,12,1,6,2,0,16101,7,19440,214,58,0,3,1,3,7,25,-21,0.4
"6984","Red","Red","Red","Blue",167,1,5,6,0,16007,6.8,17474,206,52,-1729,-2105,18,2,8,8,0,17736,7.4,19579,209,64,0,149,-1,-3,-2,-3,-12,-0.600000000000001
"6985","Blue","Blue","Neither","Blue",20,0,10,8,1,17979,7,17675,194,48,3112,535,16,1,5,2,0,14867,6.4,17140,189,52,1,4,-1,5,6,5,-4,0.6
"6986","Red","Red","Blue","Red",37,4,3,3,0,15552,7,18535,240,48,-1462,-607,18,0,6,7,0,17014,7,19142,245,54,0,19,4,-3,-4,-5,-6,0
"6987","Blue","Neither","Neither","Blue",15,1,12,16,0,18850,6.8,17995,216,55,3293,987,13,3,6,7,0,15557,6.8,17008,210,37,0,2,-2,6,9,6,18,0
"6988","Red","Red","Neither","Red",18,2,3,3,0,14698,6.6,16625,224,53,-1723,-2525,16,4,7,4,0,16421,7,19150,216,64,0,2,-2,-4,-1,8,-11,-0.4
"6989","Red","Red","Neither","Red",102,0,2,1,0,13456,6.6,16144,164,50,-5199,-3608,16,2,10,8,0,18655,7.4,19752,245,47,0,86,-2,-8,-7,-81,3,-0.800000000000001
"6990","Red","Red","Blue","Blue",49,2,4,4,0,16777,6.8,18671,243,60,441,-233,14,1,4,5,0,16336,7.2,18904,251,60,0,35,1,0,-1,-8,0,-0.4
"6991","Blue","Red","Neither","Blue",28,1,12,13,0,19146,7.4,19236,214,55,2994,2952,11,3,7,7,0,16152,6.6,16284,175,50,0,17,-2,5,6,39,5,0.800000000000001
"6992","Red","Red","Neither","Blue",15,5,10,7,0,18027,6.8,18601,212,46,850,2442,15,1,11,16,0,17177,6.4,16159,174,42,0,0,4,-1,-9,38,4,0.399999999999999
"6993","Blue","Neither","Blue","Red",19,4,11,9,0,17612,6.8,18342,212,46,1227,1050,17,4,6,5,0,16385,6.8,17292,169,41,0,2,0,5,4,43,5,0
"6994","Red","Red","Neither","Red",13,2,0,0,0,14102,6.6,16718,225,64,-1936,-2432,12,3,4,4,0,16038,7.2,19150,236,56,0,1,-1,-4,-4,-11,8,-0.600000000000001
"6995","Blue","Blue","Neither","Red",14,3,13,11,0,18000,7,18718,214,40,3330,3501,16,1,3,3,0,14670,6.2,15217,209,42,0,-2,2,10,8,5,-2,0.8
"6996","Blue","Blue","Neither","Blue",13,6,8,7,0,16613,6.8,17888,229,44,-271,99,15,4,8,4,0,16884,6.8,17789,232,44,0,-2,2,0,3,-3,0,0
"6997","Blue","Blue","Blue","Blue",15,3,8,11,0,17903,7.4,19614,216,55,3249,1410,12,0,2,1,0,14654,7,18204,231,60,0,3,3,6,10,-15,-5,0.4
"6998","Blue","Neither","Neither","Red",19,4,10,8,0,17907,7.4,19004,203,43,1227,2404,38,7,5,11,0,16680,6.6,16600,218,40,0,-19,-3,5,-3,-15,3,0.800000000000001
"6999","Red","Blue","Neither","Red",11,1,8,6,0,16002,6.8,17397,177,52,-1260,-1183,11,2,8,13,0,17262,7,18580,209,56,0,0,-1,0,-7,-32,-4,-0.2
"7000","Red","Blue","Neither","Blue",15,2,4,4,0,14816,6.8,17070,204,46,-1631,-1140,48,2,6,9,0,16447,6.8,18210,239,40,0,-33,0,-2,-5,-35,6,0
"7001","Blue","Blue","Neither","Red",15,2,5,4,0,16093,7.2,19191,245,49,517,222,14,4,3,1,0,15576,7,18969,213,78,0,1,-2,2,3,32,-29,0.2
"7002","Blue","Blue","Blue","Blue",13,1,8,8,1,18239,7,17409,199,46,2258,-819,42,0,6,5,0,15981,7,18228,211,50,1,-29,1,2,3,-12,-4,0
"7003","Red","Red","Neither","Blue",39,0,9,8,0,16969,7,18552,181,41,416,936,13,3,7,4,0,16553,6.8,17616,231,42,0,26,-3,2,4,-50,-1,0.2
"7004","Blue","Blue","Blue","Blue",85,6,6,5,0,18596,7,19244,254,71,4633,3451,16,2,3,3,0,13963,6.6,15793,192,33,0,69,4,3,2,62,38,0.4
"7005","Red","Blue","Neither","Blue",16,2,4,7,0,15702,7,17467,230,64,-816,-1189,64,1,6,7,0,16518,7.2,18656,224,52,0,-48,1,-2,0,6,12,-0.2
"7006","Red","Red","Neither","Red",14,3,3,3,0,15885,7.2,18620,252,60,-390,-52,19,4,4,4,0,16275,7.2,18672,258,51,0,-5,-1,-1,-1,-6,9,0
"7007","Blue","Red","Blue","Red",12,2,6,4,0,15292,6.8,17766,190,47,-2888,-1772,12,2,10,11,0,18180,7.2,19538,231,42,0,0,0,-4,-7,-41,5,-0.4
"7008","Blue","Red","Neither","Blue",14,1,4,4,0,15843,7.2,18349,236,47,1284,395,17,3,2,1,0,14559,7,17954,204,64,0,-3,-2,2,3,32,-17,0.2
"7009","Red","Blue","Neither","Red",43,2,5,5,0,16028,7,18310,216,65,-1437,-770,12,22,7,9,0,17465,7,19080,259,48,0,31,-20,-2,-4,-43,17,0
"7010","Red","Blue","Neither","Red",18,4,7,9,0,15718,6.6,16225,159,32,-1012,-316,18,1,8,13,0,16730,6.6,16541,192,42,0,0,3,-1,-4,-33,-10,0
"7011","Red","Blue","Red","Red",12,3,11,13,0,17378,6.8,17926,167,46,202,1030,14,0,9,9,0,17176,7,16896,203,42,0,-2,3,2,4,-36,4,-0.2
"7012","Blue","Blue","Neither","Blue",19,5,6,6,0,17354,7.4,19609,263,64,2944,3092,21,6,2,2,0,14410,6.4,16517,232,44,0,-2,-1,4,4,31,20,1
"7013","Blue","Blue","Red","Red",12,5,13,13,0,19718,7.6,20453,215,68,3614,3374,18,3,7,3,0,16104,6.6,17079,192,46,0,-6,2,6,10,23,22,1
"7014","Blue","Blue","Neither","Red",20,3,11,9,1,20245,7.2,18815,245,47,4733,1669,124,1,5,8,0,15512,6.8,17146,182,52,1,-104,2,6,1,63,-5,0.4
"7015","Red","Red","Neither","Red",16,4,7,2,0,15869,6.8,16808,162,48,-4369,-3324,20,2,12,23,0,20238,7.6,20132,242,45,0,-4,2,-5,-21,-80,3,-0.8
"7016","Red","Neither","Red","Red",17,4,4,3,0,15321,6.2,16450,198,44,-4562,-2816,18,3,13,12,0,19883,7.2,19266,222,43,0,-1,1,-9,-9,-24,1,-1
"7017","Red","Neither","Neither","Blue",10,0,8,5,0,16293,7.2,18611,218,44,-176,351,14,3,6,5,0,16469,7,18260,203,56,0,-4,-3,2,0,15,-12,0.2
"7018","Blue","Blue","Blue","Blue",39,3,10,12,1,19669,7.4,19333,220,62,4456,2338,14,3,6,3,0,15213,6.6,16995,196,40,1,25,0,4,9,24,22,0.800000000000001
"7019","Red","Blue","Neither","Red",15,2,7,2,0,17093,7,18200,217,60,-492,175,12,1,10,10,0,17585,7,18025,214,39,0,3,1,-3,-8,3,21,0
"7020","Blue","Blue","Neither","Blue",35,2,5,4,0,17434,7.2,18954,257,54,4612,3848,11,1,0,0,0,12822,6.4,15106,203,44,0,24,1,5,4,54,10,0.8
"7021","Blue","Red","Red","Red",15,4,1,0,0,14250,6.8,17406,238,49,-1461,241,20,5,5,5,0,15711,6.6,17165,228,34,0,-5,-1,-4,-5,10,15,0.2
"7022","Blue","Red","Blue","Blue",58,1,12,13,0,19104,7,17733,204,48,2241,1077,17,2,9,11,0,16863,6.8,16656,200,48,0,41,-1,3,2,4,0,0.2
"7023","Red","Neither","Neither","Blue",136,4,9,9,0,17700,6.8,18269,216,38,2986,2450,16,0,5,8,0,14714,6.4,15819,154,48,0,120,4,4,1,62,-10,0.399999999999999
"7024","Blue","Neither","Neither","Red",13,0,6,5,0,15687,6.6,18199,206,46,-423,716,16,5,5,6,0,16110,7,17483,219,44,0,-3,-5,1,-1,-13,2,-0.4
"7025","Blue","Red","Neither","Blue",14,0,4,6,0,15866,7,18127,221,53,218,-598,40,3,4,4,0,15648,7.2,18725,219,60,0,-26,-3,0,2,2,-7,-0.2
"7026","Blue","Blue","Blue","Red",38,3,6,7,0,16079,7,19081,203,48,-1289,918,27,5,7,8,0,17368,6.8,18163,264,42,0,11,-2,-1,-1,-61,6,0.2
"7027","Blue","Red","Neither","Blue",19,7,13,14,0,19610,7.6,20901,220,51,4491,5575,17,1,5,4,0,15119,6.2,15326,186,51,0,2,6,8,10,34,0,1.4
"7028","Blue","Neither","Neither","Blue",13,0,7,10,0,16597,6.8,17747,232,36,2296,773,13,0,4,4,0,14301,6.8,16974,153,55,0,0,0,3,6,79,-19,0
"7029","Red","Red","Neither","Red",13,2,2,2,0,14211,6.8,17253,215,41,-1807,-2118,62,2,3,1,0,16018,7.2,19371,252,75,0,-49,0,-1,1,-37,-34,-0.4
"7030","Blue","Blue","Blue","Blue",52,1,4,2,0,15897,7,19077,235,68,188,1159,14,2,2,3,0,15709,6.6,17918,255,53,0,38,-1,2,-1,-20,15,0.4
"7031","Red","Blue","Neither","Red",18,0,6,6,0,15740,6,14844,178,36,-5057,-3921,17,2,12,16,1,20797,7.2,18765,238,47,-1,1,-2,-6,-10,-60,-11,-1.2
"7032","Red","Blue","Neither","Red",18,4,6,8,0,17170,7.4,18831,237,54,-815,-699,16,2,9,9,0,17985,7.2,19530,244,35,0,2,2,-3,-1,-7,19,0.2
"7033","Blue","Neither","Neither","Blue",18,4,4,2,0,15950,6.8,17900,235,58,-365,-434,16,2,7,7,0,16315,6.8,18334,225,37,0,2,2,-3,-5,10,21,0
"7034","Blue","Red","Neither","Blue",17,5,9,7,0,17990,7,19289,226,51,2964,2253,17,1,3,4,0,15026,6.4,17036,232,41,0,0,4,6,3,-6,10,0.6
"7035","Red","Red","Blue","Blue",14,13,4,4,0,15749,7.4,19614,235,56,362,889,37,3,4,2,0,15387,7.2,18725,226,59,0,-23,10,0,2,9,-3,0.2
"7036","Red","Blue","Red","Blue",50,4,4,9,0,15317,6.6,16907,226,52,-1300,-120,18,2,4,7,1,16617,6.8,17027,211,48,-1,32,2,0,2,15,4,-0.2
"7037","Blue","Red","Neither","Red",37,4,8,8,0,16896,7.4,19116,225,45,1447,2623,85,3,3,2,0,15449,6.4,16493,190,52,0,-48,1,5,6,35,-7,1
"7038","Red","Neither","Neither","Red",19,5,3,2,0,15085,6.8,17193,231,56,-2695,-152,20,4,8,12,0,17780,6.6,17345,218,52,0,-1,1,-5,-10,13,4,0.2
"7039","Blue","Neither","Blue","Blue",15,0,9,8,0,17790,7,18908,203,51,1477,691,10,0,6,4,0,16313,7,18217,208,48,0,5,0,3,4,-5,3,0
"7040","Blue","Blue","Neither","Red",37,1,4,6,0,15245,6.8,17542,210,46,-2220,-1492,14,2,7,5,0,17465,7.2,19034,218,60,0,23,-1,-3,1,-8,-14,-0.4
"7041","Red","Blue","Blue","Blue",12,1,9,10,1,18654,7,17865,226,36,3054,439,16,3,4,5,0,15600,6.8,17426,221,56,1,-4,-2,5,5,5,-20,0.2
"7042","Red","Red","Neither","Red",39,2,1,0,0,14266,7.2,18401,223,68,-1659,-874,16,1,6,4,0,15925,7.2,19275,236,48,0,23,1,-5,-4,-13,20,0
"7043","Blue","Red","Neither","Blue",67,4,9,10,0,17742,6.8,18190,185,56,1311,557,14,9,6,6,0,16431,7,17633,232,54,0,53,-5,3,4,-47,2,-0.2
"7044","Blue","Blue","Neither","Blue",17,4,8,8,0,17610,7.4,18827,221,55,1677,809,15,3,5,5,0,15933,7.2,18018,212,64,0,2,1,3,3,9,-9,0.2
"7045","Red","Neither","Neither","Red",14,2,5,4,0,15921,6.8,17466,203,40,-1110,-721,14,2,8,6,0,17031,7.2,18187,215,49,0,0,0,-3,-2,-12,-9,-0.4
"7046","Red","Neither","Neither","Red",89,5,7,9,0,16860,7,17641,218,48,1293,-262,14,1,4,2,0,15567,6.8,17903,219,55,0,75,4,3,7,-1,-7,0.2
"7047","Red","Red","Neither","Red",12,3,3,4,0,13842,6.4,15669,181,42,-4256,-3319,17,3,9,11,0,18098,7,18988,240,52,0,-5,0,-6,-7,-59,-10,-0.6
"7048","Blue","Blue","Neither","Red",12,2,9,8,0,17378,7.4,19405,253,44,3268,2650,15,3,2,3,0,14110,6.4,16755,212,52,0,-3,-1,7,5,41,-8,1
"7049","Blue","Blue","Neither","Red",18,4,5,4,0,15979,7.2,18795,260,53,1027,615,19,3,3,4,0,14952,7,18180,219,60,0,-1,1,2,0,41,-7,0.2
"7050","Red","Red","Neither","Blue",15,1,4,3,0,15475,7,17551,216,48,-1892,-2127,16,1,8,9,0,17367,7.4,19678,211,63,0,-1,0,-4,-6,5,-15,-0.4
"7051","Blue","Neither","Neither","Blue",14,3,6,6,0,17077,7,16964,228,44,2537,1396,62,3,3,3,0,14540,6,15568,208,40,0,-48,0,3,3,20,4,1
"7052","Red","Red","Red","Red",19,1,3,1,0,14294,7,17770,206,51,-3738,-1260,14,2,8,8,0,18032,7.2,19030,229,55,0,5,-1,-5,-7,-23,-4,-0.2
"7053","Red","Red","Neither","Red",17,0,2,1,0,14504,6.6,16668,203,58,-3966,-3112,16,4,13,14,0,18470,7.4,19780,192,53,0,1,-4,-11,-13,11,5,-0.800000000000001
"7054","Blue","Neither","Red","Red",14,7,10,7,0,18022,7.4,19347,202,50,1382,2107,20,3,10,11,0,16640,6.6,17240,186,29,0,-6,4,0,-4,16,21,0.800000000000001
"7055","Red","Blue","Blue","Blue",17,1,3,5,0,15390,7,17555,230,46,-544,154,14,4,6,4,0,15934,6.8,17401,216,52,0,3,-3,-3,1,14,-6,0.2
"7056","Red","Neither","Neither","Red",13,1,8,8,0,17251,6.6,17267,192,63,339,876,16,0,6,7,0,16912,6.4,16391,203,48,0,-3,1,2,1,-11,15,0.199999999999999
"7057","Red","Red","Neither","Blue",12,0,4,4,0,15337,6.8,17008,186,54,-2284,-3219,17,3,8,4,0,17621,7.6,20227,230,66,0,-5,-3,-4,0,-44,-12,-0.8
"7058","Blue","Neither","Blue","Red",68,3,7,7,0,16498,7.2,18955,219,60,468,2091,178,2,3,4,0,16030,6.6,16864,237,64,0,-110,1,4,3,-18,-4,0.600000000000001
"7059","Blue","Blue","Red","Blue",17,2,7,8,0,17359,7,18203,219,65,3098,1882,14,2,2,1,0,14261,6.4,16321,213,36,0,3,0,5,7,6,29,0.6
"7060","Blue","Red","Neither","Blue",13,1,12,14,0,20346,7.4,19902,228,58,5797,4364,12,0,3,3,0,14549,6.2,15538,203,53,0,1,1,9,11,25,5,1.2
"7061","Red","Blue","Neither","Red",18,20,7,8,0,17711,7,18722,238,52,1127,628,41,6,5,8,0,16584,7,18094,246,54,0,-23,14,2,0,-8,-2,0
"7062","Red","Red","Red","Red",18,3,4,6,0,15089,6.8,17046,213,40,-494,-817,20,6,4,4,0,15583,6.8,17863,216,61,0,-2,-3,0,2,-3,-21,0
"7063","Red","Neither","Neither","Red",12,2,5,4,0,15077,6.4,15707,138,52,-7278,-6021,14,1,22,12,0,22355,8,21728,229,36,0,-2,1,-17,-8,-91,16,-1.6
"7064","Blue","Blue","Neither","Blue",17,1,4,4,0,15519,6.8,17775,236,45,-859,-1502,24,3,5,5,0,16378,7.2,19277,237,65,0,-7,-2,-1,-1,-1,-20,-0.4
"7065","Blue","Neither","Neither","Blue",22,6,6,5,0,16003,6.8,17857,214,52,-1761,-1446,22,4,10,9,0,17764,7.2,19303,238,32,0,0,2,-4,-4,-24,20,-0.4
"7066","Red","Red","Neither","Blue",18,2,4,5,0,16270,7,18684,248,60,454,333,14,5,2,2,0,15816,7,18351,257,48,0,4,-3,2,3,-9,12,0
"7067","Red","Red","Neither","Red",46,1,8,7,0,17917,7.2,19033,234,55,39,-27,30,2,11,13,0,17878,7.2,19060,180,59,0,16,-1,-3,-6,54,-4,0
"7068","Blue","Red","Neither","Red",15,8,9,9,0,18099,7,18989,238,56,2420,2272,20,2,4,4,0,15679,6.6,16717,218,50,0,-5,6,5,5,20,6,0.4
"7069","Blue","Blue","Neither","Blue",35,3,6,8,0,16073,7,18021,196,52,-570,467,146,3,6,10,0,16643,6.8,17554,215,46,0,-111,0,0,-2,-19,6,0.2
"7070","Blue","Red","Blue","Blue",21,1,5,4,0,15887,6.8,17744,240,42,1323,46,17,2,2,3,0,14564,7,17698,208,61,0,4,-1,3,1,32,-19,-0.2
"7071","Red","Red","Red","Red",16,1,5,7,0,14486,6.6,15962,170,29,-3299,-2719,18,4,5,4,0,17785,7,18681,256,68,0,-2,-3,0,3,-86,-39,-0.4
"7072","Red","Neither","Neither","Blue",15,0,2,4,0,14635,7,17734,235,54,-1478,-1388,16,0,5,2,0,16113,7.2,19122,246,67,0,-1,0,-3,2,-11,-13,-0.2
"7073","Blue","Blue","Red","Blue",17,1,10,15,0,18928,7.2,18365,210,47,4165,2230,12,1,4,6,0,14763,6.6,16135,197,40,0,5,0,6,9,13,7,0.600000000000001
"7074","Blue","Neither","Blue","Red",15,2,6,4,0,15649,6.8,17358,185,47,-2558,-828,19,1,10,16,0,18207,7.2,18186,229,56,0,-4,1,-4,-12,-44,-9,-0.4
"7075","Blue","Neither","Neither","Red",14,3,7,7,0,16291,7.2,18127,227,39,473,1581,16,1,5,7,0,15818,6.6,16546,220,32,0,-2,2,2,0,7,7,0.600000000000001
"7076","Blue","Blue","Neither","Blue",15,2,6,5,0,16523,7,18465,238,43,1284,1445,15,5,3,2,0,15239,6.8,17020,239,56,0,0,-3,3,3,-1,-13,0.2
"7077","Red","Red","Blue","Red",35,1,3,1,0,15084,6.8,17618,188,54,-3847,-933,13,1,10,11,1,18931,6.8,18551,232,37,-1,22,0,-7,-10,-44,17,0
"7078","Blue","Red","Neither","Red",14,2,6,5,0,16146,6.8,17725,210,52,1136,376,13,3,5,0,0,15010,6.8,17349,198,58,0,1,-1,1,5,12,-6,0
"7079","Blue","Blue","Neither","Blue",20,3,7,8,0,16945,6.8,17981,223,44,2136,-50,37,4,3,3,0,14809,7,18031,238,41,0,-17,-1,4,5,-15,3,-0.2
"7080","Blue","Red","Neither","Blue",14,1,6,5,0,16600,7,18970,208,60,735,161,14,1,4,0,0,15865,7.2,18809,252,64,0,0,0,2,5,-44,-4,-0.2
"7081","Blue","Blue","Neither","Red",15,6,5,5,0,16941,7,19352,228,52,-441,390,83,1,6,8,0,17382,7.2,18962,233,41,0,-68,5,-1,-3,-5,11,-0.2
"7082","Blue","Blue","Red","Red",16,1,6,6,0,15862,6.8,17707,227,46,-152,-430,19,2,6,11,0,16014,6.8,18137,210,47,0,-3,-1,0,-5,17,-1,0
"7083","Blue","Blue","Blue","Red",70,2,10,11,0,18526,7.4,19693,222,65,1924,1992,11,2,5,7,0,16602,7,17701,240,42,0,59,0,5,4,-18,23,0.4
"7084","Blue","Neither","Neither","Red",16,1,1,1,0,14399,6.8,18382,229,46,-621,319,10,2,2,2,0,15020,6.8,18063,228,52,0,6,-1,-1,-1,1,-6,0
"7085","Blue","Blue","Neither","Blue",16,1,6,6,0,16496,7,17575,213,61,615,12,15,2,4,4,0,15881,6.8,17563,227,40,0,1,-1,2,2,-14,21,0.2
"7086","Blue","Blue","Neither","Blue",15,2,4,3,0,16521,7.2,18785,261,48,2101,1400,19,3,2,2,0,14420,6.6,17385,215,56,0,-4,-1,2,1,46,-8,0.600000000000001
"7087","Red","Blue","Neither","Red",22,3,6,6,0,16972,7,18035,210,52,-1079,-2292,16,2,10,6,0,18051,7.4,20327,209,68,0,6,1,-4,0,1,-16,-0.4
"7088","Red","Red","Neither","Red",10,2,5,5,0,16375,7,18609,231,60,-1189,-1074,17,1,11,7,0,17564,7.4,19683,217,38,0,-7,1,-6,-2,14,22,-0.4
"7089","Red","Red","Neither","Red",14,5,8,11,0,17149,7,18495,218,39,-1258,-725,36,1,9,8,0,18407,7.4,19220,214,68,0,-22,4,-1,3,4,-29,-0.4
"7090","Red","Red","Neither","Blue",17,2,6,8,0,15319,6.6,16582,158,68,-2416,-2808,15,4,8,9,0,17735,7.2,19390,209,68,0,2,-2,-2,-1,-51,0,-0.600000000000001
"7091","Blue","Neither","Neither","Blue",25,1,13,15,0,19475,7,18495,218,37,4519,2852,11,1,5,3,0,14956,6.4,15643,189,32,0,14,0,8,12,29,5,0.6
"7092","Blue","Blue","Blue","Blue",12,2,11,7,0,18576,7.2,20102,227,59,2276,1971,15,1,5,6,0,16300,7,18131,213,67,0,-3,1,6,1,14,-8,0.2
"7093","Blue","Blue","Blue","Blue",11,4,16,16,0,20218,7,18749,207,58,4266,2910,20,1,5,6,0,15952,6.4,15839,226,35,0,-9,3,11,10,-19,23,0.6
"7094","Red","Blue","Red","Red",45,5,4,5,0,15398,7.2,17861,200,54,378,321,55,6,3,2,0,15020,7,17540,227,48,0,-10,-1,1,3,-27,6,0.2
"7095","Blue","Blue","Neither","Red",21,1,15,15,0,19683,7.2,19202,195,52,879,1795,46,6,13,18,0,18804,6.6,17407,179,53,0,-25,-5,2,-3,16,-1,0.600000000000001
"7096","Blue","Neither","Neither","Blue",47,4,9,18,0,17284,6.2,15506,182,42,550,-371,17,2,9,15,0,16734,6.6,15877,192,44,0,30,2,0,3,-10,-2,-0.399999999999999
"7097","Blue","Neither","Neither","Red",13,6,10,13,0,18281,6.8,17603,224,36,2064,2124,15,1,7,9,0,16217,6.4,15479,191,43,0,-2,5,3,4,33,-7,0.399999999999999
"7098","Blue","Red","Neither","Red",16,3,7,8,0,16905,6.8,17224,214,40,831,8,15,1,5,8,0,16074,6.8,17216,218,61,0,1,2,2,0,-4,-21,0
"7099","Blue","Red","Neither","Blue",16,3,7,9,0,16875,6.6,17964,222,49,2590,682,15,1,2,1,0,14285,6.8,17282,225,54,0,1,2,5,8,-3,-5,-0.2
"7100","Blue","Neither","Neither","Red",18,12,6,8,0,16277,6.8,17277,210,36,1434,1040,40,0,3,4,0,14843,6.6,16237,215,35,0,-22,12,3,4,-5,1,0.2
"7101","Blue","Neither","Neither","Blue",18,1,10,7,0,18380,7.2,18318,220,42,1938,1013,12,2,8,9,0,16442,6.8,17305,189,48,0,6,-1,2,-2,31,-6,0.4
"7102","Blue","Red","Neither","Red",15,0,8,8,0,16622,6.6,16799,170,32,-1129,-1742,36,5,10,10,0,17751,7.2,18541,211,45,0,-21,-5,-2,-2,-41,-13,-0.600000000000001
"7103","Red","Red","Neither","Red",16,3,7,9,0,16388,6.8,16720,212,24,-1182,-2730,31,4,5,5,0,17570,7,19450,229,74,0,-15,-1,2,4,-17,-50,-0.2
"7104","Blue","Neither","Red","Blue",11,2,7,6,0,17441,7.4,19668,214,55,2947,2247,12,2,4,1,0,14494,7,17421,190,60,0,-1,0,3,5,24,-5,0.4
"7105","Blue","Neither","Neither","Blue",17,3,8,12,0,17469,7,18265,242,44,1625,121,14,2,5,4,0,15844,6.8,18144,236,51,0,3,1,3,8,6,-7,0.2
"7106","Red","Red","Neither","Red",16,5,5,5,0,15649,7,17079,201,51,-934,-732,17,4,8,11,0,16583,6.8,17811,216,48,0,-1,1,-3,-6,-15,3,0.2
"7107","Blue","Blue","Red","Blue",17,2,9,5,0,18130,7.2,19017,206,75,3154,1720,13,1,4,1,0,14976,6.6,17297,194,52,0,4,1,5,4,12,23,0.600000000000001
"7108","Red","Red","Neither","Blue",13,2,8,10,0,17850,7.4,19495,256,54,30,-249,13,1,8,7,0,17820,7.2,19744,234,68,0,0,1,0,3,22,-14,0.2
"7109","Red","Red","Neither","Red",13,3,7,8,0,16164,6.8,18803,239,40,-1050,88,14,2,7,8,0,17214,7.2,18715,237,47,0,-1,1,0,0,2,-7,-0.4
"7110","Red","Blue","Blue","Blue",13,2,6,7,0,15928,6.4,16033,173,67,-1885,-1025,12,0,9,10,0,17813,6.8,17058,233,17,0,1,2,-3,-3,-60,50,-0.399999999999999
"7111","Blue","Neither","Neither","Blue",24,2,4,5,0,15356,6.4,16499,233,45,925,-400,17,3,2,3,0,14431,6.8,16899,206,56,0,7,-1,2,2,27,-11,-0.399999999999999
"7112","Red","Neither","Neither","Blue",21,1,6,9,0,16135,6.6,16582,181,67,-1370,-1220,14,3,6,8,0,17505,6.8,17802,235,44,0,7,-2,0,1,-54,23,-0.2
"7113","Blue","Red","Neither","Blue",42,1,3,2,0,16019,7.4,20401,262,76,1577,2582,15,18,1,1,0,14442,7,17819,232,56,0,27,-17,2,1,30,20,0.4
"7114","Blue","Blue","Neither","Red",16,3,6,7,0,16079,6.6,17138,225,40,1769,1175,18,1,3,5,0,14310,6.2,15963,185,53,0,-2,2,3,2,40,-13,0.399999999999999
"7115","Blue","Blue","Neither","Blue",19,5,10,10,0,18272,7.4,20304,219,48,3619,3192,11,3,3,2,0,14653,6.6,17112,222,46,0,8,2,7,8,-3,2,0.800000000000001
"7116","Blue","Red","Neither","Blue",22,2,3,1,0,15595,6.8,17779,241,64,65,-273,12,2,4,4,0,15530,6.8,18052,228,57,0,10,0,-1,-3,13,7,0
"7117","Blue","Blue","Neither","Blue",16,3,12,17,0,20010,7.2,20053,208,56,4311,2572,17,4,6,5,0,15699,6.8,17481,214,33,0,-1,-1,6,12,-6,23,0.4
"7118","Red","Blue","Neither","Red",16,3,8,12,0,16879,7,18288,199,44,45,-351,27,4,6,5,0,16834,7,18639,254,49,0,-11,-1,2,7,-55,-5,0
"7119","Red","Red","Blue","Blue",16,5,3,5,0,15578,7,18183,243,56,-313,-701,13,4,3,3,0,15891,7.2,18884,253,62,0,3,1,0,2,-10,-6,-0.2
"7120","Blue","Neither","Neither","Blue",11,3,9,7,0,18877,7.6,20418,244,67,3094,1999,22,0,7,6,0,15783,7.2,18419,205,39,0,-11,3,2,1,39,28,0.399999999999999
"7121","Blue","Neither","Neither","Red",15,2,10,12,0,18904,7.4,18979,236,52,4879,3774,16,1,3,7,0,14025,6.2,15205,162,55,0,-1,1,7,5,74,-3,1.2
"7122","Red","Blue","Neither","Blue",19,3,9,12,0,17394,6.6,16652,175,56,182,-159,16,6,8,7,0,17212,6.4,16811,192,48,0,3,-3,1,5,-17,8,0.199999999999999
"7123","Red","Blue","Blue","Red",14,7,5,13,0,16829,7,19002,251,64,-1212,972,15,2,7,10,0,18041,7,18030,236,48,0,-1,5,-2,3,15,16,0
"7124","Red","Blue","Blue","Blue",40,2,7,8,0,17002,7.2,18865,209,64,-365,-267,13,2,6,5,0,17367,7.4,19132,229,50,0,27,0,1,3,-20,14,-0.2
"7125","Red","Neither","Neither","Blue",15,1,6,7,0,15721,6.8,17191,180,47,-24,-1070,24,4,3,4,0,15745,7,18261,238,45,0,-9,-3,3,3,-58,2,-0.2
"7126","Blue","Blue","Neither","Red",14,2,4,4,0,16263,6.6,16904,220,44,-1190,-1443,14,1,9,9,0,17453,7,18347,208,46,0,0,1,-5,-5,12,-2,-0.4
"7127","Blue","Red","Neither","Blue",17,2,7,8,0,15833,6.8,16967,208,36,-1800,-2200,14,4,6,8,0,17633,7,19167,245,60,0,3,-2,1,0,-37,-24,-0.2
"7128","Red","Red","Neither","Red",26,2,2,1,0,14918,6.8,17605,221,53,-2442,-1427,17,2,7,10,0,17360,7.2,19032,262,48,0,9,0,-5,-9,-41,5,-0.4
"7129","Red","Red","Neither","Blue",18,3,4,3,0,15043,6.6,16533,207,34,-2816,-2760,16,5,8,10,0,17859,7.2,19293,232,57,0,2,-2,-4,-7,-25,-23,-0.600000000000001
"7130","Blue","Blue","Neither","Blue",10,0,9,6,0,17775,6.8,18094,222,54,3629,5111,6,0,5,5,0,14146,5.6,12983,123,55,0,4,0,4,1,99,-1,1.2
"7131","Blue","Red","Neither","Blue",17,2,11,12,0,20012,7.2,19043,231,50,4093,1925,19,1,6,6,0,15919,6.6,17118,215,42,0,-2,1,5,6,16,8,0.600000000000001
"7132","Red","Blue","Neither","Red",36,4,5,4,0,15954,7,18014,228,52,26,693,15,2,6,4,0,15928,6.8,17321,190,44,0,21,2,-1,0,38,8,0.2
"7133","Blue","Blue","Blue","Red",45,4,2,1,0,14194,6.8,17765,192,62,-1949,-18,19,3,8,9,0,16143,7,17783,190,53,0,26,1,-6,-8,2,9,-0.2
"7134","Blue","Red","Red","Red",10,3,4,5,0,14689,6.6,16546,174,55,-3860,-1719,19,0,8,4,1,18549,7.2,18265,253,42,-1,-9,3,-4,1,-79,13,-0.600000000000001
"7135","Red","Red","Neither","Blue",17,1,10,6,0,18152,7,18229,245,41,-921,-1198,17,5,13,16,0,19073,7.2,19427,206,44,0,0,-4,-3,-10,39,-3,-0.2
"7136","Red","Blue","Red","Red",14,1,6,7,0,16642,7,18251,218,52,-348,-611,15,0,6,4,0,16990,7,18862,237,40,0,-1,1,0,3,-19,12,0
"7137","Red","Red","Neither","Red",15,1,1,2,0,13383,6.4,15553,193,46,-4079,-2994,17,1,5,5,0,17462,7,18547,245,53,0,-2,0,-4,-3,-52,-7,-0.6
"7138","Red","Red","Red","Red",22,3,6,7,0,16818,7.4,18786,232,57,936,704,17,2,5,2,0,15882,7.2,18082,221,54,0,5,1,1,5,11,3,0.2
"7139","Red","Red","Red","Red",15,4,3,6,0,16621,6.6,17456,244,48,-2115,-456,10,2,8,15,0,18736,6.8,17912,222,64,0,5,2,-5,-9,22,-16,-0.2
"7140","Blue","Blue","Neither","Blue",30,2,8,9,0,16729,6.8,17848,220,43,1204,349,16,5,5,5,0,15525,7,17499,214,48,0,14,-3,3,4,6,-5,-0.2
"7141","Red","Red","Neither","Blue",17,1,3,6,0,14630,6.6,16137,181,71,-1309,-1408,14,1,6,6,0,15939,6.6,17545,212,45,0,3,0,-3,0,-31,26,0
"7142","Red","Red","Neither","Blue",16,4,6,5,0,16489,6.6,17669,237,59,1212,1107,14,4,5,6,0,15277,6.6,16562,196,60,0,2,0,1,-1,41,-1,0
"7143","Red","Neither","Neither","Red",14,2,2,4,0,13608,6.6,15291,178,45,-5040,-6118,47,4,11,9,0,18648,7.6,21409,202,80,0,-33,-2,-9,-5,-24,-35,-1
"7144","Blue","Blue","Neither","Blue",18,4,6,8,0,16583,7,18572,244,64,2532,1722,17,1,0,0,0,14051,6.6,16850,223,56,0,1,3,6,8,21,8,0.4
"7145","Blue","Blue","Blue","Blue",35,3,10,9,1,19439,7.4,19736,244,50,3863,2639,17,2,5,5,0,15576,6.6,17097,197,49,1,18,1,5,4,47,1,0.800000000000001
"7146","Red","Red","Blue","Red",14,1,5,2,0,15974,6.8,18618,226,60,-2545,-1541,13,4,10,9,0,18519,7.6,20159,247,56,0,1,-3,-5,-7,-21,4,-0.8
"7147","Blue","Red","Neither","Blue",16,2,4,3,0,15865,7,18037,225,50,-517,-425,16,2,6,8,0,16382,6.8,18462,244,45,0,0,0,-2,-5,-19,5,0.2
"7148","Red","Red","Red","Red",18,6,6,4,0,15919,6.6,16708,205,51,-3288,-2511,44,5,7,10,1,19207,7.2,19219,229,52,-1,-26,1,-1,-6,-24,-1,-0.600000000000001
"7149","Blue","Red","Blue","Blue",18,7,5,5,0,15360,7.2,18594,207,47,818,1913,15,6,2,3,0,14542,6.6,16681,224,57,0,3,1,3,2,-17,-10,0.600000000000001
"7150","Red","Blue","Neither","Blue",20,2,9,10,0,16836,6.6,17688,186,48,312,-613,18,3,6,4,0,16524,6.8,18301,215,54,0,2,-1,3,6,-29,-6,-0.2
"7151","Blue","Neither","Neither","Blue",18,7,7,5,0,16284,7.2,18617,216,49,1496,1758,17,6,2,3,0,14788,6.8,16859,225,44,0,1,1,5,2,-9,5,0.4
"7152","Blue","Blue","Neither","Blue",16,3,11,7,0,18303,7.2,19093,214,54,3586,2697,16,1,4,2,0,14717,6.4,16396,180,46,0,0,2,7,5,34,8,0.8
"7153","Red","Red","Neither","Red",12,2,5,3,0,16206,7,17906,229,53,-33,1233,14,3,7,8,0,16239,6.6,16673,200,40,0,-2,-1,-2,-5,29,13,0.4
"7154","Blue","Red","Neither","Blue",15,4,8,9,0,17310,7,18101,202,45,390,-300,25,0,9,8,0,16920,7,18401,193,46,0,-10,4,-1,1,9,-1,0
"7155","Blue","Red","Neither","Red",15,4,4,4,0,14562,6.6,15925,164,44,-1295,-1230,19,1,6,5,0,15857,6.6,17155,213,56,0,-4,3,-2,-1,-49,-12,0
"7156","Red","Red","Neither","Blue",57,2,6,10,0,15954,6.8,17647,203,44,534,89,17,1,3,4,0,15420,6.8,17558,248,45,0,40,1,3,6,-45,-1,0
"7157","Red","Blue","Neither","Red",9,0,2,4,0,14079,6.6,16131,215,51,-4780,-3425,15,3,11,13,0,18859,7.4,19556,214,52,0,-6,-3,-9,-9,1,-1,-0.800000000000001
"7158","Red","Red","Neither","Blue",14,1,4,7,0,16636,7.2,18650,243,52,668,-462,14,1,6,5,0,15968,7.4,19112,223,48,0,0,0,-2,2,20,4,-0.2
"7159","Red","Neither","Neither","Red",13,0,6,4,0,16048,6.6,16740,209,40,-2954,-2865,15,2,12,15,0,19002,7.2,19605,206,55,0,-2,-2,-6,-11,3,-15,-0.600000000000001
"7160","Red","Red","Neither","Blue",17,4,3,3,0,14953,6.6,17005,221,57,-3903,-2090,15,4,11,18,0,18856,7.2,19095,239,47,0,2,0,-8,-15,-18,10,-0.600000000000001
"7161","Blue","Red","Neither","Blue",16,5,5,4,0,16279,7,18714,255,57,2004,385,22,1,1,1,0,14275,7,18329,213,66,0,-6,4,4,3,42,-9,0
"7162","Red","Red","Neither","Red",11,2,1,2,0,13841,6.8,16368,216,49,-5048,-4145,18,0,8,6,0,18889,7.4,20513,268,53,0,-7,2,-7,-4,-52,-4,-0.600000000000001
"7163","Red","Red","Neither","Red",37,3,3,1,0,15311,7,17731,187,67,597,1596,16,2,3,7,0,14714,6.4,16135,212,45,0,21,1,0,-6,-25,22,0.6
"7164","Red","Blue","Blue","Blue",16,4,10,12,0,16677,6.6,15835,168,56,-503,-790,17,2,7,10,0,17180,6.6,16625,191,50,0,-1,2,3,2,-23,6,0
"7165","Red","Red","Neither","Red",90,2,7,8,0,16224,7,18263,189,45,-376,1005,13,3,6,7,0,16600,6.6,17258,220,45,0,77,-1,1,1,-31,0,0.4
"7166","Blue","Blue","Blue","Red",15,4,7,4,0,16372,7.2,19294,208,54,1162,2078,14,4,5,5,0,15210,7,17216,193,40,0,1,0,2,-1,15,14,0.2
"7167","Blue","Blue","Neither","Blue",24,2,12,13,0,19306,7.4,19450,206,72,5831,4588,19,4,2,0,0,13475,6.4,14862,197,48,0,5,-2,10,13,9,24,1
"7168","Blue","Red","Neither","Blue",14,4,8,6,1,18801,7.2,19438,215,74,1917,1322,19,2,8,6,0,16884,7,18116,202,50,1,-5,2,0,0,13,24,0.2
"7169","Blue","Blue","Neither","Blue",17,2,9,10,0,16988,7,18314,209,43,3222,2205,15,3,1,0,0,13766,6.6,16109,218,47,0,2,-1,8,10,-9,-4,0.4
"7170","Red","Red","Neither","Red",13,2,4,3,0,15027,6.6,16491,216,44,-3148,-2107,16,2,9,9,0,18175,7,18598,220,56,0,-3,0,-5,-6,-4,-12,-0.4
"7171","Red","Blue","Neither","Red",15,2,6,3,0,15512,6.6,17704,198,50,-2399,-1527,15,1,9,5,0,17911,7.2,19231,222,48,0,0,1,-3,-2,-24,2,-0.600000000000001
"7172","Red","Red","Blue","Red",14,2,4,4,0,17147,6.8,17894,213,53,946,-439,15,3,7,9,0,16201,7,18333,222,44,0,-1,-1,-3,-5,-9,9,-0.2
"7173","Blue","Red","Blue","Red",18,2,3,3,1,16748,7,17820,221,64,2533,1524,38,1,3,4,0,14215,6.4,16296,198,44,1,-20,1,0,-1,23,20,0.6
"7174","Red","Red","Red","Red",14,1,4,3,0,14456,6.6,17039,212,46,-4680,-3190,15,1,12,14,0,19136,7.6,20229,220,64,0,-1,0,-8,-11,-8,-18,-1
"7175","Blue","Blue","Red","Blue",20,5,10,16,0,18247,7,18886,225,36,1348,1158,38,5,7,10,0,16899,6.6,17728,224,68,0,-18,0,3,6,1,-32,0.4
"7176","Blue","Red","Neither","Blue",17,2,9,7,0,18196,7.2,19070,230,59,2763,1667,13,1,5,6,0,15433,6.8,17403,194,56,0,4,1,4,1,36,3,0.4
"7177","Blue","Blue","Neither","Blue",17,2,7,10,0,16866,6.8,18028,220,48,-808,-1078,15,3,7,8,0,17674,7.2,19106,234,60,0,2,-1,0,2,-14,-12,-0.4
"7178","Red","Blue","Neither","Red",15,5,4,2,0,13960,6.4,16218,184,52,-2791,-2142,14,6,7,7,0,16751,7,18360,238,49,0,1,-1,-3,-5,-54,3,-0.6
"7179","Red","Red","Neither","Red",13,1,3,4,0,14545,6.6,16581,190,51,-1199,-752,48,1,6,6,0,15744,6.8,17333,203,50,0,-35,0,-3,-2,-13,1,-0.2
"7180","Blue","Blue","Neither","Blue",13,0,12,7,0,18894,7.2,18656,195,67,2712,1181,13,1,5,5,0,16182,6.6,17475,195,58,0,0,-1,7,2,0,9,0.600000000000001
"7181","Red","Red","Neither","Red",18,3,4,7,0,14595,6.4,15889,181,44,-4266,-4094,13,6,10,7,0,18861,7.6,19983,245,52,0,5,-3,-6,0,-64,-8,-1.2
"7182","Blue","Neither","Blue","Blue",20,4,11,15,0,19670,7.4,19683,239,52,3380,1666,16,6,6,10,0,16290,7,18017,197,52,0,4,-2,5,5,42,0,0.4
"7183","Blue","Blue","Neither","Blue",41,3,11,15,0,19116,7.6,19542,223,36,3648,1867,17,0,3,2,0,15468,7,17675,209,68,0,24,3,8,13,14,-32,0.6
"7184","Blue","Neither","Neither","Blue",17,2,6,6,0,17186,7,18505,234,68,2320,2234,17,2,3,6,0,14866,6.6,16271,207,44,0,0,0,3,0,27,24,0.4
"7185","Red","Neither","Neither","Red",15,1,2,2,0,14498,7,17488,223,57,-1754,-1471,17,2,6,4,0,16252,7.2,18959,228,66,0,-2,-1,-4,-2,-5,-9,-0.2
"7186","Blue","Blue","Blue","Blue",35,2,6,2,0,17085,7.2,18329,229,80,411,-493,8,1,6,9,0,16674,7.2,18822,213,47,0,27,1,0,-7,16,33,0
"7187","Blue","Blue","Neither","Blue",82,2,12,14,0,19032,7.2,19015,191,63,3965,3505,12,3,3,3,0,15067,6.4,15510,182,52,0,70,-1,9,11,9,11,0.8
"7188","Red","Red","Neither","Red",14,1,1,0,0,14401,6.8,17502,212,75,-3441,-1825,13,4,10,10,0,17842,7.2,19327,229,54,0,1,-3,-9,-10,-17,21,-0.4
"7189","Blue","Blue","Neither","Red",13,3,6,5,0,15741,6.8,17468,198,43,-1864,-1069,17,3,10,7,0,17605,7.2,18537,205,48,0,-4,0,-4,-2,-7,-5,-0.4
"7190","Blue","Neither","Red","Blue",14,2,9,12,1,19138,6.8,18317,239,40,3653,1553,17,1,3,4,1,15485,6.6,16764,193,50,0,-3,1,6,8,46,-10,0.2
"7191","Blue","Red","Blue","Blue",15,4,7,10,0,17363,7,18387,233,39,1449,521,51,1,6,6,0,15914,7,17866,206,42,0,-36,3,1,4,27,-3,0
"7192","Red","Red","Neither","Red",17,4,2,2,0,15190,7,18432,241,60,-1782,-754,17,4,5,3,0,16972,7.2,19186,251,72,0,0,0,-3,-1,-10,-12,-0.2
"7193","Red","Blue","Blue","Blue",13,2,5,3,0,15592,7,18837,205,64,-1711,-303,17,4,7,8,0,17303,7.2,19140,241,56,0,-4,-2,-2,-5,-36,8,-0.2
"7194","Blue","Neither","Neither","Red",17,4,5,5,0,15951,6.8,17680,221,43,322,1046,18,3,6,8,0,15629,6.8,16634,203,37,0,-1,1,-1,-3,18,6,0
"7195","Red","Red","Neither","Blue",14,1,5,9,0,15934,6.4,16140,199,45,-2277,-2919,14,4,8,8,0,18211,7,19059,257,64,0,0,-3,-3,1,-58,-19,-0.6
"7196","Blue","Red","Neither","Red",40,6,4,5,0,15894,7,18853,223,60,310,536,19,5,4,4,0,15584,7,18317,223,54,0,21,1,0,1,0,6,0
"7197","Red","Red","Red","Red",15,3,5,3,0,16148,6.8,18119,237,46,-404,-1058,15,2,7,6,0,16552,7,19177,215,53,0,0,1,-2,-3,22,-7,-0.2
"7198","Red","Red","Neither","Red",18,1,7,5,0,16456,6.8,16502,209,55,-706,-1460,18,4,8,8,0,17162,6.8,17962,200,55,0,0,-3,-1,-3,9,0,0
"7199","Red","Blue","Blue","Blue",17,8,7,10,0,17903,7,18746,239,63,651,748,17,6,8,12,0,17252,7,17998,217,48,0,0,2,-1,-2,22,15,0
"7200","Blue","Neither","Neither","Blue",15,3,6,12,0,16925,6.6,17065,212,40,784,-2929,15,2,3,2,0,16141,7.2,19994,224,91,0,0,1,3,10,-12,-51,-0.600000000000001
"7201","Red","Blue","Red","Blue",18,3,3,7,0,14966,7,17656,227,44,-1966,-1549,13,3,5,4,0,16932,7.2,19205,247,48,0,5,0,-2,3,-20,-4,-0.2
"7202","Blue","Red","Blue","Red",38,2,6,7,0,16014,7.2,18062,211,56,-2651,-1289,15,3,10,13,0,18665,7.2,19351,240,51,0,23,-1,-4,-6,-29,5,0
"7203","Red","Red","Neither","Red",15,2,3,1,0,15311,6.8,18263,229,60,-1731,-1553,82,1,7,4,0,17042,7.4,19816,238,63,0,-67,1,-4,-3,-9,-3,-0.600000000000001
"7204","Red","Neither","Neither","Blue",17,1,4,3,0,16177,7,18367,226,56,1255,277,15,3,2,1,0,14922,6.8,18090,253,45,0,2,-2,2,2,-27,11,0.2
"7205","Blue","Red","Neither","Red",86,2,5,7,0,16123,6.8,17612,203,60,569,304,15,2,6,4,0,15554,6.8,17308,181,60,0,71,0,-1,3,22,0,0
"7206","Red","Neither","Neither","Blue",20,4,10,9,0,18344,7.2,18470,222,55,2326,987,16,4,6,5,0,16018,7,17483,188,56,0,4,0,4,4,34,-1,0.2
"7207","Red","Red","Blue","Blue",13,2,5,5,0,17564,7.4,20203,257,73,1369,1440,19,4,4,5,0,16195,7.2,18763,233,43,0,-6,-2,1,0,24,30,0.2
"7208","Blue","Blue","Red","Red",15,6,4,5,0,15676,7,19069,231,61,-261,443,59,1,4,8,0,15937,6.8,18626,231,56,0,-44,5,0,-3,0,5,0.2
"7209","Red","Red","Red","Red",33,2,1,0,0,15652,7,18830,258,64,11,-139,14,13,4,4,0,15641,7,18969,227,52,0,19,-11,-3,-4,31,12,0
"7210","Blue","Blue","Neither","Red",20,3,10,11,0,18079,7.2,18997,215,48,1120,10,15,1,6,3,0,16959,7,18987,226,64,0,5,2,4,8,-11,-16,0.2
"7211","Red","Red","Neither","Red",17,3,1,1,0,14325,6.8,17432,235,57,-1887,-587,17,4,6,10,0,16212,7.2,18019,228,52,0,0,-1,-5,-9,7,5,-0.4
"7212","Red","Neither","Neither","Red",16,1,5,6,0,16132,6.8,17519,210,50,-155,-51,21,3,7,11,0,16287,7,17570,191,54,0,-5,-2,-2,-5,19,-4,-0.2
"7213","Blue","Neither","Neither","Blue",14,2,7,10,0,17130,7,18124,226,47,1931,1567,16,2,2,4,0,15199,6.8,16557,219,52,0,-2,0,5,6,7,-5,0.2
"7214","Blue","Blue","Neither","Blue",94,3,9,16,1,19459,7,17657,206,61,1896,-423,14,2,7,6,1,17563,7,18080,215,48,0,80,1,2,10,-9,13,0
"7215","Red","Red","Neither","Blue",15,2,5,4,0,15742,6.8,17504,219,55,501,642,13,1,4,5,0,15241,6.6,16862,196,52,0,2,1,1,-1,23,3,0.2
"7216","Red","Neither","Blue","Red",19,3,4,6,0,15412,6.8,17498,192,63,-1271,101,17,8,7,8,0,16683,7,17397,233,37,0,2,-5,-3,-2,-41,26,-0.2
"7217","Blue","Red","Neither","Red",15,1,4,4,0,15337,6.6,16778,217,40,-2811,-2298,17,2,8,7,0,18148,7.2,19076,224,56,0,-2,-1,-4,-3,-7,-16,-0.600000000000001
"7218","Red","Blue","Neither","Blue",12,2,6,4,0,15969,7,17823,217,36,-1070,-893,15,0,6,4,0,17039,7,18716,254,58,0,-3,2,0,0,-37,-22,0
"7219","Blue","Neither","Red","Red",45,1,8,10,0,16347,6.8,16992,185,40,-559,-794,15,4,7,4,0,16906,7,17786,215,49,0,30,-3,1,6,-30,-9,-0.2
"7220","Blue","Red","Neither","Blue",35,4,13,11,1,20341,7.4,19192,235,40,3202,2467,24,6,8,10,0,17139,6.6,16725,189,48,1,11,-2,5,1,46,-8,0.800000000000001
"7221","Red","Neither","Red","Blue",21,4,5,3,0,16507,7.2,18410,228,58,731,44,20,4,6,8,0,15776,7.2,18366,203,47,0,1,0,-1,-5,25,11,0
"7222","Red","Blue","Neither","Red",103,1,2,0,0,13649,6.8,17258,199,52,-2497,-1239,13,3,5,4,0,16146,7,18497,211,60,0,90,-2,-3,-4,-12,-8,-0.2
"7223","Red","Neither","Neither","Blue",13,1,6,9,0,15377,6.4,15779,191,32,-4853,-3538,16,1,11,7,1,20230,7,19317,230,59,-1,-3,0,-5,2,-39,-27,-0.6
"7224","Red","Red","Blue","Blue",34,7,2,3,0,15345,7.2,18848,230,64,-164,1358,19,3,3,7,0,15509,6.6,17490,236,55,0,15,4,-1,-4,-6,9,0.600000000000001
"7225","Red","Red","Neither","Blue",21,2,3,3,0,14426,6.6,16666,205,42,-3954,-1940,18,7,9,7,1,18380,7.2,18606,254,56,-1,3,-5,-6,-4,-49,-14,-0.600000000000001
"7226","Red","Blue","Neither","Red",16,1,7,4,0,16518,7,18036,229,43,176,943,10,1,7,9,0,16342,6.6,17093,200,38,0,6,0,0,-5,29,5,0.4
"7227","Red","Blue","Red","Red",12,0,1,0,0,14112,6.8,17265,232,48,-2720,-2419,52,2,6,4,0,16832,7.4,19684,247,57,0,-40,-2,-5,-4,-15,-9,-0.600000000000001
"7228","Red","Red","Red","Red",24,3,6,8,0,16809,7.4,19023,225,68,226,557,52,4,5,7,0,16583,7.2,18466,239,64,0,-28,-1,1,1,-14,4,0.2
"7229","Red","Blue","Red","Blue",12,0,7,6,0,17011,7.2,18754,231,48,-2215,-138,13,0,8,13,2,19226,7,18892,206,62,-2,-1,0,-1,-7,25,-14,0.2
"7230","Red","Blue","Neither","Blue",16,5,6,6,0,16928,7.2,18438,236,52,1071,-35,18,3,3,0,0,15857,7.2,18473,254,71,0,-2,2,3,6,-18,-19,0
"7231","Red","Red","Neither","Red",14,3,3,2,0,14016,6.6,16299,190,52,-4534,-2709,11,5,11,13,0,18550,7.2,19008,228,47,0,3,-2,-8,-11,-38,5,-0.600000000000001
"7232","Blue","Neither","Neither","Red",20,7,7,10,0,16082,6.8,17134,199,49,287,289,31,4,4,4,0,15795,6.6,16845,209,52,0,-11,3,3,6,-10,-3,0.2
"7233","Blue","Blue","Blue","Blue",13,2,10,12,0,18851,7.4,19537,230,52,4064,2564,11,3,3,5,0,14787,6.8,16973,195,40,0,2,-1,7,7,35,12,0.600000000000001
"7234","Blue","Blue","Blue","Blue",43,3,10,6,1,19994,7.6,20865,248,56,5475,3713,19,2,3,2,0,14519,7,17152,217,48,1,24,1,7,4,31,8,0.6
"7235","Red","Neither","Neither","Red",18,6,8,9,0,17935,7,18860,226,55,2070,1331,18,4,5,5,0,15865,6.8,17529,214,55,0,0,2,3,4,12,0,0.2
"7236","Red","Neither","Neither","Red",61,2,3,4,0,13539,6.6,15736,163,48,-5293,-3777,31,2,10,13,0,18832,7.4,19513,236,63,0,30,0,-7,-9,-73,-15,-0.800000000000001
"7237","Red","Red","Neither","Red",15,2,2,1,0,13874,6.6,17105,203,52,-4231,-3158,17,5,8,7,0,18105,7.6,20263,248,69,0,-2,-3,-6,-6,-45,-17,-1
"7238","Blue","Neither","Neither","Blue",13,2,7,7,0,16920,7,17906,204,60,1563,901,16,3,6,8,0,15357,6.8,17005,178,56,0,-3,-1,1,-1,26,4,0.2
"7239","Blue","Red","Neither","Red",18,5,9,5,0,17484,7.2,18682,222,52,-978,-535,16,5,12,13,0,18462,7,19217,213,49,0,2,0,-3,-8,9,3,0.2
"7240","Red","Neither","Neither","Red",16,1,9,9,0,16731,7,17994,191,52,-1625,-442,13,5,10,12,0,18356,7,18436,229,34,0,3,-4,-1,-3,-38,18,0
"7241","Red","Red","Neither","Red",17,4,7,5,0,16374,6.6,17432,194,54,-255,1128,23,1,7,7,0,16629,6.8,16304,194,50,0,-6,3,0,-2,0,4,-0.2
"7242","Red","Blue","Neither","Blue",17,6,5,4,0,15706,6.8,18183,219,48,-578,-1149,21,2,5,2,0,16284,7.2,19332,240,60,0,-4,4,0,2,-21,-12,-0.4
"7243","Red","Blue","Neither","Blue",18,3,2,2,0,14368,6.8,16711,201,52,-5683,-5256,19,5,13,13,0,20051,8,21967,270,49,0,-1,-2,-11,-11,-69,3,-1.2
"7244","Red","Neither","Neither","Blue",11,0,5,5,0,15081,6.2,15753,195,41,-1492,-1219,19,2,9,14,0,16573,6.6,16972,218,22,0,-8,-2,-4,-9,-23,19,-0.399999999999999
"7245","Red","Neither","Neither","Red",18,2,8,5,0,16077,6.8,16712,180,48,-3056,-2462,17,4,13,12,0,19133,7.2,19174,223,38,0,1,-2,-5,-7,-43,10,-0.4
"7246","Red","Red","Red","Red",16,2,3,3,0,15092,7,18501,204,70,-1857,-699,19,2,6,6,0,16949,7.2,19200,252,53,0,-3,0,-3,-3,-48,17,-0.2
"7247","Blue","Blue","Red","Red",15,3,3,2,0,14986,6.8,17946,220,72,-2042,-436,15,2,5,6,1,17028,7,18382,232,24,-1,0,1,-2,-4,-12,48,-0.2
"7248","Blue","Blue","Neither","Blue",18,4,6,7,0,16894,7.2,19048,234,47,2647,1140,13,3,1,1,0,14247,6.8,17908,217,64,0,5,1,5,6,17,-17,0.4
"7249","Red","Neither","Neither","Red",28,2,3,3,0,14525,6.6,16786,201,56,-5011,-2444,22,1,7,5,1,19536,7.2,19230,244,52,-1,6,1,-4,-2,-43,4,-0.600000000000001
"7250","Blue","Neither","Blue","Blue",16,1,8,6,2,18618,7.2,19304,223,39,4343,2636,29,4,1,1,0,14275,6.8,16668,190,75,2,-13,-3,7,5,33,-36,0.4
"7251","Red","Red","Red","Red",39,0,3,3,0,15345,6.6,17067,226,44,-192,-287,59,3,6,8,0,15537,6.8,17354,191,39,0,-20,-3,-3,-5,35,5,-0.2
"7252","Blue","Blue","Neither","Red",19,2,9,10,0,17967,7,18521,209,52,3066,2798,15,4,5,4,0,14901,6.4,15723,177,31,0,4,-2,4,6,32,21,0.6
"7253","Blue","Red","Red","Blue",23,2,13,15,0,19484,7.2,19688,235,50,4694,2781,14,1,3,3,0,14790,6.6,16907,196,59,0,9,1,10,12,39,-9,0.600000000000001
"7254","Red","Red","Red","Red",14,1,3,3,0,14508,6.8,17217,200,48,-3968,-2461,15,1,6,7,1,18476,7.2,19678,243,76,-1,-1,0,-3,-4,-43,-28,-0.4
"7255","Blue","Blue","Neither","Blue",18,7,8,8,0,17505,7.2,19310,223,59,786,1888,17,2,6,7,0,16719,6.6,17422,220,44,0,1,5,2,1,3,15,0.600000000000001
"7256","Blue","Red","Neither","Blue",15,5,7,9,0,17428,7.4,18741,219,56,2444,561,16,2,2,1,0,14984,6.8,18180,242,52,0,-1,3,5,8,-23,4,0.600000000000001
"7257","Blue","Neither","Neither","Blue",18,4,8,7,0,17336,7.2,19025,218,60,691,696,20,4,9,7,0,16645,7,18329,192,40,0,-2,0,-1,0,26,20,0.2
"7258","Blue","Blue","Neither","Red",11,1,4,3,0,15386,7,17872,209,40,-2820,-1143,134,3,9,11,0,18206,7.4,19015,229,40,0,-123,-2,-5,-8,-20,0,-0.4
"7259","Blue","Blue","Neither","Red",14,4,4,6,0,16353,6.8,18091,240,68,246,217,16,4,5,7,0,16107,6.8,17874,227,43,0,-2,0,-1,-1,13,25,0
"7260","Blue","Neither","Neither","Red",12,0,7,7,0,16697,7,18511,211,43,-864,-865,13,3,8,8,0,17561,7.2,19376,226,52,0,-1,-3,-1,-1,-15,-9,-0.2
"7261","Blue","Blue","Neither","Red",21,3,3,3,0,14850,6.8,17967,226,57,-858,847,21,3,4,5,0,15708,6.8,17120,239,44,0,0,0,-1,-2,-13,13,0
"7262","Red","Neither","Neither","Red",15,4,3,4,0,14879,6.6,16931,217,35,-1775,-722,35,3,6,4,0,16654,6.8,17653,215,56,0,-20,1,-3,0,2,-21,-0.2
"7263","Red","Blue","Neither","Blue",17,3,10,11,0,18454,7.2,19370,230,53,1455,602,19,4,7,5,0,16999,7,18768,247,48,0,-2,-1,3,6,-17,5,0.2
"7264","Blue","Red","Neither","Red",17,5,1,0,0,14334,7,18293,242,52,-1878,-178,22,2,4,6,0,16212,7,18471,262,56,0,-5,3,-3,-6,-20,-4,0
"7265","Blue","Blue","Red","Red",17,5,4,4,1,17490,7,18903,233,56,2755,1492,39,2,3,3,0,14735,7,17411,197,52,1,-22,3,1,1,36,4,0
"7266","Blue","Blue","Neither","Blue",30,3,13,14,0,19526,7.4,19551,225,53,3003,3063,13,1,7,9,0,16523,6.6,16488,200,57,0,17,2,6,5,25,-4,0.800000000000001
"7267","Blue","Blue","Neither","Blue",16,2,10,12,0,18439,7.2,18689,223,39,1894,99,12,4,6,5,0,16545,7,18590,203,48,0,4,-2,4,7,20,-9,0.2
"7268","Red","Blue","Red","Blue",44,5,9,9,0,17375,7.2,18906,210,46,-522,269,16,0,8,7,1,17897,7,18637,190,46,-1,28,5,1,2,20,0,0.2
"7269","Blue","Blue","Neither","Red",13,3,8,9,0,17367,7,19496,215,67,1992,2096,12,3,5,4,0,15375,6.6,17400,211,44,0,1,0,3,5,4,23,0.4
"7270","Blue","Red","Red","Red",16,1,7,5,0,16354,6.8,18198,213,41,-1256,-559,17,2,7,5,0,17610,7,18757,226,62,0,-1,-1,0,0,-13,-21,-0.2
"7271","Red","Neither","Neither","Red",36,4,5,5,0,15708,6.8,17420,220,41,-1127,-2006,13,2,7,4,0,16835,7,19426,226,52,0,23,2,-2,1,-6,-11,-0.2
"7272","Red","Blue","Blue","Blue",38,5,3,5,0,15427,6.8,16873,209,48,-1186,-1760,21,3,6,2,0,16613,7.2,18633,230,54,0,17,2,-3,3,-21,-6,-0.4
"7273","Red","Blue","Blue","Blue",14,4,9,10,0,16851,6.6,17153,190,41,-1328,-1142,37,4,6,6,1,18179,7,18295,227,41,-1,-23,0,3,4,-37,0,-0.4
"7274","Red","Red","Neither","Blue",18,3,6,6,0,15786,6.8,16824,193,34,-1818,-2061,19,2,7,4,0,17604,7.2,18885,246,61,0,-1,1,-1,2,-53,-27,-0.4
"7275","Red","Neither","Neither","Blue",15,0,8,5,0,16319,6.8,17715,217,32,-1228,11,11,1,9,9,0,17547,6.8,17704,191,47,0,4,-1,-1,-4,26,-15,0
"7276","Red","Blue","Neither","Blue",15,4,2,1,0,14324,6.6,16757,211,49,-2638,-1671,16,1,7,6,0,16962,6.8,18428,244,42,0,-1,3,-5,-5,-33,7,-0.2
"7277","Blue","Red","Red","Red",13,1,7,7,0,16064,7,17943,181,48,41,178,11,2,6,5,0,16023,6.8,17765,206,52,0,2,-1,1,2,-25,-4,0.2
"7278","Blue","Blue","Neither","Blue",19,4,10,10,0,18013,7.2,18223,228,51,1446,-143,18,5,6,5,0,16567,7,18366,216,63,0,1,-1,4,5,12,-12,0.2
"7279","Red","Red","Neither","Red",15,1,4,4,0,15890,7,17797,229,49,-2782,-1742,15,1,9,10,0,18672,7,19539,235,62,0,0,0,-5,-6,-6,-13,0
"7280","Red","Red","Neither","Red",57,3,4,3,0,15492,6.6,17869,218,44,-310,-392,17,4,6,7,0,15802,7.2,18261,192,67,0,40,-1,-2,-4,26,-23,-0.600000000000001
"7281","Red","Red","Neither","Blue",18,2,4,3,0,16281,7.2,18349,219,64,699,-254,16,2,5,7,0,15582,7.2,18603,200,66,0,2,0,-1,-4,19,-2,0
"7282","Red","Blue","Red","Red",41,2,2,4,0,15032,7,18462,232,68,-2785,-453,22,3,7,7,0,17817,7.2,18915,228,55,0,19,-1,-5,-3,4,13,-0.2
"7283","Red","Neither","Neither","Red",34,5,6,7,0,16777,7.2,19056,219,48,-1681,41,19,4,9,9,0,18458,7.4,19015,241,41,0,15,1,-3,-2,-22,7,-0.2
"7284","Red","Neither","Red","Blue",48,3,6,8,0,15708,6.8,16783,197,36,-189,-211,13,1,4,3,0,15897,6.8,16994,244,28,0,35,2,2,5,-47,8,0
"7285","Blue","Blue","Neither","Red",16,3,6,8,0,17505,7.2,18661,240,66,791,1138,16,2,4,5,0,16714,6.6,17523,234,49,0,0,1,2,3,6,17,0.600000000000001
"7286","Red","Blue","Neither","Red",16,2,6,5,0,15889,6.8,16752,220,33,-1248,503,17,3,7,12,1,17137,6.4,16249,191,34,-1,-1,-1,-1,-7,29,-1,0.399999999999999
"7287","Red","Blue","Red","Blue",16,5,12,14,0,19031,7.4,18999,234,40,4188,2399,19,1,3,2,0,14843,6.6,16600,207,52,0,-3,4,9,12,27,-12,0.800000000000001
"7288","Blue","Red","Neither","Red",18,3,10,4,0,18581,7.6,19769,249,55,3301,3347,17,3,4,4,0,15280,6.6,16422,213,40,0,1,0,6,0,36,15,1
"7289","Red","Red","Neither","Blue",13,1,2,4,0,14796,6.4,16514,225,50,-2944,-2835,16,0,6,7,0,17740,7.2,19349,231,49,0,-3,1,-4,-3,-6,1,-0.8
"7290","Red","Blue","Neither","Red",15,8,8,8,0,17429,7.4,19044,239,48,2800,2474,15,5,3,1,0,14629,6.6,16570,197,66,0,0,3,5,7,42,-18,0.800000000000001
"7291","Red","Blue","Red","Red",21,5,9,7,0,17686,7,19734,236,48,1178,2223,41,5,7,5,0,16508,6.8,17511,187,44,0,-20,0,2,2,49,4,0.2
"7292","Red","Red","Red","Red",17,2,6,5,0,16158,7.2,18018,213,48,-900,267,17,4,9,12,0,17058,6.8,17751,177,48,0,0,-2,-3,-7,36,0,0.4
"7293","Red","Red","Red","Red",16,3,4,2,0,14471,6.6,16470,169,48,-4204,-2138,17,2,10,11,0,18675,7.2,18608,227,33,0,-1,1,-6,-9,-58,15,-0.600000000000001
"7294","Blue","Blue","Neither","Blue",156,3,9,10,0,17419,7,18137,209,45,2196,1245,15,2,6,5,0,15223,6.6,16892,192,34,0,141,1,3,5,17,11,0.4
"7295","Blue","Neither","Blue","Red",16,6,10,17,0,17859,7,17682,221,32,1711,264,32,1,6,6,0,16148,6.8,17418,209,44,0,-16,5,4,11,12,-12,0.2
"7296","Blue","Red","Neither","Red",17,2,3,3,0,14546,6.6,16662,200,32,-2560,-1275,43,3,7,6,0,17106,7,17937,203,67,0,-26,-1,-4,-3,-3,-35,-0.4
"7297","Red","Blue","Neither","Red",17,2,11,8,0,17373,6.6,16452,178,41,-1768,-2230,14,0,11,8,0,19141,7.2,18682,198,41,0,3,2,0,0,-20,0,-0.600000000000001
"7298","Blue","Neither","Neither","Red",16,5,8,9,0,17239,7.2,18395,209,46,1436,1824,46,3,4,2,0,15803,6.6,16571,225,53,0,-30,2,4,7,-16,-7,0.600000000000001
"7299","Red","Red","Neither","Blue",12,2,10,14,0,18178,7,17725,213,34,342,-646,15,1,9,8,0,17836,7,18371,222,54,0,-3,1,1,6,-9,-20,0
"7300","Red","Blue","Neither","Red",17,0,9,8,0,16690,6.6,17356,215,44,170,1174,11,1,10,8,0,16520,6.4,16182,189,36,0,6,-1,-1,0,26,8,0.199999999999999
"7301","Red","Red","Red","Red",13,2,1,1,0,13508,6.6,15474,186,50,-5373,-4474,15,4,9,11,0,18881,7.2,19948,241,49,0,-2,-2,-8,-10,-55,1,-0.600000000000001
"7302","Red","Red","Neither","Red",18,3,7,7,0,17122,7,19090,236,44,360,1102,36,4,7,7,0,16762,7,17988,187,55,0,-18,-1,0,0,49,-11,0
"7303","Red","Red","Neither","Blue",13,2,5,11,0,16429,6.6,17419,226,51,-448,-1140,14,1,6,7,0,16877,7.2,18559,233,56,0,-1,1,-1,4,-7,-5,-0.600000000000001
"7304","Blue","Neither","Neither","Red",15,2,8,7,0,17556,6.6,17097,192,44,-2089,-835,16,3,17,16,0,19645,6.8,17932,186,36,0,-1,-1,-9,-9,6,8,-0.2
"7305","Red","Red","Neither","Red",17,5,3,3,0,14635,6.6,16718,202,41,-3709,-1017,16,3,10,10,0,18344,6.8,17735,231,39,0,1,2,-7,-7,-29,2,-0.2
"7306","Blue","Neither","Neither","Blue",12,4,10,6,0,17890,7.2,18682,226,45,2961,2627,34,1,4,6,0,14929,6.6,16055,207,26,0,-22,3,6,0,19,19,0.600000000000001
"7307","Red","Red","Neither","Red",13,2,1,2,0,12884,6.4,15586,174,40,-2825,-3105,16,2,2,4,0,15709,7,18691,239,63,0,-3,0,-1,-2,-65,-23,-0.6
"7308","Red","Blue","Neither","Blue",18,5,8,14,0,17160,7,17725,191,66,2841,1484,18,3,3,1,0,14319,6.6,16241,208,57,0,0,2,5,13,-17,9,0.4
"7309","Red","Red","Neither","Red",40,1,3,3,0,14416,6.8,16951,185,38,-3253,-3049,15,15,8,9,0,17669,7.6,20000,229,60,0,25,-14,-5,-6,-44,-22,-0.8
"7310","Blue","Neither","Neither","Red",35,2,10,8,0,18165,7,18510,219,57,2746,999,23,10,6,3,0,15419,6.8,17511,206,49,0,12,-8,4,5,13,8,0.2
"7311","Red","Red","Neither","Red",53,2,3,3,0,14438,6.6,17107,199,39,-2502,-1811,16,6,8,6,0,16940,7,18918,232,50,0,37,-4,-5,-3,-33,-11,-0.4
"7312","Red","Neither","Neither","Red",15,2,7,6,0,16784,7.4,19211,196,64,-1270,1023,15,3,9,10,0,18054,7.2,18188,210,47,0,0,-1,-2,-4,-14,17,0.2
"7313","Red","Red","Red","Red",17,3,6,5,0,15384,6.6,17040,189,44,-1495,-801,18,3,6,7,0,16879,6.8,17841,211,73,0,-1,0,0,-2,-22,-29,-0.2
"7314","Red","Red","Neither","Blue",15,1,2,1,0,14980,6.4,16246,232,51,-2432,-1788,18,1,9,17,0,17412,7,18034,219,59,0,-3,0,-7,-16,13,-8,-0.6
"7315","Blue","Red","Neither","Blue",15,1,10,11,0,18314,7,17903,219,31,3884,2224,11,0,4,6,0,14430,6.6,15679,167,48,0,4,1,6,5,52,-17,0.4
"7316","Red","Red","Neither","Red",14,1,7,6,0,16548,6.8,17735,224,51,-2133,-256,16,1,11,19,0,18681,7,17991,215,63,0,-2,0,-4,-13,9,-12,-0.2
"7317","Blue","Blue","Neither","Blue",27,3,9,12,0,18329,7.6,20471,225,63,4973,3174,38,2,1,0,0,13356,6.8,17297,199,36,0,-11,1,8,12,26,27,0.8
"7318","Blue","Red","Neither","Blue",19,0,7,8,0,16877,6.8,17631,216,37,338,-272,32,1,6,9,0,16539,7,17903,230,38,0,-13,-1,1,-1,-14,-1,-0.2
"7319","Red","Red","Neither","Red",13,1,4,5,0,14899,6.8,17420,232,32,-3099,-1695,18,4,9,10,0,17998,7.2,19115,227,56,0,-5,-3,-5,-5,5,-24,-0.4
"7320","Red","Blue","Neither","Red",54,4,3,2,0,15630,7.2,18026,236,57,-1655,-881,15,3,5,6,0,17285,7,18907,257,56,0,39,1,-2,-4,-21,1,0.2
"7321","Blue","Neither","Blue","Blue",24,5,9,8,0,18321,6.8,18428,230,46,2788,558,18,0,8,5,0,15533,6.6,17870,183,47,0,6,5,1,3,47,-1,0.2
"7322","Blue","Blue","Blue","Red",16,2,10,7,0,17793,7.2,19322,215,59,508,1164,15,1,9,10,0,17285,7,18158,193,56,0,1,1,1,-3,22,3,0.2
"7323","Red","Red","Neither","Red",17,5,1,2,0,14297,6.6,16721,235,54,-2955,-3054,59,2,5,4,0,17252,7.2,19775,257,68,0,-42,3,-4,-2,-22,-14,-0.600000000000001
"7324","Blue","Red","Neither","Red",10,2,4,2,0,15602,6.6,17116,216,38,-2082,-527,45,2,11,13,0,17684,6.8,17643,199,44,0,-35,0,-7,-11,17,-6,-0.2
"7325","Red","Red","Blue","Blue",13,0,8,10,0,17938,7,18626,239,51,3117,1580,13,0,4,1,0,14821,6.8,17046,196,44,0,0,0,4,9,43,7,0.2
"7326","Blue","Blue","Neither","Blue",17,3,10,11,0,17556,6.8,17943,206,40,2153,799,16,2,5,7,0,15403,6.8,17144,202,51,0,1,1,5,4,4,-11,0
"7327","Blue","Neither","Neither","Blue",53,2,4,4,0,15232,7,17793,209,51,-625,-945,11,1,5,6,0,15857,7.2,18738,215,50,0,42,1,-1,-2,-6,1,-0.2
"7328","Red","Neither","Blue","Red",16,6,4,5,0,15768,6.8,17528,233,48,-1657,-1200,14,4,8,7,0,17425,7,18728,253,44,0,2,2,-4,-2,-20,4,-0.2
"7329","Red","Neither","Neither","Red",16,0,3,6,0,14663,6.4,16086,206,38,-893,-670,17,3,4,4,0,15556,6.8,16756,212,56,0,-1,-3,-1,2,-6,-18,-0.399999999999999
"7330","Blue","Red","Neither","Blue",17,1,7,9,0,17180,7,17511,219,46,1618,934,16,3,4,5,0,15562,6.8,16577,195,60,0,1,-2,3,4,24,-14,0.2
"7331","Blue","Blue","Neither","Red",15,5,7,4,0,16616,7.2,19895,246,43,958,2603,20,0,3,5,0,15658,6.8,17292,229,48,0,-5,5,4,-1,17,-5,0.4
"7332","Red","Blue","Neither","Red",18,0,2,1,0,14555,6.6,16722,232,44,-2459,-2110,61,6,6,10,0,17014,7.2,18832,243,60,0,-43,-6,-4,-9,-11,-16,-0.600000000000001
"7333","Red","Red","Neither","Red",13,3,4,5,0,15614,7,17578,241,53,-816,172,32,3,7,9,0,16430,6.8,17406,234,38,0,-19,0,-3,-4,7,15,0.2
"7334","Blue","Neither","Neither","Blue",15,3,3,3,0,16956,7,18863,270,55,3560,2311,45,2,1,0,0,13396,6.6,16552,198,51,0,-30,1,2,3,72,4,0.4
"7335","Blue","Neither","Neither","Red",13,3,7,8,0,17102,7.2,19068,219,56,2763,2232,15,2,2,1,0,14339,6.8,16836,229,42,0,-2,1,5,7,-10,14,0.4
"7336","Red","Red","Red","Blue",14,2,4,4,0,14869,6.6,16447,188,52,-4659,-3884,18,2,10,14,0,19528,7.4,20331,255,64,0,-4,0,-6,-10,-67,-12,-0.800000000000001
"7337","Blue","Blue","Neither","Blue",15,6,3,3,0,15295,6.8,17054,210,48,98,976,16,2,5,6,0,15197,6.4,16078,213,42,0,-1,4,-2,-3,-3,6,0.399999999999999
"7338","Blue","Neither","Neither","Blue",13,3,5,2,0,16506,6.8,17581,233,56,1922,1355,12,1,3,4,0,14584,6.2,16226,218,20,0,1,2,2,-2,15,36,0.6
"7339","Blue","Blue","Red","Blue",19,2,7,9,1,18745,7,18917,259,48,4783,2851,12,1,0,0,0,13962,6.4,16066,217,64,1,7,1,7,9,42,-16,0.6
"7340","Blue","Red","Blue","Blue",18,1,14,13,0,18802,6.8,18463,213,35,2393,675,9,3,7,6,0,16409,6.8,17788,206,59,0,9,-2,7,7,7,-24,0
"7341","Blue","Red","Blue","Blue",15,1,9,11,0,18677,7,18208,220,44,1334,-236,108,1,8,10,0,17343,6.8,18444,206,60,0,-93,0,1,1,14,-16,0.2
"7342","Blue","Blue","Neither","Blue",23,3,14,18,0,20909,7.4,19188,210,52,3193,1212,14,3,9,9,0,17716,7,17976,183,53,0,9,0,5,9,27,-1,0.4
"7343","Blue","Red","Neither","Blue",19,2,8,8,0,17012,6.8,17394,204,55,-992,-490,18,1,7,8,0,18004,6.8,17884,240,46,0,1,1,1,0,-36,9,0
"7344","Red","Red","Neither","Red",30,4,7,7,0,16559,7,18604,205,45,715,545,16,2,4,4,0,15844,6.8,18059,235,54,0,14,2,3,3,-30,-9,0.2
"7345","Blue","Neither","Neither","Blue",18,1,12,13,0,19884,7.4,19673,226,63,1136,2782,14,3,10,12,0,18748,6.8,16891,211,39,0,4,-2,2,1,15,24,0.600000000000001
"7346","Red","Neither","Neither","Red",17,1,5,8,0,14642,6.4,15759,189,35,-3133,-3803,15,3,8,8,0,17775,7.4,19562,213,59,0,2,-2,-3,0,-24,-24,-1
"7347","Red","Blue","Red","Red",12,2,2,3,0,14120,6.4,16943,217,51,-1443,-36,12,2,4,5,0,15563,6.8,16979,214,51,0,0,0,-2,-2,3,0,-0.399999999999999
"7348","Red","Red","Neither","Red",13,2,6,4,0,15484,7,17528,188,46,-5634,-3787,15,5,14,9,0,21118,7.8,21315,243,52,0,-2,-3,-8,-5,-55,-6,-0.8
"7349","Red","Red","Neither","Blue",15,6,3,3,0,15392,7,17891,232,51,1232,114,23,3,1,2,0,14160,6.8,17777,223,52,0,-8,3,2,1,9,-1,0.2
"7350","Red","Red","Neither","Blue",17,2,5,4,0,16568,7,18504,239,51,-1163,-1130,30,5,8,11,0,17731,7.4,19634,223,72,0,-13,-3,-3,-7,16,-21,-0.4
"7351","Blue","Neither","Neither","Blue",14,2,9,12,0,17140,6.6,16531,167,30,-791,-961,16,2,11,11,0,17931,7,17492,214,40,0,-2,0,-2,1,-47,-10,-0.4
"7352","Red","Blue","Neither","Red",12,5,7,8,0,16695,7.2,19057,189,66,-771,483,17,2,9,6,0,17466,7,18574,244,40,0,-5,3,-2,2,-55,26,0.2
"7353","Red","Red","Neither","Red",26,0,12,13,0,17513,6.8,17486,193,48,-773,-734,15,4,10,11,0,18286,6.8,18220,208,54,0,11,-4,2,2,-15,-6,0
"7354","Red","Blue","Blue","Red",20,3,8,7,0,17299,7,18331,218,48,-1143,-1447,16,7,9,6,0,18442,7.2,19778,233,60,0,4,-4,-1,1,-15,-12,-0.2
"7355","Blue","Neither","Neither","Red",14,6,4,3,0,16581,7,19116,254,51,1103,1356,21,3,5,3,0,15478,6.8,17760,205,52,0,-7,3,-1,0,49,-1,0.2
"7356","Blue","Red","Red","Blue",14,2,4,4,0,17137,7.4,19582,261,64,1482,41,14,1,3,2,0,15655,7.4,19541,230,72,0,0,1,1,2,31,-8,0
"7357","Red","Red","Neither","Red",16,2,6,6,0,16262,7.2,18196,207,68,591,192,16,3,5,5,0,15671,7,18004,217,55,0,0,-1,1,1,-10,13,0.2
"7358","Red","Red","Red","Red",36,2,4,2,0,15719,6.8,17678,211,62,-3558,-2346,12,0,14,9,0,19277,7.4,20024,212,60,0,24,2,-10,-7,-1,2,-0.600000000000001
"7359","Red","Red","Blue","Red",39,3,5,5,0,15824,7.2,19141,221,52,225,1404,128,3,3,6,0,15599,6.8,17737,248,60,0,-89,0,2,-1,-27,-8,0.4
"7360","Blue","Neither","Blue","Red",18,3,8,5,0,17235,7.4,19304,227,53,3613,3509,105,3,2,1,0,13622,6.4,15795,182,50,0,-87,0,6,4,45,3,1
"7361","Red","Blue","Neither","Blue",17,3,7,12,0,17199,7,19299,229,59,1545,1417,16,2,4,5,0,15654,7.2,17882,226,53,0,1,1,3,7,3,6,-0.2
"7362","Red","Red","Neither","Blue",13,1,3,4,0,15716,7,17405,241,56,-411,-2213,14,3,3,1,0,16127,7.2,19618,246,72,0,-1,-2,0,3,-5,-16,-0.2
"7363","Blue","Blue","Neither","Red",17,2,9,9,0,17835,7.4,19830,246,39,2177,1584,15,2,6,4,0,15658,6.8,18246,213,46,0,2,0,3,5,33,-7,0.600000000000001
"7364","Red","Neither","Neither","Red",14,0,1,0,0,10730,4.8,10826,140,0,-10830,-9333,18,7,12,14,2,21560,7.4,20159,241,72,-2,-4,-7,-11,-14,-101,-72,-2.6
"7365","Blue","Blue","Neither","Blue",15,2,10,13,0,18436,6.8,18190,250,51,2312,1079,16,1,6,8,0,16124,6.8,17111,181,48,0,-1,1,4,5,69,3,0
"7366","Red","Blue","Neither","Red",13,9,3,4,0,14017,6.2,15335,185,48,-2309,-2673,35,1,4,5,0,16326,7.2,18008,214,63,0,-22,8,-1,-1,-29,-15,-1
"7367","Red","Neither","Neither","Blue",14,1,7,9,0,15888,6.6,15944,195,36,-1696,-2535,11,3,9,7,0,17584,7.2,18479,186,52,0,3,-2,-2,2,9,-16,-0.600000000000001
"7368","Blue","Neither","Blue","Blue",13,1,8,11,0,17185,6.8,16790,193,35,-246,-870,13,2,8,8,0,17431,6.8,17660,208,75,0,0,-1,0,3,-15,-40,0
"7369","Red","Red","Blue","Blue",14,1,5,2,0,15358,6.6,17220,223,40,543,-624,11,2,3,3,0,14815,7,17844,199,67,0,3,-1,2,-1,24,-27,-0.4
"7370","Blue","Red","Neither","Blue",14,2,6,9,0,15448,6.8,16856,180,47,58,203,39,4,5,6,0,15390,6.6,16653,201,48,0,-25,-2,1,3,-21,-1,0.2
"7371","Blue","Blue","Neither","Blue",68,19,9,9,0,17913,7,19123,249,56,2185,1440,36,2,3,5,0,15728,6.6,17683,231,48,0,32,17,6,4,18,8,0.4
"7372","Blue","Blue","Neither","Blue",22,2,6,9,0,16231,6.8,17392,222,50,124,-2259,13,3,4,2,0,16107,7.4,19651,239,68,0,9,-1,2,7,-17,-18,-0.600000000000001
"7373","Red","Blue","Neither","Red",18,2,3,4,0,14878,6.4,16786,213,47,-4657,-4000,39,4,10,11,1,19535,7.6,20786,244,56,-1,-21,-2,-7,-7,-31,-9,-1.2
"7374","Red","Red","Blue","Red",19,3,3,1,0,15229,7,18526,242,44,511,-29,17,5,3,0,0,14718,7,18555,209,74,0,2,-2,0,1,33,-30,0
"7375","Blue","Red","Neither","Red",12,1,12,19,0,19933,7.2,19756,248,36,4171,3497,15,0,5,7,0,15762,6.4,16259,202,56,0,-3,1,7,12,46,-20,0.8
"7376","Red","Red","Neither","Red",11,1,3,1,0,14637,6.6,17059,210,55,-3368,-2587,36,1,10,10,0,18005,7.4,19646,236,41,0,-25,0,-7,-9,-26,14,-0.800000000000001
"7377","Blue","Red","Neither","Red",80,5,5,3,0,16637,6.8,17846,219,40,-2368,618,56,6,10,14,1,19005,7,17228,224,48,-1,24,-1,-5,-11,-5,-8,-0.2
"7378","Blue","Blue","Neither","Blue",12,8,8,7,0,16840,7.2,19004,193,51,-144,-157,42,3,7,7,0,16984,7.2,19161,218,56,0,-30,5,1,0,-25,-5,0
"7379","Red","Blue","Neither","Red",27,1,4,1,0,14358,6.8,18106,190,70,-2128,264,18,2,6,5,0,16486,7,17842,227,50,0,9,-1,-2,-4,-37,20,-0.2
"7380","Red","Blue","Red","Blue",15,3,4,5,0,15403,6.6,17392,242,48,-2613,-1974,40,3,10,15,0,18016,7,19366,230,48,0,-25,0,-6,-10,12,0,-0.4
"7381","Red","Red","Neither","Red",11,2,6,8,0,16328,6.8,17459,221,40,-1325,-959,14,1,9,8,0,17653,7.2,18418,234,60,0,-3,1,-3,0,-13,-20,-0.4
"7382","Blue","Blue","Neither","Blue",18,4,8,6,0,16166,6.8,17100,188,49,-209,-353,16,3,6,9,0,16375,7,17453,215,59,0,2,1,2,-3,-27,-10,-0.2
"7383","Red","Neither","Neither","Red",17,3,1,0,0,13458,6.6,16195,221,36,-4232,-2456,26,1,9,8,0,17690,7.2,18651,225,35,0,-9,2,-8,-8,-4,1,-0.600000000000001
"7384","Blue","Blue","Neither","Red",17,0,4,4,0,15613,7,17643,229,56,-716,637,15,3,6,3,0,16329,6.8,17006,213,45,0,2,-3,-2,1,16,11,0.2
"7385","Red","Red","Neither","Red",17,1,6,5,0,16819,7,18039,244,54,1621,128,18,2,4,2,0,15198,6.8,17911,219,55,0,-1,-1,2,3,25,-1,0.2
"7386","Red","Red","Red","Red",13,1,3,4,0,14815,6.4,16969,221,42,-2541,-1921,8,2,5,3,1,17356,7,18890,237,61,-1,5,-1,-2,1,-16,-19,-0.6
"7387","Red","Red","Red","Red",12,1,6,7,0,16186,6.6,17103,207,35,-2072,-1355,15,1,10,10,0,18258,7,18458,211,51,0,-3,0,-4,-3,-4,-16,-0.4
"7388","Red","Red","Red","Red",12,5,4,7,0,16538,6.8,18285,253,64,239,-305,51,2,4,6,0,16299,7.2,18590,243,59,0,-39,3,0,1,10,5,-0.4
"7389","Red","Red","Neither","Red",14,2,4,6,0,14291,6.8,16706,178,44,-3378,-2082,14,1,8,10,0,17669,7.2,18788,233,45,0,0,1,-4,-4,-55,-1,-0.4
"7390","Red","Red","Neither","Blue",15,4,4,7,0,15399,7,17209,217,47,-1589,-575,18,3,6,11,0,16988,7,17784,210,48,0,-3,1,-2,-4,7,-1,0
"7391","Red","Red","Blue","Red",15,1,2,1,0,13726,6.2,16098,184,52,-4474,-5216,16,3,10,8,0,18200,7.6,21314,236,68,0,-1,-2,-8,-7,-52,-16,-1.4
"7392","Blue","Neither","Neither","Red",16,2,9,9,0,17776,6.8,17464,211,33,90,-540,15,2,10,10,0,17686,6.8,18004,203,44,0,1,0,-1,-1,8,-11,0
"7393","Blue","Blue","Neither","Blue",13,2,12,10,0,18913,7.2,19076,183,55,1051,12,13,0,10,7,0,17862,7.2,19064,209,40,0,0,2,2,3,-26,15,0
"7394","Blue","Blue","Neither","Blue",14,4,11,12,0,17317,7,18842,226,40,2022,970,122,2,3,2,0,15295,6.8,17872,242,50,0,-108,2,8,10,-16,-10,0.2
"7395","Red","Neither","Neither","Blue",79,4,8,7,0,17809,7,18479,238,48,2278,2211,15,3,6,8,0,15531,6.4,16268,189,44,0,64,1,2,-1,49,4,0.6
"7396","Blue","Blue","Neither","Blue",15,1,7,6,0,16474,7,18843,225,52,2402,2440,10,0,1,1,0,14072,6.4,16403,206,54,0,5,1,6,5,19,-2,0.6
"7397","Blue","Red","Red","Red",17,0,10,7,0,16915,7,19035,214,38,-1716,-1094,10,2,11,11,0,18631,7.6,20129,238,60,0,7,-2,-1,-4,-24,-22,-0.6
"7398","Red","Blue","Neither","Red",15,19,3,2,0,14964,7,17928,235,52,-973,-1732,48,3,3,1,0,15937,7.2,19660,251,76,0,-33,16,0,1,-16,-24,-0.2
"7399","Blue","Red","Neither","Red",14,1,13,11,0,19253,7.2,19378,212,48,3044,1261,11,0,7,5,0,16209,7.2,18117,212,55,0,3,1,6,6,0,-7,0
"7400","Red","Red","Red","Red",18,0,2,3,0,14797,6.8,16690,213,52,-4265,-3190,14,2,9,7,1,19062,7.2,19880,244,60,-1,4,-2,-7,-4,-31,-8,-0.4
"7401","Blue","Neither","Neither","Red",14,2,9,8,0,17642,7.2,18820,227,53,1794,2548,16,2,8,3,0,15848,6.4,16272,179,48,0,-2,0,1,5,48,5,0.8
"7402","Red","Red","Neither","Red",19,0,3,4,0,14462,6.4,16255,210,43,-2247,-1501,91,2,8,7,0,16709,6.8,17756,213,64,0,-72,-2,-5,-3,-3,-21,-0.399999999999999
"7403","Blue","Neither","Neither","Red",17,1,10,3,0,16993,7.2,19167,195,61,-1019,699,29,5,10,10,0,18012,7.2,18468,202,38,0,-12,-4,0,-7,-7,23,0
"7404","Red","Neither","Neither","Red",35,1,3,0,0,14149,6.6,17085,189,49,-3960,-2533,12,1,9,9,0,18109,7.2,19618,220,52,0,23,0,-6,-9,-31,-3,-0.600000000000001
"7405","Blue","Blue","Neither","Blue",16,4,10,8,0,18633,6.8,18488,231,44,4235,3554,15,3,5,4,0,14398,6.2,14934,164,48,0,1,1,5,4,67,-4,0.6
"7406","Blue","Blue","Neither","Red",14,3,8,5,0,17421,7.4,19535,244,49,-108,1254,14,2,8,9,0,17529,7,18281,212,58,0,0,1,0,-4,32,-9,0.4
"7407","Red","Red","Blue","Red",14,4,1,0,0,14112,6.8,17417,202,52,-1309,351,18,3,4,7,0,15421,6.6,17066,205,53,0,-4,1,-3,-7,-3,-1,0.2
"7408","Red","Neither","Neither","Blue",11,2,10,10,1,19095,7.2,19444,219,44,2999,2184,12,1,4,2,0,16096,6.6,17260,204,48,1,-1,1,6,8,15,-4,0.600000000000001
"7409","Blue","Blue","Neither","Red",16,5,8,7,0,16770,7.4,19515,212,52,402,1641,18,5,5,6,0,16368,6.8,17874,222,52,0,-2,0,3,1,-10,0,0.600000000000001
"7410","Red","Red","Neither","Red",41,0,8,9,0,17430,6.8,17345,210,33,421,-755,16,2,7,7,0,17009,7,18100,216,42,0,25,-2,1,2,-6,-9,-0.2
"7411","Red","Blue","Neither","Red",12,2,5,9,0,15011,6.4,15341,173,50,-1071,-1810,19,1,6,3,0,16082,6.6,17151,226,44,0,-7,1,-1,6,-53,6,-0.199999999999999
"7412","Red","Red","Blue","Red",14,2,0,0,0,13475,6.2,15686,206,71,-5840,-2412,16,6,11,16,0,19315,7,18098,262,49,0,-2,-4,-11,-16,-56,22,-0.8
"7413","Red","Red","Neither","Red",16,2,2,1,0,13581,7,17687,201,46,-1885,-366,25,4,3,5,0,15466,7.2,18053,246,54,0,-9,-2,-1,-4,-45,-8,-0.2
"7414","Blue","Blue","Blue","Blue",15,0,10,11,0,16743,6.6,17531,189,44,52,221,14,2,7,5,0,16691,6.8,17310,208,38,0,1,-2,3,6,-19,6,-0.2
"7415","Blue","Blue","Neither","Blue",14,3,5,5,0,16331,7,17720,231,44,-377,-1234,21,5,6,7,0,16708,7.2,18954,229,56,0,-7,-2,-1,-2,2,-12,-0.2
"7416","Red","Neither","Blue","Red",18,3,7,10,0,15948,6.6,16134,185,39,-361,-1022,19,2,6,7,0,16309,6.8,17156,196,44,0,-1,1,1,3,-11,-5,-0.2
"7417","Blue","Blue","Blue","Blue",18,1,9,6,0,19155,7.6,20750,251,88,4526,2759,14,4,3,3,0,14629,7,17991,192,48,0,4,-3,6,3,59,40,0.6
"7418","Blue","Red","Blue","Blue",26,1,6,7,1,17312,6.6,16818,209,50,1139,-885,17,2,6,8,0,16173,6.8,17703,208,52,1,9,-1,0,-1,1,-2,-0.2
"7419","Blue","Neither","Neither","Blue",17,2,7,8,0,16990,6.8,17608,187,60,2565,1235,14,4,3,2,0,14425,6.4,16373,212,41,0,3,-2,4,6,-25,19,0.399999999999999
"7420","Blue","Blue","Neither","Red",22,9,12,14,0,17785,7,17490,183,28,376,-470,139,1,7,7,0,17409,6.8,17960,207,48,0,-117,8,5,7,-24,-20,0.2
"7421","Red","Neither","Neither","Blue",15,1,4,0,0,15704,6.6,16968,210,52,-322,-716,13,1,8,14,0,16026,7,17684,179,32,0,2,0,-4,-14,31,20,-0.4
"7422","Blue","Blue","Neither","Red",14,3,4,4,0,17055,7.2,19132,228,80,1400,488,14,3,4,3,0,15655,7.2,18644,235,47,0,0,0,0,1,-7,33,0
"7423","Red","Blue","Neither","Blue",16,4,10,11,0,17538,7,19111,219,48,34,145,16,2,6,6,0,17504,7.2,18966,225,68,0,0,2,4,5,-6,-20,-0.2
"7424","Blue","Red","Red","Blue",18,5,4,7,0,15340,6.6,16902,213,43,-885,-1554,18,7,5,5,0,16225,7.2,18456,240,60,0,0,-2,-1,2,-27,-17,-0.600000000000001
"7425","Red","Neither","Neither","Red",15,1,6,4,0,15679,6.4,16997,188,53,-3209,-2726,16,2,10,8,0,18888,7.2,19723,233,48,0,-1,-1,-4,-4,-45,5,-0.8
"7426","Blue","Red","Neither","Red",39,2,7,9,0,16391,7,17955,209,39,129,230,35,2,7,5,0,16262,6.6,17725,199,63,0,4,0,0,4,10,-24,0.4
"7427","Blue","Blue","Red","Red",13,5,12,15,0,19362,7.2,18101,221,36,870,130,38,2,8,8,1,18492,7,17971,216,36,-1,-25,3,4,7,5,0,0.2
"7428","Red","Red","Red","Red",17,3,1,1,0,14049,6.6,16350,194,47,-2798,-3625,48,3,4,5,0,16847,7.4,19975,248,68,0,-31,0,-3,-4,-54,-21,-0.800000000000001
"7429","Blue","Blue","Neither","Red",12,2,12,9,0,17905,7.2,18292,195,39,482,466,91,2,9,10,0,17423,7,17826,159,68,0,-79,0,3,-1,36,-29,0.2
"7430","Blue","Blue","Neither","Red",17,4,7,6,0,17329,7.4,19569,239,54,1257,1123,14,2,4,3,0,16072,7.2,18446,242,57,0,3,2,3,3,-3,-3,0.2
"7431","Red","Neither","Neither","Red",20,3,7,11,0,16699,7,17566,195,51,-967,-263,20,5,10,8,0,17666,7.2,17829,208,54,0,0,-2,-3,3,-13,-3,-0.2
"7432","Red","Red","Blue","Blue",8,0,7,7,1,16859,7,17173,198,47,-2416,-2252,12,2,10,12,1,19275,7.4,19425,221,39,0,-4,-2,-3,-5,-23,8,-0.4
"7433","Red","Red","Neither","Red",35,0,4,7,0,14800,7,18190,207,52,-1808,-259,17,2,6,9,0,16608,7.2,18449,231,60,0,18,-2,-2,-2,-24,-8,-0.2
"7434","Blue","Red","Neither","Blue",16,6,5,5,0,15452,6.6,16236,195,35,926,-849,17,2,4,4,0,14526,6.8,17085,186,44,0,-1,4,1,1,9,-9,-0.2
"7435","Red","Blue","Neither","Red",16,1,7,6,0,16981,7.2,19169,232,50,1621,1793,13,1,3,4,0,15360,6.8,17376,236,47,0,3,0,4,2,-4,3,0.4
"7436","Blue","Neither","Red","Blue",18,3,5,5,0,15735,7,17967,219,48,1558,1567,17,5,1,1,0,14177,6.6,16400,202,63,0,1,-2,4,4,17,-15,0.4
"7437","Blue","Blue","Neither","Red",40,5,3,3,0,15458,7.2,19132,219,64,98,984,16,3,4,2,0,15360,7,18148,240,48,0,24,2,-1,1,-21,16,0.2
"7438","Red","Red","Neither","Blue",17,3,9,10,0,16515,6.6,16954,198,42,1547,1218,16,3,5,4,0,14968,6.4,15736,193,44,0,1,0,4,6,5,-2,0.199999999999999
"7439","Red","Red","Neither","Blue",22,1,5,4,0,16275,6.8,16965,221,40,-2001,-2536,37,2,11,13,0,18276,7.2,19501,193,68,0,-15,-1,-6,-9,28,-28,-0.4
"7440","Blue","Red","Neither","Red",18,3,5,6,0,16150,6.8,16981,207,55,-1166,-988,17,5,7,12,0,17316,7,17969,218,60,0,1,-2,-2,-6,-11,-5,-0.2
"7441","Blue","Blue","Blue","Red",10,9,9,6,0,17913,6.8,18248,217,37,785,1373,40,3,9,15,0,17128,6.8,16875,191,40,0,-30,6,0,-9,26,-3,0
"7442","Red","Red","Neither","Red",78,2,3,3,0,15623,7,17536,224,44,-1160,-592,16,1,7,13,0,16783,7.2,18128,194,53,0,62,1,-4,-10,30,-9,-0.2
"7443","Blue","Blue","Neither","Red",12,2,6,9,0,16405,7.2,18231,233,47,1410,1243,12,2,2,3,0,14995,6.6,16988,235,52,0,0,0,4,6,-2,-5,0.600000000000001
"7444","Blue","Blue","Neither","Red",16,2,6,3,0,16912,7,19261,253,60,750,1293,17,3,5,3,0,16162,7,17968,233,40,0,-1,-1,1,0,20,20,0
"7445","Blue","Blue","Neither","Blue",24,0,5,5,0,17092,7.2,19011,242,63,2788,1325,17,2,2,2,0,14304,6.8,17686,215,44,0,7,-2,3,3,27,19,0.4
"7446","Blue","Blue","Neither","Blue",15,2,6,5,0,17056,7.2,18811,234,48,739,711,14,0,5,6,0,16317,6.8,18100,231,53,0,1,2,1,-1,3,-5,0.4
"7447","Blue","Red","Neither","Red",133,5,4,2,0,15039,6.8,17278,221,52,-960,-1743,15,3,5,2,0,15999,7,19021,232,60,0,118,2,-1,0,-11,-8,-0.2
"7448","Blue","Red","Neither","Blue",10,1,10,8,0,17465,6.8,17968,218,51,1428,463,42,3,5,9,0,16037,6.8,17505,222,40,0,-32,-2,5,-1,-4,11,0
"7449","Blue","Blue","Blue","Blue",40,1,10,16,0,18989,7.2,19584,201,67,2545,1695,40,3,7,11,0,16444,7,17889,212,38,0,0,-2,3,5,-11,29,0.2
"7450","Red","Red","Neither","Blue",14,2,4,4,0,14663,6.6,16512,242,16,-2405,-2654,13,4,7,5,0,17068,7.2,19166,235,64,0,1,-2,-3,-1,7,-48,-0.600000000000001
"7451","Blue","Blue","Red","Red",16,3,3,4,0,15208,6.8,17411,224,47,-1318,406,18,1,6,12,0,16526,7,17005,211,47,0,-2,2,-3,-8,13,0,-0.2
"7452","Red","Blue","Red","Blue",21,17,9,11,0,18036,6.8,17340,213,34,-1501,-3119,37,4,9,10,0,19537,7.6,20459,221,74,0,-16,13,0,1,-8,-40,-0.8
"7453","Red","Blue","Blue","Blue",22,7,8,10,0,17875,7.2,18665,205,53,984,1142,21,1,8,8,0,16891,7,17523,227,27,0,1,6,0,2,-22,26,0.2
"7454","Red","Red","Neither","Blue",14,1,5,4,0,15985,6.8,17576,223,47,-974,-1978,13,3,10,11,0,16959,7.2,19554,188,37,0,1,-2,-5,-7,35,10,-0.4
"7455","Red","Blue","Red","Blue",49,4,6,10,1,17035,6.6,16379,187,40,1385,-827,191,4,7,6,0,15650,6.6,17206,179,59,1,-142,0,-1,4,8,-19,0
"7456","Blue","Neither","Neither","Blue",15,4,7,8,0,17602,6.8,18119,254,52,2956,2140,20,2,3,4,0,14646,6.4,15979,205,50,0,-5,2,4,4,49,2,0.399999999999999
"7457","Red","Red","Neither","Red",18,2,5,10,0,15979,6.8,17379,195,52,-583,360,14,2,8,9,0,16562,6.6,17019,200,36,0,4,0,-3,1,-5,16,0.2
"7458","Red","Neither","Neither","Blue",41,5,9,9,0,18287,7.2,18535,242,52,2845,2164,16,3,5,6,0,15442,6.6,16371,233,26,0,25,2,4,3,9,26,0.600000000000001
"7459","Red","Red","Neither","Red",16,0,5,8,0,14888,6.4,15213,153,48,-5010,-4509,20,3,12,10,0,19898,7.6,19722,218,56,0,-4,-3,-7,-2,-65,-8,-1.2
"7460","Blue","Blue","Neither","Red",16,6,3,3,0,16040,7,18690,248,72,-877,-813,14,2,5,6,0,16917,7.2,19503,264,52,0,2,4,-2,-3,-16,20,-0.2
"7461","Blue","Blue","Neither","Blue",39,2,4,6,0,15388,6.8,17788,220,52,365,-719,18,1,0,0,0,15023,6.8,18507,252,76,0,21,1,4,6,-32,-24,0
"7462","Red","Red","Neither","Red",15,1,7,7,0,16726,7,18339,217,44,278,-343,42,0,6,5,0,16448,7,18682,206,64,0,-27,1,1,2,11,-20,0
"7463","Blue","Blue","Neither","Red",90,1,6,6,0,17242,7,18478,230,75,1291,2116,18,3,7,8,0,15951,6.6,16362,171,27,0,72,-2,-1,-2,59,48,0.4
"7464","Blue","Blue","Neither","Blue",14,4,7,11,0,17650,7,18670,243,67,2518,2382,14,2,5,8,0,15132,6.6,16288,196,32,0,0,2,2,3,47,35,0.4
"7465","Red","Neither","Neither","Red",34,1,10,8,0,17335,7.4,19512,208,56,364,1705,16,1,6,6,0,16971,7,17807,218,48,0,18,0,4,2,-10,8,0.4
"7466","Red","Blue","Neither","Blue",16,0,7,7,0,16938,7,17857,222,49,206,-460,14,1,8,6,0,16732,7,18317,215,43,0,2,-1,-1,1,7,6,0
"7467","Red","Red","Neither","Blue",17,2,3,2,0,13655,6.4,15392,179,36,-5221,-4220,13,4,10,12,0,18876,7.6,19612,239,60,0,4,-2,-7,-10,-60,-24,-1.2
"7468","Blue","Red","Blue","Red",16,7,6,4,0,16823,7,18727,213,52,151,806,19,6,7,8,0,16672,6.8,17921,226,48,0,-3,1,-1,-4,-13,4,0.2
"7469","Blue","Blue","Neither","Blue",19,6,4,2,0,15834,7,19029,258,48,782,1642,19,5,3,3,0,15052,6.6,17387,238,40,0,0,1,1,-1,20,8,0.4
"7470","Red","Neither","Blue","Red",19,6,2,2,0,14970,6.8,17809,235,59,-2366,-340,21,4,8,14,0,17336,6.8,18149,226,34,0,-2,2,-6,-12,9,25,0
"7471","Red","Blue","Neither","Red",11,2,6,10,0,17173,7.2,18789,232,54,386,-200,18,2,6,8,0,16787,7.2,18989,202,55,0,-7,0,0,2,30,-1,0
"7472","Red","Red","Red","Red",15,2,1,1,0,13409,6.6,15601,203,45,-3559,-3320,12,1,6,4,0,16968,7,18921,236,69,0,3,1,-5,-3,-33,-24,-0.4
"7473","Blue","Red","Blue","Blue",17,3,8,8,0,17022,7,19318,237,50,-900,1475,16,2,8,12,0,17922,7,17843,203,45,0,1,1,0,-4,34,5,0
"7474","Red","Red","Blue","Red",16,1,4,5,0,15804,7.2,18509,228,68,606,820,11,0,3,5,0,15198,6.8,17689,210,60,0,5,1,1,0,18,8,0.4
"7475","Red","Blue","Neither","Blue",18,5,8,9,0,17073,6.8,16988,195,60,2939,993,15,3,3,3,0,14134,6.6,15995,197,44,0,3,2,5,6,-2,16,0.2
"7476","Blue","Blue","Neither","Red",14,1,7,7,0,16553,7.2,19304,205,56,1216,2889,11,2,6,7,0,15337,6.6,16415,173,44,0,3,-1,1,0,32,12,0.600000000000001
"7477","Red","Blue","Neither","Blue",16,5,9,10,0,17679,7.4,19757,237,54,2488,2453,16,4,3,5,0,15191,7,17304,222,49,0,0,1,6,5,15,5,0.4
"7478","Red","Blue","Neither","Red",17,0,4,7,0,14007,6.2,14101,197,27,-6259,-5376,14,3,13,14,0,20266,7.2,19477,247,45,0,3,-3,-9,-7,-50,-18,-1
"7479","Red","Blue","Neither","Red",15,2,2,3,0,13986,6.4,16124,189,44,-3246,-1980,43,3,9,10,0,17232,7,18104,209,52,0,-28,-1,-7,-7,-20,-8,-0.6
"7480","Red","Red","Neither","Blue",39,3,7,8,0,16481,7,18136,190,46,572,-233,18,2,5,7,0,15909,7,18369,224,48,0,21,1,2,1,-34,-2,0
"7481","Blue","Blue","Neither","Red",19,2,10,12,0,17834,7.2,19107,208,38,1260,1141,15,1,5,4,0,16574,7,17966,226,50,0,4,1,5,8,-18,-12,0.2
"7482","Blue","Blue","Neither","Blue",17,0,8,8,0,17200,6.6,17501,226,36,528,-805,13,1,7,7,0,16672,7.2,18306,199,69,0,4,-1,1,1,27,-33,-0.600000000000001
"7483","Blue","Blue","Blue","Blue",14,7,9,13,0,17125,6.8,16776,191,52,-206,-363,17,1,9,7,0,17331,6.6,17139,204,48,0,-3,6,0,6,-13,4,0.2
"7484","Blue","Blue","Neither","Red",77,4,7,9,0,16937,7,18017,214,49,375,-566,17,2,7,7,0,16562,7,18583,194,49,0,60,2,0,2,20,0,0
"7485","Blue","Blue","Blue","Blue",14,2,4,4,0,15802,7,17365,237,48,306,-936,17,2,4,5,0,15496,7,18301,209,69,0,-3,0,0,-1,28,-21,0
"7486","Blue","Neither","Neither","Red",47,4,12,18,0,19336,7.4,19593,221,59,4680,2780,14,2,2,2,0,14656,6.8,16813,214,60,0,33,2,10,16,7,-1,0.600000000000001
"7487","Blue","Blue","Neither","Blue",19,5,8,11,1,18524,7,18193,241,44,2702,1047,18,3,3,5,0,15822,6.8,17146,228,54,1,1,2,5,6,13,-10,0.2
"7488","Red","Red","Neither","Blue",38,2,4,5,0,15346,6.6,17250,212,47,-1938,-1173,16,5,7,7,0,17284,7,18423,225,64,0,22,-3,-3,-2,-13,-17,-0.4
"7489","Blue","Blue","Neither","Blue",68,4,8,10,0,16912,6.8,17195,205,52,1051,797,17,0,6,8,0,15861,6.6,16398,212,36,0,51,4,2,2,-7,16,0.2
"7490","Blue","Neither","Neither","Red",19,8,2,2,0,14843,7,18146,236,43,-620,-147,22,3,4,5,0,15463,7,18293,236,50,0,-3,5,-2,-3,0,-7,0
"7491","Red","Red","Red","Blue",48,2,7,10,0,17037,7,17825,237,40,987,-377,15,5,5,5,0,16050,7,18202,219,60,0,33,-3,2,5,18,-20,0
"7492","Blue","Red","Neither","Red",15,4,9,4,0,17525,7,16972,202,48,-437,-1284,29,3,11,12,0,17962,6.8,18256,190,44,0,-14,1,-2,-8,12,4,0.2
"7493","Red","Neither","Blue","Red",17,3,1,1,0,14102,6.8,16463,211,56,-2031,-2540,16,2,5,6,0,16133,7,19003,221,60,0,1,1,-4,-5,-10,-4,-0.2
"7494","Red","Red","Neither","Red",15,5,6,7,0,15530,7,18389,222,40,-1932,-930,17,6,10,6,0,17462,7.4,19319,232,39,0,-2,-1,-4,1,-10,1,-0.4
"7495","Red","Neither","Neither","Blue",37,1,4,5,0,15168,6.8,17149,201,48,-2626,-1992,11,1,8,7,0,17794,7.2,19141,254,52,0,26,0,-4,-2,-53,-4,-0.4
"7496","Blue","Blue","Neither","Red",17,1,3,1,0,14900,6.8,18274,211,68,-2631,-1358,16,3,5,11,0,17531,7.4,19632,221,78,0,1,-2,-2,-10,-10,-10,-0.600000000000001
"7497","Blue","Blue","Blue","Blue",15,2,8,5,0,17639,7.2,19606,228,60,1899,2690,14,0,5,9,0,15740,6.8,16916,208,48,0,1,2,3,-4,20,12,0.4
"7498","Blue","Blue","Neither","Blue",12,2,3,3,0,14958,6.6,16560,239,56,-2607,-2125,19,2,7,8,0,17565,7,18685,253,56,0,-7,0,-4,-5,-14,0,-0.4
"7499","Red","Blue","Neither","Red",22,5,2,1,0,14569,6.6,16559,227,38,-676,-864,13,12,2,3,0,15245,6.8,17423,236,46,0,9,-7,0,-2,-9,-8,-0.2
"7500","Red","Blue","Blue","Blue",42,4,7,5,0,16820,7.2,18804,222,50,1968,1923,15,3,3,4,0,14852,6.8,16881,205,56,0,27,1,4,1,17,-6,0.4
"7501","Red","Red","Neither","Red",13,3,4,0,0,14891,6.8,17683,218,59,-4035,-2639,18,3,11,11,0,18926,7.4,20322,246,51,0,-5,0,-7,-11,-28,8,-0.600000000000001
"7502","Red","Red","Neither","Red",18,2,5,7,0,15089,6.4,16002,182,32,-2349,-2678,17,4,9,7,0,17438,7,18680,201,54,0,1,-2,-4,0,-19,-22,-0.6
"7503","Red","Red","Neither","Red",15,2,1,1,0,13427,6.8,16472,211,44,-3175,-1845,16,4,6,5,0,16602,7,18317,217,64,0,-1,-2,-5,-4,-6,-20,-0.2
"7504","Blue","Blue","Blue","Blue",38,4,8,6,0,17848,7.4,19823,253,56,2450,2233,12,3,3,3,0,15398,7,17590,227,52,0,26,1,5,3,26,4,0.4
"7505","Blue","Blue","Blue","Blue",19,3,12,16,0,18021,7.2,18556,202,37,1373,1766,16,5,6,10,0,16648,6.4,16790,200,43,0,3,-2,6,6,2,-6,0.8
"7506","Blue","Blue","Blue","Blue",14,1,4,5,0,16370,7,18289,257,48,1504,2057,8,1,4,6,0,14866,6.8,16232,191,52,0,6,0,0,-1,66,-4,0.2
"7507","Blue","Blue","Neither","Blue",15,0,8,11,0,16091,6.8,16748,200,44,-765,-492,35,2,6,11,0,16856,7,17240,185,44,0,-20,-2,2,0,15,0,-0.2
"7508","Red","Neither","Neither","Red",14,1,5,5,0,15129,6.4,15915,176,56,-2921,-3196,14,1,10,12,0,18050,7,19111,203,60,0,0,0,-5,-7,-27,-4,-0.6
"7509","Blue","Red","Neither","Blue",14,3,7,9,0,16817,6.8,17790,228,54,2283,830,15,2,3,6,0,14534,6.8,16960,202,53,0,-1,1,4,3,26,1,0
"7510","Blue","Red","Blue","Blue",19,5,8,7,1,18203,6.8,17893,248,32,2297,392,16,4,6,6,0,15906,6.8,17501,193,52,1,3,1,2,1,55,-20,0
"7511","Blue","Neither","Neither","Red",12,2,10,10,0,17706,6.8,17870,212,48,578,144,11,1,9,6,0,17128,7,17726,204,38,0,1,1,1,4,8,10,-0.2
"7512","Blue","Blue","Neither","Red",13,2,10,6,0,16668,7,18055,192,43,1794,2647,22,3,4,3,0,14874,6.4,15408,203,40,0,-9,-1,6,3,-11,3,0.6
"7513","Red","Neither","Red","Blue",16,3,5,10,0,15862,6.6,16175,229,39,-971,-1588,19,2,6,6,0,16833,6.8,17763,195,59,0,-3,1,-1,4,34,-20,-0.2
"7514","Blue","Red","Neither","Blue",11,1,9,10,0,17479,6.8,17898,209,52,1269,-422,15,0,7,8,0,16210,6.8,18320,207,56,0,-4,1,2,2,2,-4,0
"7515","Red","Red","Blue","Blue",25,3,9,6,0,16782,7,18450,218,44,-34,-122,18,5,5,3,0,16816,7,18572,234,56,0,7,-2,4,3,-16,-12,0
"7516","Red","Blue","Neither","Red",32,5,8,7,0,17942,7.2,18724,213,52,1171,918,15,3,8,12,0,16771,7,17806,189,44,0,17,2,0,-5,24,8,0.2
"7517","Red","Red","Neither","Red",10,1,10,8,0,17418,7,18495,202,38,-2298,-1255,14,1,15,10,0,19716,7.2,19750,171,46,0,-4,0,-5,-2,31,-8,-0.2
"7518","Red","Neither","Neither","Blue",18,3,8,7,0,16180,6.6,16639,185,36,-2807,-2956,16,3,10,17,0,18987,7.4,19595,236,61,0,2,0,-2,-10,-51,-25,-0.800000000000001
"7519","Blue","Neither","Neither","Blue",19,5,2,2,0,14124,6.4,15978,229,32,-1155,-638,18,2,4,7,0,15279,6.6,16616,215,42,0,1,3,-2,-5,14,-10,-0.199999999999999
"7520","Red","Red","Red","Red",14,4,8,10,0,18452,7,17864,241,42,-69,-634,15,5,11,10,0,18521,7,18498,180,60,0,-1,-1,-3,0,61,-18,0
"7521","Red","Blue","Red","Blue",15,1,6,8,0,17142,7.2,18300,227,56,576,-1839,15,1,4,7,0,16566,7.4,20139,222,79,0,0,0,2,1,5,-23,-0.2
"7522","Red","Red","Blue","Blue",18,1,7,9,0,16143,6.8,17196,181,55,-1694,-468,14,2,10,16,0,17837,6.8,17664,200,56,0,4,-1,-3,-7,-19,-1,0
"7523","Red","Red","Neither","Red",12,3,4,4,0,15944,7,17805,201,71,-2600,-1587,12,1,9,13,0,18544,7.2,19392,251,53,0,0,2,-5,-9,-50,18,-0.2
"7524","Red","Red","Blue","Red",10,2,1,0,0,14059,6.8,17446,213,48,-2160,-88,16,3,6,10,0,16219,6.8,17534,204,43,0,-6,-1,-5,-10,9,5,0
"7525","Blue","Blue","Neither","Blue",22,5,11,14,1,19465,7,17819,214,52,4013,2137,14,1,7,8,0,15452,6.4,15682,182,29,1,8,4,4,6,32,23,0.6
"7526","Red","Blue","Neither","Blue",14,3,8,14,0,17151,7,18082,227,43,1338,46,17,2,6,5,0,15813,7,18036,204,52,0,-3,1,2,9,23,-9,0
"7527","Blue","Neither","Blue","Red",20,2,14,16,0,19483,7.2,19290,227,34,5019,3765,16,2,3,1,0,14464,6.4,15525,203,52,0,4,0,11,15,24,-18,0.8
"7528","Red","Red","Neither","Red",13,1,8,9,0,15716,6.4,16324,190,36,258,762,17,2,6,8,0,15458,6.2,15562,183,40,0,-4,-1,2,1,7,-4,0.2
"7529","Red","Neither","Red","Red",17,3,3,3,0,15015,6.8,17386,216,60,-2327,-2301,75,3,8,8,0,17342,7.2,19687,230,52,0,-58,0,-5,-5,-14,8,-0.4
"7530","Red","Neither","Neither","Red",15,5,9,7,0,16847,7,19212,211,45,1843,3584,17,2,4,4,0,15004,6.2,15628,194,50,0,-2,3,5,3,17,-5,0.8
"7531","Red","Red","Neither","Blue",18,5,3,3,0,14907,6.6,16847,205,50,-1021,-2152,17,4,3,5,0,15928,7.2,18999,238,71,0,1,1,0,-2,-33,-21,-0.600000000000001
"7532","Red","Red","Neither","Blue",20,3,5,6,0,15768,6.8,17401,200,55,-450,-1721,20,3,6,5,0,16218,7.4,19122,225,58,0,0,0,-1,1,-25,-3,-0.600000000000001
"7533","Red","Blue","Red","Blue",157,5,10,10,0,16722,6.8,17229,163,47,-790,-1172,17,1,10,8,0,17512,7,18401,207,44,0,140,4,0,2,-44,3,-0.2
"7534","Red","Red","Blue","Red",12,3,3,2,0,15385,7,17822,227,56,-989,-1102,15,4,5,3,0,16374,7.4,18924,224,63,0,-3,-1,-2,-1,3,-7,-0.4
"7535","Red","Neither","Neither","Blue",118,4,6,8,0,16102,6.6,17077,200,45,-1412,-768,20,2,8,9,0,17514,6.8,17845,227,40,0,98,2,-2,-1,-27,5,-0.2
"7536","Blue","Red","Neither","Red",14,4,7,6,0,16977,7.2,19637,209,64,1926,3774,14,1,2,3,0,15051,6.4,15863,235,56,0,0,3,5,3,-26,8,0.8
"7537","Red","Neither","Red","Blue",11,0,8,12,0,16033,6.8,17402,188,52,-3022,-613,14,1,8,6,1,19055,7.2,18015,221,54,-1,-3,-1,0,6,-33,-2,-0.4
"7538","Blue","Blue","Neither","Red",42,2,4,2,0,15272,7,18442,205,47,-716,573,145,3,6,5,0,15988,6.8,17869,207,50,0,-103,-1,-2,-3,-2,-3,0.2
"7539","Red","Red","Neither","Red",10,7,10,13,0,18959,7,19305,220,48,3522,1996,16,3,4,5,0,15437,6.6,17309,206,69,0,-6,4,6,8,14,-21,0.4
"7540","Red","Neither","Neither","Blue",15,3,5,9,0,15633,6.8,17562,222,44,148,-543,17,3,4,4,0,15485,7,18105,210,56,0,-2,0,1,5,12,-12,-0.2
"7541","Red","Red","Neither","Red",13,2,1,2,0,14490,7,17638,222,60,-2987,-2017,14,4,7,10,0,17477,7.4,19655,235,56,0,-1,-2,-6,-8,-13,4,-0.4
"7542","Blue","Red","Neither","Blue",17,2,6,9,0,17812,7.2,19411,263,69,2303,2950,16,2,5,9,0,15509,6.6,16461,191,46,0,1,0,1,0,72,23,0.600000000000001
"7543","Red","Neither","Neither","Red",17,3,3,3,0,15603,6.8,18354,239,72,288,-339,21,5,3,2,0,15315,7,18693,232,52,0,-4,-2,0,1,7,20,-0.2
"7544","Blue","Blue","Red","Blue",16,5,4,8,0,16667,7.2,18290,239,60,1692,373,15,5,4,3,0,14975,6.8,17917,209,44,0,1,0,0,5,30,16,0.4
"7545","Red","Red","Neither","Red",40,1,5,8,0,16177,7,18425,224,45,-1546,-710,15,6,11,12,0,17723,7.4,19135,183,58,0,25,-5,-6,-4,41,-13,-0.4
"7546","Red","Red","Neither","Red",61,3,8,8,0,16780,6.8,17484,209,39,-1226,48,18,4,10,12,0,18006,6.8,17436,225,36,0,43,-1,-2,-4,-16,3,0
"7547","Red","Red","Neither","Blue",13,2,7,9,0,15938,6.2,14724,194,36,-1985,-3666,40,2,12,13,0,17923,7.2,18390,187,44,0,-27,0,-5,-4,7,-8,-1
"7548","Blue","Neither","Neither","Blue",18,2,7,9,0,16154,6.6,16080,199,41,-2005,-1736,18,5,10,10,0,18159,6.8,17816,229,46,0,0,-3,-3,-1,-30,-5,-0.2
"7549","Red","Blue","Blue","Red",16,3,4,2,0,14975,7,18139,201,58,-1530,-146,40,5,6,8,0,16505,7.2,18285,220,63,0,-24,-2,-2,-6,-19,-5,-0.2
"7550","Red","Neither","Blue","Blue",17,6,3,2,0,14683,6.6,16048,215,39,-4600,-3906,18,2,12,11,0,19283,7.4,19954,209,67,0,-1,4,-9,-9,6,-28,-0.800000000000001
"7551","Blue","Blue","Neither","Red",16,5,6,6,0,15836,6.8,18034,216,43,75,-123,14,3,4,1,0,15761,6.8,18157,254,38,0,2,2,2,5,-38,5,0
"7552","Blue","Red","Red","Blue",89,2,8,7,0,16463,6.8,16852,207,37,-185,-1442,14,2,5,3,0,16648,7,18294,228,55,0,75,0,3,4,-21,-18,-0.2
"7553","Blue","Blue","Neither","Blue",24,3,4,4,0,15712,6.8,17100,213,51,-418,15,19,5,7,11,0,16130,6.8,17085,166,53,0,5,-2,-3,-7,47,-2,0
"7554","Blue","Red","Blue","Blue",16,1,9,9,0,17665,7.4,19246,232,45,3642,2198,81,3,2,1,0,14023,7,17048,199,46,0,-65,-2,7,8,33,-1,0.4
"7555","Blue","Blue","Neither","Blue",17,2,13,21,0,19680,7.2,18528,204,44,5397,2928,17,4,5,5,0,14283,6.4,15600,175,38,0,0,-2,8,16,29,6,0.8
"7556","Blue","Red","Neither","Blue",17,4,5,3,0,16400,7.4,18900,255,62,2247,1439,41,4,3,1,0,14153,7,17461,202,54,0,-24,0,2,2,53,8,0.4
"7557","Blue","Blue","Neither","Red",13,1,3,3,0,14659,6.2,15944,193,48,-944,-2050,13,1,7,6,0,15603,6.8,17994,213,48,0,0,0,-4,-3,-20,0,-0.6
"7558","Red","Neither","Neither","Red",14,1,9,14,0,18742,7,18884,232,47,46,99,13,2,10,16,0,18696,7,18785,236,49,0,1,-1,-1,-2,-4,-2,0
"7559","Blue","Red","Neither","Red",14,2,6,5,0,16637,7,19339,245,49,1530,2305,25,3,4,5,0,15107,6.6,17034,216,48,0,-11,-1,2,0,29,1,0.4
"7560","Blue","Blue","Neither","Blue",15,0,9,5,0,18079,7.2,19818,272,52,3854,2379,15,1,2,1,0,14225,6.8,17439,230,41,0,0,-1,7,4,42,11,0.4
"7561","Blue","Red","Blue","Blue",18,3,5,6,0,16407,6.8,18597,217,61,-450,127,19,4,7,7,0,16857,7,18470,223,48,0,-1,-1,-2,-1,-6,13,-0.2
"7562","Red","Neither","Neither","Red",50,1,6,9,0,16145,6.8,17448,215,44,-1962,-684,16,4,8,12,0,18107,7,18132,223,54,0,34,-3,-2,-3,-8,-10,-0.2
"7563","Blue","Red","Blue","Blue",70,0,11,14,1,19557,6.8,18126,193,44,4238,1418,82,3,5,4,0,15319,6.8,16708,206,36,1,-12,-3,6,10,-13,8,0
"7564","Blue","Neither","Neither","Red",41,0,6,5,0,16495,7.2,18530,232,59,1037,922,33,2,3,2,0,15458,6.6,17608,238,48,0,8,-2,3,3,-6,11,0.600000000000001
"7565","Red","Blue","Neither","Red",15,1,11,10,0,17480,6.6,17096,203,39,-366,-923,17,1,9,10,0,17846,6.6,18019,217,60,0,-2,0,2,0,-14,-21,0
"7566","Blue","Red","Neither","Red",15,2,2,4,0,15074,6.8,16329,225,52,-1673,-1730,13,4,9,10,0,16747,7,18059,215,52,0,2,-2,-7,-6,10,0,-0.2
"7567","Red","Red","Red","Blue",38,0,4,2,0,14963,6.2,15662,170,48,-6047,-3060,19,4,14,20,1,21010,7,18722,203,41,-1,19,-4,-10,-18,-33,7,-0.8
"7568","Blue","Blue","Red","Blue",14,3,6,7,0,16058,7,17515,217,51,-677,-1382,59,5,8,6,0,16735,7.2,18897,214,56,0,-45,-2,-2,1,3,-5,-0.2
"7569","Red","Neither","Red","Blue",12,2,2,1,0,14824,7,17975,214,59,-2465,-911,14,2,6,6,0,17289,7.2,18886,243,60,0,-2,0,-4,-5,-29,-1,-0.2
"7570","Blue","Blue","Neither","Blue",39,2,7,9,0,17079,7,17964,212,44,-365,855,17,3,6,10,0,17444,6.8,17109,238,44,0,22,-1,1,-1,-26,0,0.2
"7571","Blue","Blue","Neither","Blue",19,4,14,11,0,20351,7.4,19996,225,72,5057,3423,23,1,4,3,0,15294,6.6,16573,197,43,0,-4,3,10,8,28,29,0.800000000000001
"7572","Blue","Neither","Blue","Blue",19,1,12,11,0,18732,7.2,18910,222,44,2292,1022,14,4,5,8,0,16440,7,17888,213,59,0,5,-3,7,3,9,-15,0.2
"7573","Blue","Blue","Neither","Blue",14,3,10,12,0,19017,7.2,19432,240,54,5117,4126,15,5,4,4,0,13900,6.4,15306,193,34,0,-1,-2,6,8,47,20,0.8
"7574","Blue","Red","Neither","Blue",22,3,6,7,0,17078,7,17751,224,46,-304,-1023,85,5,6,6,0,17382,7,18774,240,45,0,-63,-2,0,1,-16,1,0
"7575","Red","Red","Red","Red",12,2,2,2,0,15351,7,18539,245,55,390,-828,35,6,3,1,0,14961,7.2,19367,235,56,0,-23,-4,-1,1,10,-1,-0.2
"7576","Red","Neither","Blue","Red",15,2,3,2,0,15885,7,18531,243,52,-257,-883,16,1,3,6,0,16142,7.2,19414,232,76,0,-1,1,0,-4,11,-24,-0.2
"7577","Blue","Neither","Neither","Blue",18,2,10,11,0,18851,7.4,19227,252,52,3737,1796,14,3,4,4,0,15114,7,17431,203,45,0,4,-1,6,7,49,7,0.4
"7578","Blue","Red","Neither","Blue",16,1,4,5,0,16425,7,17611,227,44,2167,538,16,1,3,4,0,14258,6.8,17073,208,46,0,0,0,1,1,19,-2,0.2
"7579","Red","Red","Neither","Red",53,4,5,4,0,15649,7,17686,199,52,-2870,-2023,15,0,10,14,0,18519,7.2,19709,229,60,0,38,4,-5,-10,-30,-8,-0.2
"7580","Blue","Neither","Neither","Blue",37,4,4,3,0,14659,6.6,16241,192,48,-1962,-2464,16,2,6,6,0,16621,7,18705,244,39,0,21,2,-2,-3,-52,9,-0.4
"7581","Red","Blue","Neither","Red",21,4,5,7,0,15983,7.2,18335,229,43,-704,-531,18,3,7,10,0,16687,7.2,18866,205,48,0,3,1,-2,-3,24,-5,0
"7582","Blue","Red","Blue","Blue",41,8,4,3,0,15868,6.8,18299,222,47,946,594,19,5,4,4,0,14922,6.8,17705,213,44,0,22,3,0,-1,9,3,0
"7583","Red","Blue","Neither","Red",10,1,9,8,0,16732,6.8,16963,208,32,-496,-1184,14,0,8,9,0,17228,7,18147,186,51,0,-4,1,1,-1,22,-19,-0.2
"7584","Red","Red","Red","Blue",18,0,4,5,0,14366,6,14866,171,30,-5395,-5287,51,3,16,18,0,19761,7.4,20153,217,42,0,-33,-3,-12,-13,-46,-12,-1.4
"7585","Blue","Red","Neither","Red",15,4,6,5,0,16037,7.2,18383,207,51,59,-107,14,5,6,7,0,15978,7,18490,229,48,0,1,-1,0,-2,-22,3,0.2
"7586","Blue","Red","Red","Red",17,2,9,9,0,17643,6.8,17908,218,36,1550,1042,36,1,6,8,0,16093,6.6,16866,183,52,0,-19,1,3,1,35,-16,0.2
"7587","Red","Blue","Neither","Red",42,4,1,3,0,14261,7,17724,198,67,-2160,85,67,4,6,11,0,16421,6.8,17639,207,39,0,-25,0,-5,-8,-9,28,0.2
"7588","Red","Neither","Red","Red",38,4,4,3,0,15939,6.8,17619,253,40,-1874,-1182,77,6,11,7,0,17813,7,18801,221,36,0,-39,-2,-7,-4,32,4,-0.2
"7589","Red","Red","Red","Red",20,2,3,3,0,15487,7,18816,238,68,-1854,-817,13,1,6,6,0,17341,7.2,19633,232,64,0,7,1,-3,-3,6,4,-0.2
"7590","Red","Blue","Neither","Red",28,6,8,8,0,16601,6.2,16246,196,44,103,63,81,3,8,6,0,16498,6.4,16183,194,46,0,-53,3,0,2,2,-2,-0.2
"7591","Blue","Red","Blue","Blue",16,2,4,3,2,17048,6.6,17678,206,48,2575,997,14,3,3,4,0,14473,6.8,16681,214,43,2,2,-1,1,-1,-8,5,-0.2
"7592","Blue","Blue","Blue","Red",19,2,7,12,0,18328,7,18180,223,57,3048,2219,17,1,5,5,0,15280,6.6,15961,195,49,0,2,1,2,7,28,8,0.4
"7593","Red","Red","Red","Blue",17,1,7,7,0,17375,6.8,18610,222,48,-2049,-1230,16,1,11,10,0,19424,7.4,19840,236,58,0,1,0,-4,-3,-14,-10,-0.600000000000001
"7594","Blue","Red","Neither","Red",15,2,7,9,0,16556,6.6,16868,215,36,2139,850,12,3,4,4,0,14417,6.4,16018,176,47,0,3,-1,3,5,39,-11,0.199999999999999
"7595","Blue","Blue","Neither","Blue",16,2,15,17,1,21883,7.8,20941,252,55,7980,4916,12,1,2,0,0,13903,6.4,16025,193,44,1,4,1,13,17,59,11,1.4
"7596","Red","Neither","Neither","Blue",14,3,9,11,0,17382,7.2,19283,220,55,1103,1117,41,3,7,10,0,16279,7.2,18166,209,36,0,-27,0,2,1,11,19,0
"7597","Blue","Blue","Blue","Red",24,7,13,15,0,20795,7.2,18944,249,48,6547,2553,42,4,3,1,0,14248,6.6,16391,179,52,0,-18,3,10,14,70,-4,0.600000000000001
"7598","Red","Red","Red","Red",40,6,4,3,0,15469,6.6,17314,234,45,-2472,-554,18,7,9,8,0,17941,6.8,17868,227,68,0,22,-1,-5,-5,7,-23,-0.2
"7599","Blue","Blue","Red","Blue",126,2,9,10,0,17951,7.2,18755,228,48,1464,179,16,3,6,7,0,16487,6.8,18576,233,44,0,110,-1,3,3,-5,4,0.4
"7600","Red","Red","Neither","Red",18,3,6,6,0,15205,6.4,15267,166,28,-4683,-3444,33,3,15,15,0,19888,7.2,18711,220,62,0,-15,0,-9,-9,-54,-34,-0.8
"7601","Blue","Blue","Red","Blue",20,3,9,9,0,17835,7.2,18812,231,52,4277,3340,80,6,0,0,0,13558,6.2,15472,207,47,0,-60,-3,9,9,24,5,1
"7602","Blue","Red","Neither","Blue",15,0,7,8,0,17329,7.4,19681,224,55,1870,1791,18,2,4,3,0,15459,6.8,17890,243,32,0,-3,-2,3,5,-19,23,0.600000000000001
"7603","Blue","Blue","Blue","Blue",21,2,3,3,0,14992,6.8,17212,217,48,499,-2,16,3,2,3,0,14493,7,17214,230,31,0,5,-1,1,0,-13,17,-0.2
"7604","Blue","Red","Red","Blue",19,1,8,7,0,17033,7,17938,232,44,832,903,13,6,5,8,0,16201,6.8,17035,228,58,0,6,-5,3,-1,4,-14,0.2
"7605","Red","Red","Blue","Red",24,1,9,4,0,17535,7.2,19338,236,60,1782,2856,13,2,5,6,0,15753,6.8,16482,207,40,0,11,-1,4,-2,29,20,0.4
"7606","Red","Red","Neither","Blue",34,2,9,10,0,17645,7,18506,201,44,-177,-308,16,0,11,11,0,17822,7.4,18814,206,51,0,18,2,-2,-1,-5,-7,-0.4
"7607","Red","Red","Neither","Red",77,2,7,6,0,16523,7,17836,219,38,-2692,-2753,15,2,15,12,0,19215,7.6,20589,176,61,0,62,0,-8,-6,43,-23,-0.6
"7608","Red","Red","Neither","Red",14,4,4,4,0,14630,6.4,16426,188,59,-1976,-2992,19,1,7,7,0,16606,7.4,19418,230,49,0,-5,3,-3,-3,-42,10,-1
"7609","Red","Blue","Neither","Red",16,19,9,9,0,17617,7,18621,245,42,-642,311,35,1,8,11,0,18259,6.8,18310,236,44,0,-19,18,1,-2,9,-2,0.2
"7610","Red","Red","Blue","Blue",11,6,7,10,1,18142,6.8,16864,209,43,1051,-1411,20,3,11,8,0,17091,7.2,18275,183,48,1,-9,3,-4,2,26,-5,-0.4
"7611","Blue","Neither","Neither","Blue",17,6,4,6,0,16068,6.6,17607,235,52,932,-534,20,2,2,2,0,15136,7,18141,241,58,0,-3,4,2,4,-6,-6,-0.4
"7612","Red","Red","Blue","Blue",15,0,5,5,1,18041,7,17904,229,52,1197,-947,22,2,6,7,0,16844,7.4,18851,224,58,1,-7,-2,-1,-2,5,-6,-0.4
"7613","Blue","Neither","Blue","Blue",16,0,11,11,0,17583,7.2,18536,223,47,2858,2734,12,1,4,2,0,14725,6.4,15802,190,44,0,4,-1,7,9,33,3,0.8
"7614","Blue","Neither","Blue","Red",18,1,4,4,0,15381,6.8,17303,198,56,202,686,14,4,4,6,0,15179,6.6,16617,214,38,0,4,-3,0,-2,-16,18,0.2
"7615","Red","Blue","Neither","Blue",16,3,3,4,0,15929,7,17996,236,62,-688,-1113,16,7,4,4,0,16617,7.2,19109,269,57,0,0,-4,-1,0,-33,5,-0.2
"7616","Blue","Blue","Neither","Blue",19,1,13,13,1,21132,7.6,19941,217,56,6289,3996,15,3,5,6,0,14843,6.4,15945,179,32,1,4,-2,8,7,38,24,1.2
"7617","Red","Red","Red","Red",21,2,1,1,0,14022,6.8,16586,223,59,-4075,-3154,15,2,8,7,1,18097,7.2,19740,211,60,-1,6,0,-7,-6,12,-1,-0.4
"7618","Red","Blue","Red","Red",16,1,8,7,0,16786,7,18389,250,32,651,2427,18,2,3,3,1,16135,6.4,15962,201,69,-1,-2,-1,5,4,49,-37,0.6
"7619","Red","Red","Red","Red",22,5,6,8,0,17171,6.8,18333,254,32,-1882,-1917,25,9,11,6,0,19053,7.6,20250,218,60,0,-3,-4,-5,2,36,-28,-0.8
"7620","Blue","Blue","Neither","Blue",17,4,6,6,0,16004,7,18381,216,38,-695,-683,14,4,6,6,0,16699,7,19064,240,52,0,3,0,0,0,-24,-14,0
"7621","Red","Red","Blue","Red",15,3,4,4,0,16043,7,18432,237,48,711,1614,13,2,3,5,0,15332,6.8,16818,209,48,0,2,1,1,-1,28,0,0.2
"7622","Red","Blue","Neither","Red",11,4,7,5,0,15720,6.8,17797,185,44,-325,-231,86,3,7,4,0,16045,7,18028,200,44,0,-75,1,0,1,-15,0,-0.2
"7623","Red","Blue","Neither","Blue",15,0,3,2,0,14451,6.6,16951,213,42,-341,-1582,14,1,4,3,0,14792,7.2,18533,231,38,0,1,-1,-1,-1,-18,4,-0.600000000000001
"7624","Blue","Blue","Blue","Red",151,3,5,2,0,15551,6.6,17239,209,52,-284,-260,16,3,4,5,0,15835,6.8,17499,228,51,0,135,0,1,-3,-19,1,-0.2
"7625","Red","Neither","Neither","Blue",14,3,5,5,0,16574,6.8,18040,231,48,-37,-382,14,0,8,10,0,16611,7,18422,209,50,0,0,3,-3,-5,22,-2,-0.2
"7626","Red","Red","Neither","Red",12,4,3,3,0,14264,6.2,15870,201,28,-2234,-2021,16,2,8,6,0,16498,6.8,17891,204,56,0,-4,2,-5,-3,-3,-28,-0.6
"7627","Blue","Red","Neither","Blue",13,1,3,6,0,15223,6.8,17157,217,56,-299,-238,25,3,4,7,0,15522,6.8,17395,203,72,0,-12,-2,-1,-1,14,-16,0
"7628","Red","Red","Neither","Red",17,4,2,2,0,14366,6.6,16510,221,55,-3046,-1990,21,4,9,15,0,17412,7.2,18500,222,44,0,-4,0,-7,-13,-1,11,-0.600000000000001
"7629","Red","Neither","Blue","Red",15,4,6,4,0,16860,7.2,19037,239,51,-259,357,16,1,8,6,0,17119,7.2,18680,238,49,0,-1,3,-2,-2,1,2,0
"7630","Blue","Red","Blue","Blue",10,2,9,10,0,17791,7.2,19229,219,48,2095,1876,13,0,4,8,0,15696,7,17353,214,62,0,-3,2,5,2,5,-14,0.2
"7631","Blue","Red","Blue","Blue",13,1,8,8,0,18066,7,18920,242,56,4597,3583,15,1,1,1,0,13469,6.4,15337,189,52,0,-2,0,7,7,53,4,0.6
"7632","Blue","Neither","Neither","Blue",15,1,11,13,0,20245,7.6,21086,240,49,4151,3492,34,1,6,9,0,16094,7,17594,171,55,0,-19,0,5,4,69,-6,0.6
"7633","Blue","Neither","Neither","Red",15,4,5,6,0,15413,6.4,16314,210,36,-3,-765,17,1,5,4,0,15416,6.6,17079,221,47,0,-2,3,0,2,-11,-11,-0.199999999999999
"7634","Blue","Red","Neither","Blue",14,1,5,1,0,15510,7,17649,203,48,1215,1170,13,0,2,2,0,14295,6.6,16479,244,48,0,1,1,3,-1,-41,0,0.4
"7635","Red","Blue","Neither","Red",19,1,5,8,0,15838,7,17892,236,33,-2279,-2155,18,4,11,7,0,18117,7.4,20047,235,52,0,1,-3,-6,1,1,-19,-0.4
"7636","Blue","Blue","Red","Blue",19,3,4,2,0,16029,7.4,19239,236,71,771,1255,13,5,3,3,0,15258,7,17984,208,64,0,6,-2,1,-1,28,7,0.4
"7637","Red","Blue","Neither","Red",40,2,2,2,0,14506,7.2,17908,230,63,-1288,-685,16,3,3,5,0,15794,7,18593,217,57,0,24,-1,-1,-3,13,6,0.2
"7638","Red","Red","Red","Red",14,3,5,7,0,15293,6.4,15389,202,44,-4408,-4522,14,0,7,2,2,19701,7.4,19911,250,72,-2,0,3,-2,5,-48,-28,-1
"7639","Red","Red","Red","Red",24,3,3,2,0,14796,6.4,16448,204,53,-3385,-2980,15,3,10,10,0,18181,7.4,19428,223,56,0,9,0,-7,-8,-19,-3,-1
"7640","Red","Blue","Blue","Red",15,4,1,1,0,14142,6.8,16922,229,52,-1691,-1608,25,1,4,4,0,15833,7,18530,234,59,0,-10,3,-3,-3,-5,-7,-0.2
"7641","Red","Red","Neither","Blue",16,5,5,2,0,15890,7,18495,232,51,995,707,18,1,2,4,0,14895,6.8,17788,219,60,0,-2,4,3,-2,13,-9,0.2
"7642","Blue","Blue","Neither","Red",12,2,8,15,0,17040,6.8,18270,191,60,2402,2023,15,2,1,1,0,14638,6.6,16247,228,40,0,-3,0,7,14,-37,20,0.2
"7643","Red","Blue","Neither","Blue",18,1,6,5,0,16196,7.2,18801,214,52,-25,954,14,1,6,8,0,16221,6.8,17847,217,32,0,4,0,0,-3,-3,20,0.4
"7644","Red","Blue","Neither","Blue",13,2,8,5,0,16373,7,18169,188,47,1221,494,11,2,5,4,0,15152,7,17675,209,40,0,2,0,3,1,-21,7,0
"7645","Red","Red","Neither","Red",17,2,10,11,0,17505,6.8,17635,224,43,1841,-591,48,3,5,2,0,15664,6.8,18226,197,88,0,-31,-1,5,9,27,-45,0
"7646","Blue","Blue","Blue","Blue",15,1,11,8,0,18635,7.2,19958,230,64,4368,3523,14,2,1,0,0,14267,6.6,16435,208,64,0,1,-1,10,8,22,0,0.600000000000001
"7647","Red","Blue","Blue","Red",13,1,6,5,0,16807,7.2,19662,232,60,2052,2845,75,1,3,1,0,14755,6.8,16817,216,48,0,-62,0,3,4,16,12,0.4
"7648","Red","Red","Blue","Blue",77,3,8,12,0,16842,6.4,16280,210,28,-1725,-2264,39,1,11,13,0,18567,7,18544,192,56,0,38,2,-3,-1,18,-28,-0.6
"7649","Blue","Red","Neither","Red",16,1,8,8,0,16963,6.8,17360,203,56,1479,1002,15,2,6,10,0,15484,6.6,16358,173,56,0,1,-1,2,-2,30,0,0.2
"7650","Red","Neither","Neither","Red",22,4,7,11,0,16587,6.8,17801,216,44,-674,909,20,6,6,8,0,17261,6.6,16892,219,34,0,2,-2,1,3,-3,10,0.2
"7651","Blue","Blue","Neither","Blue",13,1,8,8,0,18404,7.4,19768,245,60,3993,2165,62,2,3,6,0,14411,7.2,17603,188,44,0,-49,-1,5,2,57,16,0.2
"7652","Red","Blue","Neither","Red",18,1,4,5,0,15901,7,18666,245,60,-2522,-1763,12,2,8,7,0,18423,7.6,20429,250,68,0,6,-1,-4,-2,-5,-8,-0.6
"7653","Blue","Red","Blue","Blue",15,1,9,11,0,17495,7,19239,235,44,1858,1429,38,1,4,3,0,15637,6.8,17810,215,52,0,-23,0,5,8,20,-8,0.2
"7654","Red","Blue","Neither","Red",19,4,4,7,0,14891,6.6,17103,210,44,-996,-1894,16,2,3,3,0,15887,7,18997,261,60,0,3,2,1,4,-51,-16,-0.4
"7655","Blue","Red","Neither","Red",12,3,6,3,0,16072,7,18312,229,40,-346,316,15,1,6,6,0,16418,6.8,17996,241,43,0,-3,2,0,-3,-12,-3,0.2
"7656","Red","Neither","Neither","Red",17,1,5,4,0,15460,6.6,16868,184,56,-1946,-1148,17,0,7,8,0,17406,7,18016,250,59,0,0,1,-2,-4,-66,-3,-0.4
"7657","Red","Neither","Neither","Blue",58,0,8,9,0,16708,7,17428,193,38,-775,-412,14,5,11,8,0,17483,7,17840,178,44,0,44,-5,-3,1,15,-6,0
"7658","Blue","Red","Blue","Blue",18,4,12,15,0,18275,6.6,17102,173,39,-1963,-1936,19,5,13,20,0,20238,7.2,19038,214,49,0,-1,-1,-1,-5,-41,-10,-0.600000000000001
"7659","Red","Neither","Red","Red",11,2,2,2,0,13785,6.4,15847,195,44,-6199,-4997,30,3,9,6,2,19984,7.6,20844,249,57,-2,-19,-1,-7,-4,-54,-13,-1.2
"7660","Blue","Neither","Neither","Red",31,2,11,11,0,18596,7.6,20017,198,68,520,941,18,1,13,9,0,18076,7.2,19076,207,40,0,13,1,-2,2,-9,28,0.399999999999999
"7661","Blue","Red","Red","Red",15,2,5,8,0,15964,6.8,17988,206,65,-243,860,17,2,6,8,0,16207,6.6,17128,205,43,0,-2,0,-1,0,1,22,0.2
"7662","Blue","Neither","Neither","Blue",13,2,8,11,0,18343,6.8,18609,246,56,3314,2262,15,1,4,4,0,15029,6.6,16347,204,36,0,-2,1,4,7,42,20,0.2
"7663","Blue","Neither","Blue","Red",13,2,4,0,1,17079,7.4,19361,250,66,1680,2384,50,2,4,3,0,15399,6.6,16977,200,62,1,-37,0,0,-3,50,4,0.800000000000001
"7664","Blue","Blue","Blue","Blue",17,4,13,11,0,19639,7.2,19564,239,56,5025,3609,13,3,5,8,0,14614,6.4,15955,147,52,0,4,1,8,3,92,4,0.8
"7665","Blue","Neither","Neither","Blue",39,4,12,19,1,20560,7.4,19784,216,52,4426,2385,15,3,6,6,0,16134,6.6,17399,206,60,1,24,1,6,13,10,-8,0.800000000000001
"7666","Blue","Neither","Red","Red",15,2,4,5,0,15013,6.6,16013,210,41,-1937,-1459,11,3,7,10,0,16950,6.8,17472,197,52,0,4,-1,-3,-5,13,-11,-0.2
"7667","Red","Neither","Neither","Red",103,1,6,5,0,15846,6.8,18039,201,62,1481,996,18,0,3,2,0,14365,7,17043,208,39,0,85,1,3,3,-7,23,-0.2
"7668","Red","Red","Neither","Red",47,4,3,6,0,15018,6.4,15571,192,36,-3643,-3628,41,3,10,18,0,18661,7,19199,220,55,0,6,1,-7,-12,-28,-19,-0.6
"7669","Red","Neither","Neither","Blue",15,3,6,4,0,16123,6.6,16738,194,49,-2240,-1945,17,2,10,13,0,18363,6.8,18683,223,52,0,-2,1,-4,-9,-29,-3,-0.2
"7670","Blue","Blue","Neither","Blue",70,2,8,8,0,17166,7.4,20100,208,63,2027,2259,13,4,3,1,0,15139,6.8,17841,218,48,0,57,-2,5,7,-10,15,0.600000000000001
"7671","Blue","Blue","Neither","Red",13,1,3,3,0,15431,6.8,17257,237,48,-2844,-2533,36,2,9,11,0,18275,7.2,19790,221,44,0,-23,-1,-6,-8,16,4,-0.4
"7672","Blue","Neither","Red","Blue",20,8,2,1,0,14814,7,18414,233,60,500,1220,20,5,2,5,0,14314,6.8,17194,213,48,0,0,3,0,-4,20,12,0.2
"7673","Red","Neither","Neither","Red",16,4,9,9,0,17554,7.4,19237,243,46,-315,-293,14,2,12,7,0,17869,7.4,19530,179,50,0,2,2,-3,2,64,-4,0
"7674","Red","Neither","Neither","Blue",17,3,4,4,0,14450,6.4,16178,191,44,-4625,-3193,15,4,10,11,0,19075,7.2,19371,236,53,0,2,-1,-6,-7,-45,-9,-0.8
"7675","Red","Red","Neither","Red",14,1,6,8,0,15193,6.4,16021,199,45,-2162,-1230,13,2,8,11,0,17355,6.6,17251,205,45,0,1,-1,-2,-3,-6,0,-0.199999999999999
"7676","Blue","Neither","Neither","Red",15,0,10,6,0,19140,7.4,20293,257,72,4170,4481,11,1,5,3,0,14970,6.4,15812,171,60,0,4,-1,5,3,86,12,1
"7677","Blue","Blue","Neither","Blue",15,2,6,8,0,16388,6.8,17884,236,40,-473,-1354,19,2,6,9,0,16861,7.4,19238,235,69,0,-4,0,0,-1,1,-29,-0.600000000000001
"7678","Blue","Blue","Blue","Blue",17,3,11,9,0,18532,7.6,19666,202,68,3248,2592,14,5,5,6,0,15284,6.6,17074,164,57,0,3,-2,6,3,38,11,1
"7679","Red","Red","Neither","Red",14,2,2,3,0,14332,6.4,15949,219,51,-5624,-4155,19,2,14,19,0,19956,7.4,20104,226,49,0,-5,0,-12,-16,-7,2,-1
"7680","Red","Blue","Neither","Red",17,5,2,5,0,14697,6.8,17577,230,56,-1769,-587,18,5,6,6,0,16466,7,18164,254,40,0,-1,0,-4,-1,-24,16,-0.2
"7681","Red","Blue","Neither","Red",19,3,6,9,0,15731,6.8,17396,236,37,-2238,-1138,17,2,8,8,0,17969,7.2,18534,235,65,0,2,1,-2,1,1,-28,-0.4
"7682","Red","Red","Neither","Red",17,3,1,0,0,13881,6.6,16578,215,55,-3756,-1406,40,3,10,10,0,17637,7.2,17984,184,40,0,-23,0,-9,-10,31,15,-0.600000000000001
"7683","Red","Red","Red","Blue",108,0,7,7,0,15857,6.6,16404,177,52,-2314,-1903,16,3,8,8,0,18171,6.8,18307,203,48,0,92,-3,-1,-1,-26,4,-0.2
"7684","Blue","Neither","Red","Blue",16,2,4,4,0,16131,7,17990,242,57,-207,-1282,16,3,6,3,0,16338,7.2,19272,223,65,0,0,-1,-2,1,19,-8,-0.2
"7685","Blue","Blue","Neither","Blue",20,6,11,12,0,19349,7.2,19673,219,51,2445,1807,15,2,8,10,0,16904,6.8,17866,194,48,0,5,4,3,2,25,3,0.4
"7686","Blue","Neither","Neither","Blue",16,2,6,11,0,16731,7,17558,239,49,2073,2090,15,4,4,4,0,14658,6.4,15468,203,38,0,1,-2,2,7,36,11,0.6
"7687","Blue","Red","Red","Red",16,4,8,10,0,18363,7.6,20591,250,56,2012,2314,16,0,4,4,0,16351,7,18277,221,60,0,0,4,4,6,29,-4,0.6
"7688","Red","Red","Neither","Red",13,5,5,4,0,15132,6.6,17149,196,44,-1740,-916,20,3,7,8,0,16872,6.8,18065,230,56,0,-7,2,-2,-4,-34,-12,-0.2
"7689","Blue","Blue","Neither","Red",18,3,8,7,0,17393,7.2,19257,219,60,1959,2441,17,4,5,7,0,15434,6.6,16816,212,43,0,1,-1,3,0,7,17,0.600000000000001
"7690","Red","Neither","Neither","Blue",17,2,3,4,0,15615,6.8,18309,237,51,1471,187,17,4,1,1,0,14144,6.8,18122,187,56,0,0,-2,2,3,50,-5,0
"7691","Red","Red","Neither","Red",26,4,4,6,0,15358,6.6,16660,213,32,-3859,-2011,20,3,12,10,0,19217,6.8,18671,216,56,0,6,1,-8,-4,-3,-24,-0.2
"7692","Red","Red","Neither","Red",39,4,1,1,0,13936,6.6,16231,235,45,-2566,-1797,15,2,5,5,0,16502,7,18028,264,51,0,24,2,-4,-4,-29,-6,-0.4
"7693","Blue","Red","Neither","Red",15,2,10,7,0,17047,7.2,18719,202,40,-1518,-1106,18,2,10,5,0,18565,7.4,19825,256,47,0,-3,0,0,2,-54,-7,-0.2
"7694","Blue","Blue","Neither","Blue",17,2,6,5,0,16350,7.2,18813,233,44,1387,702,14,1,3,3,0,14963,6.8,18111,217,56,0,3,1,3,2,16,-12,0.4
"7695","Blue","Blue","Neither","Red",19,0,6,5,0,16444,7,18703,207,60,370,726,11,3,6,3,0,16074,6.8,17977,226,44,0,8,-3,0,2,-19,16,0.2
"7696","Blue","Blue","Red","Blue",16,1,17,20,1,21703,7.2,19827,202,48,7605,3993,15,0,4,2,0,14098,6.4,15834,177,56,1,1,1,13,18,25,-8,0.8
"7697","Red","Neither","Neither","Red",15,5,9,8,0,16526,6.6,17292,194,41,-609,-1011,19,5,9,10,0,17135,7,18303,228,36,0,-4,0,0,-2,-34,5,-0.4
"7698","Red","Red","Neither","Blue",16,5,2,2,0,14698,6.8,17544,208,69,-501,-1154,37,2,3,2,0,15199,7.2,18698,227,59,0,-21,3,-1,0,-19,10,-0.4
"7699","Blue","Red","Neither","Red",15,4,4,5,0,15329,6.8,17425,210,59,-486,180,59,4,5,9,0,15815,6.8,17245,218,48,0,-44,0,-1,-4,-8,11,0
"7700","Red","Blue","Neither","Blue",92,3,3,0,0,14746,6.8,17610,206,56,-1108,-370,16,1,6,6,0,15854,7,17980,210,52,0,76,2,-3,-6,-4,4,-0.2
"7701","Red","Neither","Neither","Red",20,4,4,5,0,15831,7.2,17839,247,55,-152,16,37,4,4,6,0,15983,7,17823,243,40,0,-17,0,0,-1,4,15,0.2
"7702","Blue","Neither","Neither","Red",13,3,8,8,0,18575,7.2,18686,228,42,1501,274,15,2,8,7,0,17074,7.2,18412,219,43,0,-2,1,0,1,9,-1,0
"7703","Blue","Red","Neither","Blue",13,3,6,9,0,16803,7.4,19509,242,44,1829,1496,15,1,2,2,0,14974,7,18013,239,48,0,-2,2,4,7,3,-4,0.4
"7704","Red","Blue","Neither","Blue",16,1,5,4,0,16666,7.2,18258,236,64,-790,-741,33,0,7,7,0,17456,7.2,18999,230,60,0,-17,1,-2,-3,6,4,0
"7705","Blue","Blue","Neither","Blue",14,0,10,10,0,18616,7.4,19395,213,76,1885,1082,8,2,9,9,0,16731,7,18313,189,45,0,6,-2,1,1,24,31,0.4
"7706","Blue","Neither","Red","Blue",14,2,2,2,0,14939,6.4,16939,218,40,-1348,-2082,16,1,5,4,0,16287,7.4,19021,250,52,0,-2,1,-3,-2,-32,-12,-1
"7707","Blue","Red","Neither","Red",15,1,8,8,0,16828,6.8,17628,227,42,-47,-888,17,0,6,10,0,16875,7,18516,240,68,0,-2,1,2,-2,-13,-26,-0.2
"7708","Red","Red","Red","Red",27,4,4,5,0,15398,6.8,17243,213,56,-1091,-617,15,0,7,5,0,16489,6.8,17860,222,59,0,12,4,-3,0,-9,-3,0
"7709","Blue","Blue","Neither","Red",23,1,2,1,0,14087,6.4,16178,217,44,-1808,-1818,17,3,6,7,0,15895,7.2,17996,183,50,0,6,-2,-4,-6,34,-6,-0.8
"7710","Blue","Blue","Neither","Red",14,2,6,8,0,17081,7.2,18350,226,58,2061,924,18,2,4,3,0,15020,6.8,17426,218,44,0,-4,0,2,5,8,14,0.4
"7711","Red","Neither","Red","Red",16,2,4,4,0,16216,7,17978,233,40,-872,-432,86,5,7,8,0,17088,7,18410,213,53,0,-70,-3,-3,-4,20,-13,0
"7712","Blue","Red","Neither","Red",18,3,9,16,0,17174,6.8,16698,186,33,-1682,-2102,20,3,11,15,0,18856,7.2,18800,221,81,0,-2,0,-2,1,-35,-48,-0.4
"7713","Red","Red","Neither","Blue",21,5,8,7,0,17161,6.8,17805,227,28,-262,-1246,13,7,8,10,0,17423,7,19051,202,72,0,8,-2,0,-3,25,-44,-0.2
"7714","Blue","Red","Neither","Red",56,1,12,13,0,18119,7,18951,198,48,4108,2927,10,1,4,1,0,14011,6.4,16024,179,51,0,46,0,8,12,19,-3,0.6
"7715","Red","Red","Neither","Blue",17,1,5,4,0,15332,6.6,16368,187,52,-2398,-2326,17,1,11,8,0,17730,7.2,18694,202,52,0,0,0,-6,-4,-15,0,-0.600000000000001
"7716","Red","Neither","Red","Red",13,3,5,10,0,16386,7.2,18530,218,56,-167,309,12,1,4,3,0,16553,7,18221,230,49,0,1,2,1,7,-12,7,0.2
"7717","Blue","Blue","Blue","Blue",37,6,9,8,0,18591,7.4,20081,260,62,3105,2085,37,2,4,5,0,15486,6.8,17996,208,70,0,0,4,5,3,52,-8,0.600000000000001
"7718","Red","Red","Blue","Blue",39,2,6,8,0,16138,6.8,17626,178,52,-1208,-1365,18,5,8,7,0,17346,7.2,18991,215,60,0,21,-3,-2,1,-37,-8,-0.4
"7719","Blue","Blue","Neither","Blue",15,0,7,3,1,18662,7.4,19321,255,66,4088,2662,16,2,2,2,0,14574,6.6,16659,209,64,1,-1,-2,5,1,46,2,0.800000000000001
"7720","Blue","Neither","Neither","Red",17,3,7,9,0,16454,7,18576,207,45,2042,1127,15,2,2,1,0,14412,6.8,17449,195,72,0,2,1,5,8,12,-27,0.2
"7721","Red","Blue","Neither","Red",16,2,8,9,0,15797,6.2,15229,168,34,-4801,-5205,16,5,15,14,0,20598,7.4,20434,219,50,0,0,-3,-7,-5,-51,-16,-1.2
"7722","Blue","Blue","Neither","Blue",19,3,6,7,0,16028,6.8,17147,220,45,192,-1312,14,2,5,3,0,15836,7.2,18459,211,56,0,5,1,1,4,9,-11,-0.4
"7723","Blue","Blue","Neither","Blue",17,3,6,8,0,15142,6.2,14696,178,46,-566,-3406,20,0,4,2,0,15708,7,18102,246,48,0,-3,3,2,6,-68,-2,-0.8
"7724","Blue","Blue","Blue","Blue",10,2,7,8,0,16849,6.6,16993,205,38,1651,402,18,2,4,7,0,15198,6.6,16591,207,42,0,-8,0,3,1,-2,-4,0
"7725","Red","Neither","Blue","Red",17,1,15,13,0,20066,7.2,19018,209,40,4646,3861,18,2,7,7,0,15420,6,15157,193,33,0,-1,-1,8,6,16,7,1.2
"7726","Red","Neither","Neither","Blue",41,3,2,0,0,14312,6.8,17694,216,52,-980,-684,17,3,3,0,0,15292,7,18378,236,52,0,24,0,-1,0,-20,0,-0.2
"7727","Blue","Red","Red","Blue",13,1,5,7,0,16786,7.4,19003,260,44,2264,1130,14,3,1,1,0,14522,6.8,17873,247,61,0,-1,-2,4,6,13,-17,0.600000000000001
"7728","Red","Blue","Neither","Red",19,4,2,1,0,14299,6.8,17111,211,47,-1673,-787,17,4,5,8,0,15972,7,17898,228,40,0,2,0,-3,-7,-17,7,-0.2
"7729","Red","Neither","Red","Blue",15,2,8,14,0,15724,6.2,15396,203,28,-866,-2133,23,1,6,5,0,16590,7,17529,198,51,0,-8,1,2,9,5,-23,-0.8
"7730","Blue","Red","Neither","Red",16,3,2,1,0,14828,7.2,18224,234,60,-1402,-90,16,1,5,10,0,16230,7.2,18314,230,65,0,0,2,-3,-9,4,-5,0
"7731","Blue","Blue","Blue","Red",38,3,8,8,0,16294,6.6,17550,186,44,-445,-293,89,2,6,6,0,16739,6.8,17843,193,58,0,-51,1,2,2,-7,-14,-0.2
"7732","Blue","Neither","Neither","Red",15,2,4,4,0,15761,7,17783,230,59,-802,-1243,17,2,5,5,0,16563,7.4,19026,247,54,0,-2,0,-1,-1,-17,5,-0.4
"7733","Red","Red","Neither","Blue",57,1,4,7,0,14565,6.4,16719,192,42,179,-417,14,2,3,2,0,14386,6.6,17136,199,58,0,43,-1,1,5,-7,-16,-0.199999999999999
"7734","Blue","Red","Neither","Blue",20,1,4,7,0,15711,7,17395,223,59,886,706,17,4,3,4,0,14825,6.8,16689,225,40,0,3,-3,1,3,-2,19,0.2
"7735","Blue","Blue","Neither","Blue",13,4,7,2,0,16116,7.2,19219,246,49,1409,2205,19,0,2,2,0,14707,6.8,17014,203,51,0,-6,4,5,0,43,-2,0.4
"7736","Blue","Red","Red","Red",13,5,4,8,0,14629,6.8,16283,183,52,-3259,-1518,18,0,10,16,0,17888,7,17801,210,40,0,-5,5,-6,-8,-27,12,-0.2
"7737","Red","Blue","Neither","Blue",12,15,4,5,0,15694,6.8,17914,219,52,1074,237,57,2,3,2,0,14620,6.8,17677,210,48,0,-45,13,1,3,9,4,0
"7738","Red","Red","Neither","Red",21,3,7,6,0,17041,7.4,18750,232,52,1016,2078,58,3,6,7,0,16025,6.6,16672,211,38,0,-37,0,1,-1,21,14,0.800000000000001
"7739","Red","Red","Red","Red",13,3,3,3,0,15478,7,18118,214,60,-697,-1133,15,2,5,4,0,16175,7.2,19251,244,62,0,-2,1,-2,-1,-30,-2,-0.2
"7740","Red","Red","Red","Blue",13,1,7,9,0,16956,7,18267,229,28,399,1148,15,1,7,12,0,16557,6.8,17119,187,55,0,-2,0,0,-3,42,-27,0.2
"7741","Blue","Red","Neither","Red",12,4,4,2,0,16956,7.2,19562,252,81,-387,1466,16,2,10,11,0,17343,7,18096,236,44,0,-4,2,-6,-9,16,37,0.2
"7742","Blue","Blue","Blue","Blue",14,4,11,5,1,19172,7,18959,242,52,3456,3233,18,5,5,5,0,15716,6.4,15726,197,52,1,-4,-1,6,0,45,0,0.6
"7743","Blue","Neither","Neither","Blue",13,0,8,5,0,16979,7.2,18700,213,48,1486,991,14,0,5,3,0,15493,7,17709,200,46,0,-1,0,3,2,13,2,0.2
"7744","Red","Red","Neither","Red",80,5,2,3,0,14806,6.8,17653,211,66,-2194,-1240,22,3,6,7,0,17000,7,18893,247,44,0,58,2,-4,-4,-36,22,-0.2
"7745","Red","Blue","Neither","Red",35,3,7,9,1,18244,7,18223,205,60,-173,-989,14,0,10,9,0,18417,7,19212,210,52,1,21,3,-3,0,-5,8,0
"7746","Blue","Red","Neither","Blue",19,3,5,7,0,16989,7,18031,256,60,2000,1065,16,4,4,7,0,14989,6.8,16966,206,51,0,3,-1,1,0,50,9,0.2
"7747","Red","Neither","Red","Red",16,3,3,3,0,14281,6.2,13851,183,28,-7666,-5484,19,0,15,15,1,21947,7.2,19335,231,80,-1,-3,3,-12,-12,-48,-52,-1
"7748","Blue","Neither","Neither","Blue",59,2,2,2,0,15393,6.8,17028,230,47,1875,1361,16,3,0,0,0,13518,6.4,15667,215,60,0,43,-1,2,2,15,-13,0.399999999999999
"7749","Blue","Blue","Red","Blue",16,4,8,9,0,17636,7.4,19295,249,51,2578,1160,15,1,3,1,0,15058,7,18135,232,56,0,1,3,5,8,17,-5,0.4
"7750","Blue","Neither","Neither","Red",49,5,6,10,0,16600,6.8,17594,213,56,-629,-1232,22,5,9,10,0,17229,7,18826,203,33,0,27,0,-3,0,10,23,-0.2
"7751","Red","Neither","Neither","Blue",15,1,7,10,0,15889,7,18326,228,32,-1253,17,16,3,6,7,0,17142,7,18309,225,44,0,-1,-2,1,3,3,-12,0
"7752","Red","Red","Neither","Blue",17,4,13,10,0,19657,7,18537,204,44,1675,-423,15,1,8,9,0,17982,7.2,18960,202,64,0,2,3,5,1,2,-20,-0.2
"7753","Blue","Red","Red","Blue",18,5,8,5,0,16818,7,18454,231,45,3138,2806,16,1,3,0,0,13680,6.4,15648,196,51,0,2,4,5,5,35,-6,0.6
"7754","Blue","Blue","Blue","Blue",15,4,8,6,0,17415,7.2,19432,246,48,2148,1502,15,1,3,1,0,15267,6.8,17930,212,64,0,0,3,5,5,34,-16,0.4
"7755","Blue","Neither","Neither","Blue",16,0,6,7,0,16602,7.2,19275,246,54,2919,2298,12,1,1,0,0,13683,6.6,16977,214,41,0,4,-1,5,7,32,13,0.600000000000001
"7756","Red","Red","Neither","Blue",39,2,7,13,0,17181,7,18481,184,47,-2692,-1609,55,3,15,20,0,19873,7.4,20090,191,34,0,-16,-1,-8,-7,-7,13,-0.4
"7757","Blue","Red","Blue","Blue",17,4,7,6,0,16492,6.6,16905,202,32,-499,-295,16,1,7,10,0,16991,6.8,17200,220,56,0,1,3,0,-4,-18,-24,-0.2
"7758","Red","Blue","Neither","Blue",18,3,4,6,0,16410,6.8,18121,236,60,75,644,16,5,6,7,0,16335,7,17477,201,58,0,2,-2,-2,-1,35,2,-0.2
"7759","Red","Neither","Neither","Red",54,4,3,5,0,15238,6.8,16831,209,40,-1314,-1498,17,1,5,6,0,16552,6.8,18329,226,63,0,37,3,-2,-1,-17,-23,0
"7760","Blue","Blue","Neither","Blue",43,7,16,18,0,20271,7.2,19487,200,47,3243,1919,19,1,7,8,0,17028,6.8,17568,235,34,0,24,6,9,10,-35,13,0.4
"7761","Red","Neither","Neither","Blue",16,2,5,2,0,15372,7,17632,228,48,-443,-732,44,5,4,3,0,15815,7.2,18364,237,56,0,-28,-3,1,-1,-9,-8,-0.2
"7762","Red","Red","Neither","Red",22,3,3,4,0,14930,6.6,16710,222,36,-1844,-1368,37,4,9,9,0,16774,6.8,18078,212,36,0,-15,-1,-6,-5,10,0,-0.2
"7763","Blue","Neither","Red","Blue",18,2,8,10,0,17450,7.2,18989,236,52,270,638,17,4,7,5,0,17180,6.8,18351,220,48,0,1,-2,1,5,16,4,0.4
"7764","Blue","Red","Neither","Blue",15,4,1,1,0,14812,6.6,17296,254,53,1221,-311,37,3,0,0,0,13591,6.8,17607,214,60,0,-22,1,1,1,40,-7,-0.2
"7765","Red","Neither","Neither","Red",14,1,9,10,0,17605,7.2,19074,241,40,1132,778,82,3,5,5,0,16473,7,18296,219,59,0,-68,-2,4,5,22,-19,0.2
"7766","Red","Red","Neither","Red",13,1,5,5,0,16841,6.8,17341,234,46,-1482,-724,16,1,9,11,0,18323,7,18065,199,52,0,-3,0,-4,-6,35,-6,-0.2
"7767","Blue","Blue","Blue","Blue",20,4,5,8,0,16321,7,18143,249,52,1151,-108,17,1,3,4,0,15170,7,18251,218,47,0,3,3,2,4,31,5,0
"7768","Blue","Red","Blue","Red",14,3,5,7,0,16270,6.8,17716,230,53,-143,708,15,2,8,8,0,16413,6.6,17008,206,42,0,-1,1,-3,-1,24,11,0.2
"7769","Blue","Blue","Neither","Blue",41,0,7,5,0,15954,7,17461,191,54,305,-374,14,1,5,9,0,15649,6.8,17835,234,41,0,27,-1,2,-4,-43,13,0.2
"7770","Red","Blue","Neither","Red",14,2,5,0,0,15682,7,18027,247,44,-438,-778,47,0,6,6,0,16120,7,18805,206,51,0,-33,2,-1,-6,41,-7,0
"7771","Red","Red","Neither","Red",22,1,5,6,0,16190,7,17466,215,59,-3531,-1781,20,3,11,21,0,19721,7.2,19247,236,60,0,2,-2,-6,-15,-21,-1,-0.2
"7772","Blue","Blue","Blue","Red",15,2,12,16,1,19572,7,18020,213,40,3987,1169,14,1,5,6,0,15585,6.6,16851,193,40,1,1,1,7,10,20,0,0.4
"7773","Red","Red","Red","Red",16,1,5,5,0,15930,6.8,17859,236,48,179,-962,37,3,5,4,0,15751,7.2,18821,225,52,0,-21,-2,0,1,11,-4,-0.4
"7774","Red","Red","Neither","Red",13,3,1,1,0,13785,6.8,16211,215,43,-4124,-3090,16,3,10,13,0,17909,7.2,19301,260,54,0,-3,0,-9,-12,-45,-11,-0.4
"7775","Blue","Neither","Blue","Blue",16,3,6,7,0,16898,7.2,19309,247,57,2927,3135,15,4,2,2,0,13971,6.6,16174,212,49,0,1,-1,4,5,35,8,0.600000000000001
"7776","Blue","Blue","Blue","Red",74,0,7,5,0,18333,6.8,18853,229,64,1665,1578,13,1,7,15,0,16668,6.8,17275,181,56,0,61,-1,0,-10,48,8,0
"7777","Red","Blue","Neither","Red",13,2,1,1,0,14289,6.8,16754,220,56,-2946,-2952,17,1,6,7,0,17235,7.2,19706,223,67,0,-4,1,-5,-6,-3,-11,-0.4
"7778","Blue","Neither","Neither","Blue",10,4,7,13,0,16501,7,18045,208,63,1440,1148,18,2,3,2,0,15061,6.8,16897,258,42,0,-8,2,4,11,-50,21,0.2
"7779","Blue","Neither","Neither","Blue",15,3,5,5,0,16618,7.2,19643,250,52,2263,1451,16,1,1,1,0,14355,6.8,18192,243,52,0,-1,2,4,4,7,0,0.4
"7780","Red","Blue","Blue","Blue",54,2,6,6,0,16557,7.2,18637,261,50,1878,703,17,2,0,0,0,14679,7,17934,233,56,0,37,0,6,6,28,-6,0.2
"7781","Red","Neither","Red","Blue",79,1,11,10,0,16978,5.6,13699,158,28,-4259,-3503,28,3,14,21,2,21237,7,17202,203,34,-2,51,-2,-3,-11,-45,-6,-1.4
"7782","Red","Red","Neither","Red",18,0,6,6,0,16577,6.6,16338,221,36,-1311,-1472,19,1,10,12,0,17888,7,17810,169,72,0,-1,-1,-4,-6,52,-36,-0.4
"7783","Red","Neither","Neither","Blue",17,2,4,2,0,14706,6.6,16463,195,44,-3856,-1959,28,5,9,14,0,18562,7,18422,250,48,0,-11,-3,-5,-12,-55,-4,-0.4
"7784","Red","Red","Neither","Red",15,4,7,8,0,16795,6.8,18170,217,52,-1317,-816,17,1,9,14,0,18112,7.4,18986,247,51,0,-2,3,-2,-6,-30,1,-0.600000000000001
"7785","Red","Blue","Neither","Red",57,1,4,3,0,15288,7,18195,242,56,-1538,-320,18,4,5,9,0,16826,7,18515,226,60,0,39,-3,-1,-6,16,-4,0
"7786","Blue","Blue","Blue","Red",57,6,5,5,0,14875,6.8,17019,194,48,-1641,-602,17,4,6,5,0,16516,6.8,17621,217,44,0,40,2,-1,0,-23,4,0
"7787","Blue","Neither","Blue","Red",13,3,7,6,0,16861,6.8,17932,184,35,-1255,-254,85,1,10,10,0,18116,7.2,18186,195,48,0,-72,2,-3,-4,-11,-13,-0.4
"7788","Red","Blue","Neither","Blue",15,1,9,8,0,17136,6.8,17077,203,34,-1154,-93,15,2,10,13,0,18290,6.6,17170,189,64,0,0,-1,-1,-5,14,-30,0.2
"7789","Blue","Blue","Neither","Red",15,1,8,10,0,17765,7.2,19108,242,52,2312,2522,14,3,7,5,0,15453,6.6,16586,170,40,0,1,-2,1,5,72,12,0.600000000000001
"7790","Red","Red","Neither","Blue",48,3,3,1,0,14555,6.6,16626,200,52,-4431,-4570,89,1,10,12,0,18986,7.6,21196,251,68,0,-41,2,-7,-11,-51,-16,-1
"7791","Red","Blue","Red","Red",19,1,2,2,0,14020,6.4,15872,203,55,-4215,-1902,14,4,10,11,0,18235,6.8,17774,229,48,0,5,-3,-8,-9,-26,7,-0.399999999999999
"7792","Blue","Blue","Neither","Blue",23,5,8,13,0,17575,7.2,18579,228,52,2658,1915,18,3,2,2,0,14917,6.6,16664,211,50,0,5,2,6,11,17,2,0.600000000000001
"7793","Red","Blue","Neither","Red",16,4,5,3,0,15307,6.8,17610,227,56,-2576,-2182,16,3,8,5,0,17883,7.4,19792,249,56,0,0,1,-3,-2,-22,0,-0.600000000000001
"7794","Blue","Red","Neither","Blue",21,2,5,4,0,16751,7.2,19355,245,53,3029,1278,13,0,1,1,0,13722,6.8,18077,189,66,0,8,2,4,3,56,-13,0.4
"7795","Blue","Red","Neither","Red",15,1,7,10,0,16271,7,17500,218,40,787,846,15,1,5,4,0,15484,6.8,16654,208,46,0,0,0,2,6,10,-6,0.2
"7796","Red","Red","Neither","Blue",22,1,7,6,0,16420,6.8,17929,209,55,-514,-1465,36,3,6,9,0,16934,7.2,19394,236,68,0,-14,-2,1,-3,-27,-13,-0.4
"7797","Blue","Red","Neither","Red",22,2,6,4,0,15570,7,17682,180,49,-227,923,14,4,6,5,0,15797,6.6,16759,227,36,0,8,-2,0,-1,-47,13,0.4
"7798","Red","Neither","Neither","Red",16,3,3,1,0,14948,6.8,17612,218,48,-347,125,16,3,3,2,0,15295,6.6,17487,204,52,0,0,0,0,-1,14,-4,0.2
"7799","Red","Neither","Blue","Blue",25,4,4,8,0,15167,6.4,15683,220,37,-1645,-1268,16,6,8,17,0,16812,6.4,16951,198,44,0,9,-2,-4,-9,22,-7,0
"7800","Blue","Red","Red","Red",12,2,3,3,0,15484,6.8,18175,250,49,239,-709,12,2,2,0,0,15245,7.2,18884,209,88,0,0,0,1,3,41,-39,-0.4
"7801","Blue","Red","Neither","Blue",17,6,8,12,0,17856,6.8,18232,221,50,226,-955,11,2,8,8,0,17630,7.2,19187,221,50,0,6,4,0,4,0,0,-0.4
"7802","Red","Red","Neither","Red",16,2,3,5,0,14767,7,17485,212,68,-2150,-1486,13,1,7,9,0,16917,7.2,18971,225,59,0,3,1,-4,-4,-13,9,-0.2
"7803","Blue","Neither","Blue","Blue",20,2,11,11,0,18474,7,18239,217,43,2680,1517,15,3,5,4,0,15794,6.4,16722,219,51,0,5,-1,6,7,-2,-8,0.6
"7804","Red","Red","Neither","Red",15,2,0,0,0,14183,6.8,17942,243,64,-975,334,15,2,3,5,0,15158,7,17608,206,48,0,0,0,-3,-5,37,16,-0.2
"7805","Blue","Red","Blue","Blue",15,3,4,5,0,15971,7.2,18396,242,59,484,-614,20,2,4,1,0,15487,7.2,19010,242,64,0,-5,1,0,4,0,-5,0
"7806","Red","Neither","Neither","Red",16,3,2,0,0,14319,6.4,16192,210,56,-2914,-1623,74,2,9,15,0,17233,6.8,17815,193,37,0,-58,1,-7,-15,17,19,-0.399999999999999
"7807","Red","Blue","Red","Red",47,1,3,4,0,16206,7,18093,260,54,-795,-1185,35,24,3,4,0,17001,7.2,19278,242,80,0,12,-23,0,0,18,-26,-0.2
"7808","Red","Blue","Neither","Blue",41,4,5,5,0,15704,7.2,18000,213,59,1208,1363,19,4,3,3,0,14496,6.8,16637,209,52,0,22,0,2,2,4,7,0.4
"7809","Blue","Blue","Neither","Red",18,2,9,6,0,18137,7,19154,218,62,201,1596,17,3,9,14,0,17936,6.6,17558,197,61,0,1,-1,0,-8,21,1,0.4
"7810","Red","Red","Neither","Red",20,3,2,2,0,14944,6.6,17675,239,47,-2695,-1275,14,3,9,9,0,17639,7,18950,252,46,0,6,0,-7,-7,-13,1,-0.4
"7811","Red","Red","Neither","Red",43,3,1,1,0,13172,6,14988,187,28,-7079,-4936,15,5,14,21,0,20251,7.4,19924,222,63,0,28,-2,-13,-20,-35,-35,-1.4
"7812","Red","Blue","Neither","Blue",15,2,9,11,0,18363,7.2,18844,220,52,2120,358,13,4,6,5,0,16243,7,18486,215,56,0,2,-2,3,6,5,-4,0.2
"7813","Red","Neither","Neither","Red",15,2,4,2,0,15200,6.6,17118,228,49,-1806,-541,16,4,8,10,0,17006,7,17659,224,49,0,-1,-2,-4,-8,4,0,-0.4
"7814","Red","Neither","Neither","Red",34,4,7,6,0,17315,7,18632,218,48,297,518,17,6,7,11,0,17018,7,18114,221,46,0,17,-2,0,-5,-3,2,0
"7815","Blue","Neither","Blue","Blue",16,3,4,1,0,16516,7.4,19168,259,60,1234,1855,9,2,4,5,0,15282,6.8,17313,229,44,0,7,1,0,-4,30,16,0.600000000000001
"7816","Red","Red","Neither","Red",10,2,4,2,0,14010,6.4,15841,170,45,-3956,-2930,15,2,9,9,0,17966,7,18771,207,62,0,-5,0,-5,-7,-37,-17,-0.6
"7817","Red","Red","Red","Blue",12,3,4,4,0,15580,6.8,17701,205,52,-731,-118,14,0,7,6,0,16311,6.8,17819,229,54,0,-2,3,-3,-2,-24,-2,0
"7818","Blue","Red","Blue","Red",12,2,7,7,0,17731,7.6,20617,238,80,3339,3179,11,1,2,2,0,14392,6.8,17438,236,46,0,1,1,5,5,2,34,0.8
"7819","Blue","Blue","Neither","Blue",16,4,9,13,0,19186,7.2,19737,261,52,4331,3427,14,2,3,4,0,14855,6.4,16310,199,48,0,2,2,6,9,62,4,0.8
"7820","Blue","Neither","Neither","Blue",16,4,7,6,0,18135,7,19138,252,40,2275,1360,18,2,3,3,0,15860,7,17778,212,72,0,-2,2,4,3,40,-32,0
"7821","Red","Red","Neither","Blue",15,4,7,4,0,15947,7,17802,204,56,-2086,-2017,18,4,9,10,0,18033,7.2,19819,188,64,0,-3,0,-2,-6,16,-8,-0.2
"7822","Red","Blue","Neither","Red",12,3,10,11,0,16681,6.4,16014,168,35,-3637,-2456,18,5,16,17,0,20318,7.2,18470,219,49,0,-6,-2,-6,-6,-51,-14,-0.8
"7823","Blue","Blue","Neither","Blue",13,2,5,4,0,16733,7.2,19451,232,62,2685,2307,20,1,1,2,0,14048,6.8,17144,207,63,0,-7,1,4,2,25,-1,0.4
"7824","Blue","Red","Neither","Red",11,3,4,4,0,15233,7,17625,220,44,-1121,-858,18,2,9,6,0,16354,7,18483,210,40,0,-7,1,-5,-2,10,4,0
"7825","Blue","Red","Neither","Blue",16,0,7,7,0,18406,7.4,19320,247,56,4990,2055,79,1,0,0,0,13416,6.8,17265,196,70,0,-63,-1,7,7,51,-14,0.600000000000001
"7826","Red","Neither","Red","Blue",11,5,7,7,0,16711,6.4,15855,201,51,-3289,-4291,15,1,16,17,0,20000,7.4,20146,201,49,0,-4,4,-9,-10,0,2,-1
"7827","Red","Red","Neither","Red",16,2,7,7,0,16093,6.4,16567,175,40,-1805,-2047,32,6,8,9,0,17898,6.8,18614,238,48,0,-16,-4,-1,-2,-63,-8,-0.399999999999999
"7828","Blue","Neither","Neither","Blue",15,2,3,2,0,15563,7.2,18747,252,42,446,429,18,2,3,2,0,15117,6.8,18318,229,62,0,-3,0,0,0,23,-20,0.4
"7829","Red","Red","Blue","Blue",16,2,5,4,0,15745,6.8,17698,203,60,-859,361,15,5,5,8,0,16604,6.8,17337,220,52,0,1,-3,0,-4,-17,8,0
"7830","Red","Red","Neither","Red",19,2,8,12,0,15958,6.6,17066,185,44,231,-184,13,3,6,2,0,15727,6.8,17250,208,48,0,6,-1,2,10,-23,-4,-0.2
"7831","Blue","Blue","Neither","Blue",26,1,9,12,0,17501,7,17203,195,45,3195,1056,14,6,5,4,0,14306,6.4,16147,166,36,0,12,-5,4,8,29,9,0.6
"7832","Blue","Blue","Neither","Red",15,4,7,6,0,18038,7.2,19458,240,64,3973,3481,14,1,3,1,0,14065,6.6,15977,195,48,0,1,3,4,5,45,16,0.600000000000001
"7833","Red","Red","Red","Blue",16,1,4,4,0,16256,6.8,17776,248,57,-2528,-2509,16,4,10,15,0,18784,7.6,20285,221,58,0,0,-3,-6,-11,27,-1,-0.8
"7834","Blue","Red","Neither","Red",13,4,6,2,0,16589,7,18101,239,46,636,-419,51,2,5,3,0,15953,7.2,18520,216,67,0,-38,2,1,-1,23,-21,-0.2
"7835","Red","Blue","Neither","Blue",17,5,5,6,0,15258,7,18398,223,44,993,872,69,2,1,1,0,14265,6.8,17526,225,59,0,-52,3,4,5,-2,-15,0.2
"7836","Blue","Neither","Neither","Red",19,1,7,8,0,16481,7,17470,223,44,-246,-1064,11,1,9,6,0,16727,7,18534,220,31,0,8,0,-2,2,3,13,0
"7837","Red","Red","Neither","Red",51,5,6,7,0,15913,7,17268,195,68,-125,-637,22,3,5,7,0,16038,6.8,17905,232,48,0,29,2,1,0,-37,20,0.2
"7838","Blue","Blue","Neither","Blue",13,4,4,3,0,16162,6.8,17887,257,52,1766,719,15,3,2,3,0,14396,6.6,17168,215,48,0,-2,1,2,0,42,4,0.2
"7839","Blue","Neither","Neither","Blue",40,3,8,7,0,17264,7,18035,214,36,1811,875,16,0,4,5,0,15453,6.6,17160,186,51,0,24,3,4,2,28,-15,0.4
"7840","Red","Blue","Neither","Blue",18,5,7,8,0,16700,7,17519,241,40,-418,-1320,16,3,7,9,0,17118,7,18839,224,48,0,2,2,0,-1,17,-8,0
"7841","Red","Red","Neither","Red",42,3,7,10,0,16337,6.8,17367,197,47,-38,281,15,4,8,4,0,16375,6.6,17086,192,43,0,27,-1,-1,6,5,4,0.2
"7842","Blue","Neither","Neither","Red",34,6,4,7,0,15790,6.8,17533,208,47,-2878,-1184,24,10,11,13,0,18668,7,18717,234,44,0,10,-4,-7,-6,-26,3,-0.2
"7843","Blue","Red","Neither","Red",15,1,4,5,0,15970,7,17837,217,55,-703,-653,22,3,6,6,0,16673,7.2,18490,221,52,0,-7,-2,-2,-1,-4,3,-0.2
"7844","Red","Red","Red","Red",37,5,2,3,0,14933,7.2,18353,213,52,-1957,-354,20,2,7,4,0,16890,7,18707,220,60,0,17,3,-5,-1,-7,-8,0.2
"7845","Blue","Blue","Blue","Red",18,5,9,8,0,18060,7.4,19784,241,52,1982,2243,14,6,6,5,0,16078,6.6,17541,206,48,0,4,-1,3,3,35,4,0.800000000000001
"7846","Red","Neither","Neither","Red",15,1,4,5,0,14732,6.6,16524,208,35,-2642,-2116,33,1,8,8,0,17374,7,18640,227,44,0,-18,0,-4,-3,-19,-9,-0.4
"7847","Blue","Blue","Neither","Blue",19,2,7,3,0,17121,7,18545,242,56,2393,725,26,4,4,3,0,14728,7,17820,194,47,0,-7,-2,3,0,48,9,0
"7848","Blue","Blue","Neither","Blue",18,2,11,9,0,18913,6.6,17351,229,38,3002,1582,9,2,7,8,0,15911,6.4,15769,170,45,0,9,0,4,1,59,-7,0.199999999999999
"7849","Blue","Blue","Blue","Blue",13,1,7,6,0,17237,7.2,18352,196,56,1346,849,17,2,4,3,0,15891,6.8,17503,241,45,0,-4,-1,3,3,-45,11,0.4
"7850","Red","Red","Neither","Red",17,3,1,1,0,13265,6.4,15753,195,52,-6200,-3576,18,3,11,8,1,19465,7.2,19329,248,44,-1,-1,0,-10,-7,-53,8,-0.8
"7851","Blue","Blue","Neither","Blue",15,0,14,19,0,21020,7.6,21002,237,73,7166,4491,14,3,3,6,0,13854,6.6,16511,193,40,0,1,-3,11,13,44,33,1
"7852","Red","Neither","Neither","Blue",18,4,7,11,0,17320,7,18039,210,44,2199,459,14,2,3,4,0,15121,6.8,17580,234,49,0,4,2,4,7,-24,-5,0.2
"7853","Blue","Blue","Neither","Blue",15,3,6,8,0,15586,6.8,17198,199,45,-1022,-1301,19,1,8,7,0,16608,6.8,18499,210,41,0,-4,2,-2,1,-11,4,0
"7854","Red","Neither","Neither","Red",89,2,8,5,0,17208,7.6,20217,218,54,931,740,15,3,6,5,0,16277,7.2,19477,209,56,0,74,-1,2,0,9,-2,0.399999999999999
"7855","Red","Red","Neither","Red",15,1,0,0,0,13282,6.4,16226,194,60,-6225,-3975,12,2,9,9,0,19507,7.4,20201,226,52,0,3,-1,-9,-9,-32,8,-1
"7856","Red","Blue","Neither","Blue",53,3,5,6,0,15555,6.6,17008,222,41,-3638,-3337,15,4,12,13,0,19193,7.6,20345,227,56,0,38,-1,-7,-7,-5,-15,-1
"7857","Blue","Red","Blue","Red",36,3,4,2,0,17008,7.2,19831,255,68,1903,4023,13,12,5,12,0,15105,6.4,15808,182,52,0,23,-9,-1,-10,73,16,0.8
"7858","Red","Neither","Blue","Blue",19,2,6,7,0,16050,6.8,17391,191,48,-513,-1056,97,4,7,10,0,16563,6.8,18447,235,36,0,-78,-2,-1,-3,-44,12,0
"7859","Red","Red","Blue","Blue",10,0,8,6,0,16830,7,18264,203,48,257,1183,29,1,8,9,0,16573,7,17081,180,56,0,-19,-1,0,-3,23,-8,0
"7860","Blue","Red","Neither","Blue",11,0,6,5,0,16370,6.8,17433,209,39,-633,-1089,14,1,8,12,0,17003,7.2,18522,195,66,0,-3,-1,-2,-7,14,-27,-0.4
"7861","Red","Neither","Neither","Red",12,1,3,3,0,14851,6.6,16367,183,66,-3151,-3729,15,1,9,9,0,18002,7.4,20096,207,46,0,-3,0,-6,-6,-24,20,-0.800000000000001
"7862","Red","Red","Neither","Blue",13,2,4,3,0,15325,6.8,17018,215,31,-1931,-1572,16,2,8,16,0,17256,7.2,18590,220,52,0,-3,0,-4,-13,-5,-21,-0.4
"7863","Blue","Red","Red","Blue",17,4,9,12,0,18385,7.4,19948,248,65,607,1293,17,5,8,8,0,17778,7,18655,240,56,0,0,-1,1,4,8,9,0.4
"7864","Red","Neither","Red","Red",14,1,2,0,0,14074,6.4,16376,203,43,-3510,-3014,14,2,7,4,0,17584,7.2,19390,266,44,0,0,-1,-5,-4,-63,-1,-0.8
"7865","Red","Blue","Neither","Blue",15,1,5,2,0,16299,7.2,18568,225,62,1063,-125,14,0,5,3,0,15236,7,18693,202,57,0,1,1,0,-1,23,5,0.2
"7866","Red","Blue","Neither","Red",22,5,7,14,0,16644,6.8,17295,238,48,60,-325,21,6,6,11,0,16584,6.8,17620,229,44,0,1,-1,1,3,9,4,0
"7867","Red","Blue","Blue","Blue",15,3,6,8,0,16997,6.8,17893,215,46,639,-401,15,2,5,6,0,16358,6.8,18294,220,58,0,0,1,1,2,-5,-12,0
"7868","Red","Neither","Neither","Blue",16,1,3,1,0,15360,7,18355,220,55,960,39,16,3,2,2,0,14400,6.8,18316,206,52,0,0,-2,1,-1,14,3,0.2
"7869","Blue","Blue","Red","Blue",14,3,7,6,0,17141,7,18486,230,36,3332,1330,36,4,1,0,0,13809,6.8,17156,218,48,0,-22,-1,6,6,12,-12,0.2
"7870","Blue","Neither","Blue","Red",17,3,7,8,0,17882,7.2,19474,233,55,2689,1875,13,2,6,5,0,15193,6.8,17599,218,32,0,4,1,1,3,15,23,0.4
"7871","Red","Blue","Neither","Red",40,3,11,10,0,18342,7.2,19368,190,65,-30,1414,45,11,9,10,0,18372,7,17954,164,48,0,-5,-8,2,0,26,17,0.2
"7872","Red","Red","Red","Blue",18,1,4,8,0,15251,7,18342,197,39,-2343,-2231,11,5,6,5,0,17594,7.4,20573,238,80,0,7,-4,-2,3,-41,-41,-0.4
"7873","Blue","Neither","Neither","Blue",15,1,8,5,0,17693,7,18557,251,40,2501,2231,15,1,6,7,0,15192,6.4,16326,176,52,0,0,0,2,-2,75,-12,0.6
"7874","Red","Red","Neither","Red",14,3,4,4,0,15385,6.8,17267,219,52,-2109,-335,15,4,8,14,0,17494,7,17602,226,40,0,-1,-1,-4,-10,-7,12,-0.2
"7875","Blue","Neither","Neither","Blue",51,4,7,7,0,17549,7.4,19400,239,54,2588,1353,13,1,5,6,0,14961,6.6,18047,192,50,0,38,3,2,1,47,4,0.800000000000001
"7876","Red","Red","Red","Red",11,1,5,6,0,15148,6.6,16861,219,40,-4085,-3256,15,0,10,14,0,19233,7.4,20117,220,60,0,-4,1,-5,-8,-1,-20,-0.800000000000001
"7877","Red","Blue","Blue","Blue",16,1,11,6,0,17558,7,18661,174,64,-369,-379,34,4,11,11,0,17927,7.4,19040,188,44,0,-18,-3,0,-5,-14,20,-0.4
"7878","Red","Blue","Neither","Blue",37,3,6,9,0,16989,7,18073,242,48,1359,132,38,18,3,2,0,15630,7,17941,239,60,0,-1,-15,3,7,3,-12,0
"7879","Blue","Neither","Neither","Red",19,3,11,9,0,18786,7.4,19353,244,40,3559,3296,15,4,5,5,0,15227,6.4,16057,187,56,0,4,-1,6,4,57,-16,1
"7880","Red","Neither","Red","Red",13,6,4,2,0,15188,6.8,17740,194,69,-1269,-1991,19,2,7,5,0,16457,7.2,19731,213,67,0,-6,4,-3,-3,-19,2,-0.4
"7881","Blue","Neither","Neither","Red",13,1,4,7,0,15520,6.8,18045,199,72,-2195,-291,14,3,7,8,0,17715,7,18336,255,48,0,-1,-2,-3,-1,-56,24,-0.2
"7882","Blue","Blue","Red","Blue",50,4,13,22,0,20876,7.6,21016,226,56,4988,3720,17,4,6,6,0,15888,6.8,17296,212,51,0,33,0,7,16,14,5,0.8
"7883","Blue","Neither","Neither","Red",13,3,6,5,0,17059,7.2,18997,268,52,2714,2819,82,1,2,2,0,14345,6.6,16178,209,38,0,-69,2,4,3,59,14,0.600000000000001
"7884","Red","Red","Neither","Blue",21,2,7,6,0,16760,6.8,17857,206,51,-1052,-1064,17,4,6,6,0,17812,7.2,18921,231,68,0,4,-2,1,0,-25,-17,-0.4
"7885","Red","Red","Neither","Red",17,2,3,2,0,14660,6.6,17265,203,45,-3251,-2143,13,4,9,5,0,17911,7.2,19408,234,52,0,4,-2,-6,-3,-31,-7,-0.600000000000001
"7886","Red","Red","Blue","Blue",41,4,6,5,0,15510,7,17367,202,33,-264,550,16,5,5,6,0,15774,6.6,16817,202,51,0,25,-1,1,-1,0,-18,0.4
"7887","Red","Red","Blue","Red",18,2,9,9,0,16897,6.4,15328,159,26,-2191,-1391,17,3,14,19,0,19088,6.8,16719,185,39,0,1,-1,-5,-10,-26,-13,-0.399999999999999
"7888","Red","Neither","Neither","Red",14,3,8,12,0,16861,7,18373,227,40,1297,564,13,3,2,3,0,15564,7,17809,230,52,0,1,0,6,9,-3,-12,0
"7889","Blue","Blue","Neither","Blue",16,2,11,9,0,18445,7.2,19242,218,42,2691,2052,18,0,6,5,0,15754,6.6,17190,205,40,0,-2,2,5,4,13,2,0.600000000000001
"7890","Red","Red","Neither","Red",18,2,4,2,0,15777,6.6,18203,221,58,-2713,-1456,20,6,10,12,0,18490,7.4,19659,219,65,0,-2,-4,-6,-10,2,-7,-0.800000000000001
"7891","Red","Red","Neither","Red",27,1,7,7,0,18284,7.2,19460,224,66,2748,2277,16,3,3,2,0,15536,7,17183,211,66,0,11,-2,4,5,13,0,0.2
"7892","Red","Neither","Neither","Blue",15,2,10,9,0,17047,6.8,17725,192,38,-537,29,15,2,8,8,0,17584,7,17696,207,44,0,0,0,2,1,-15,-6,-0.2
"7893","Blue","Neither","Blue","Blue",17,3,5,4,1,17606,7.6,20053,229,60,4027,3285,17,3,0,0,0,13579,6.6,16768,220,52,1,0,0,5,4,9,8,1
"7894","Red","Neither","Neither","Blue",10,0,7,10,0,17447,7,17850,216,55,705,1616,18,3,9,13,0,16742,6.6,16234,194,36,0,-8,-3,-2,-3,22,19,0.4
"7895","Red","Blue","Neither","Red",70,6,1,0,0,13789,6.8,16947,210,63,-4038,-2854,20,7,7,12,0,17827,7.4,19801,252,52,0,50,-1,-6,-12,-42,11,-0.600000000000001
"7896","Red","Red","Neither","Red",18,2,11,16,0,18557,7.2,18792,192,44,524,478,17,1,9,7,0,18033,7,18314,213,48,0,1,1,2,9,-21,-4,0.2
"7897","Red","Neither","Neither","Red",14,0,4,5,0,15568,6.8,17520,246,36,40,-731,35,2,3,6,0,15528,6.8,18251,211,56,0,-21,-2,1,-1,35,-20,0
"7898","Red","Red","Neither","Blue",17,5,10,9,0,17327,7.2,18807,220,30,1291,20,82,2,5,6,0,16036,7.2,18787,210,63,0,-65,3,5,3,10,-33,0
"7899","Red","Blue","Neither","Red",16,3,6,9,0,16110,7,17501,206,36,72,-81,12,5,5,5,0,16038,6.8,17582,217,59,0,4,-2,1,4,-11,-23,0.2
"7900","Blue","Neither","Neither","Red",18,4,10,10,0,18209,6.8,16955,200,37,1287,440,11,1,9,16,0,16922,6.2,16515,198,53,0,7,3,1,-6,2,-16,0.6
"7901","Blue","Red","Blue","Blue",16,4,5,5,0,16023,6.8,17244,207,60,1299,-918,14,4,6,7,0,14724,7,18162,173,50,0,2,0,-1,-2,34,10,-0.2
"7902","Blue","Blue","Neither","Red",14,3,8,6,0,17685,7.2,19338,231,44,1218,1150,17,0,7,4,0,16467,7,18188,226,48,0,-3,3,1,2,5,-4,0.2
"7903","Blue","Blue","Neither","Red",86,4,4,3,0,14803,6.8,17318,213,49,-1380,326,19,3,5,10,0,16183,7,16992,238,33,0,67,1,-1,-7,-25,16,-0.2
"7904","Red","Red","Neither","Red",15,6,6,12,0,15656,6.4,16252,195,44,-1275,-551,21,3,7,8,0,16931,6.6,16803,202,44,0,-6,3,-1,4,-7,0,-0.199999999999999
"7905","Blue","Blue","Red","Blue",19,5,12,6,0,19154,7.4,20112,258,63,5664,6002,16,4,3,2,0,13490,6,14110,179,32,0,3,1,9,4,79,31,1.4
"7906","Blue","Blue","Neither","Red",16,3,9,11,0,17483,7.2,18777,222,44,2186,1698,17,0,3,3,0,15297,6.8,17079,231,51,0,-1,3,6,8,-9,-7,0.4
"7907","Red","Red","Neither","Blue",12,2,1,1,0,14598,6.6,17033,217,69,-2286,-2574,13,3,6,9,0,16884,7.2,19607,227,68,0,-1,-1,-5,-8,-10,1,-0.600000000000001
"7908","Red","Blue","Red","Blue",17,1,6,8,0,16088,7.2,17857,205,62,-769,-217,16,0,7,7,0,16857,7,18074,202,62,0,1,1,-1,1,3,0,0.2
"7909","Blue","Red","Neither","Blue",17,3,4,3,0,15812,7,17970,241,42,650,128,11,0,4,4,0,15162,6.8,17842,198,67,0,6,3,0,-1,43,-25,0.2
"7910","Blue","Blue","Blue","Blue",15,1,5,5,0,16030,7.2,19449,240,52,970,748,52,0,3,4,0,15060,7,18701,218,52,0,-37,1,2,1,22,0,0.2
"7911","Red","Blue","Neither","Blue",144,4,4,6,0,15787,7.2,18200,230,42,-1856,-1804,14,3,7,11,0,17643,7.4,20004,225,66,0,130,1,-3,-5,5,-24,-0.2
"7912","Blue","Blue","Neither","Blue",38,3,10,10,0,17870,7.2,18803,177,59,1872,1869,62,2,4,4,0,15998,6.8,16934,225,52,0,-24,1,6,6,-48,7,0.4
"7913","Blue","Neither","Neither","Red",22,3,12,17,0,17875,6.8,17882,205,31,1880,1473,15,1,6,3,0,15995,6.4,16409,190,57,0,7,2,6,14,15,-26,0.399999999999999
"7914","Blue","Neither","Neither","Blue",29,2,6,8,0,16523,7,18018,196,60,1652,701,14,1,2,1,0,14871,6.4,17317,239,51,0,15,1,4,7,-43,9,0.6
"7915","Blue","Blue","Neither","Blue",16,0,5,4,0,16180,7.2,18710,234,60,-1348,-407,16,1,6,6,0,17528,7,19117,245,55,0,0,-1,-1,-2,-11,5,0.2
"7916","Red","Blue","Neither","Blue",16,4,7,6,0,17448,6.8,17864,205,62,-102,363,42,4,10,11,0,17550,6.8,17501,181,50,0,-26,0,-3,-5,24,12,0
"7917","Red","Red","Neither","Red",14,4,4,3,0,14493,6.6,15935,210,39,-4130,-2849,19,2,11,14,0,18623,7,18784,226,36,0,-5,2,-7,-11,-16,3,-0.4
"7918","Blue","Red","Blue","Red",16,5,9,6,0,17807,6.8,17661,217,42,1383,1273,17,3,7,6,0,16424,6.6,16388,192,60,0,-1,2,2,0,25,-18,0.2
"7919","Red","Red","Neither","Red",15,3,3,2,0,15001,6.8,18001,206,65,-1787,-608,60,1,5,8,0,16788,7,18609,257,62,0,-45,2,-2,-6,-51,3,-0.2
"7920","Blue","Neither","Blue","Blue",14,3,11,13,0,18984,7.2,18355,246,40,3522,1442,11,5,5,4,0,15462,6.6,16913,186,56,0,3,-2,6,9,60,-16,0.600000000000001
"7921","Red","Neither","Neither","Blue",41,22,6,7,0,16528,6.8,17624,212,46,-449,-1347,41,0,7,6,0,16977,7.2,18971,235,53,0,0,22,-1,1,-23,-7,-0.4
"7922","Red","Red","Red","Blue",21,4,2,4,0,15020,7,17488,224,64,-1756,-985,14,2,5,8,0,16776,7,18473,275,48,0,7,2,-3,-4,-51,16,0
"7923","Red","Red","Neither","Red",14,6,1,0,0,13657,6.4,16618,220,48,-3849,-2159,18,1,7,7,0,17506,7,18777,235,56,0,-4,5,-6,-7,-15,-8,-0.6
"7924","Blue","Red","Neither","Blue",16,3,8,13,0,17672,7.2,18962,245,50,1121,933,34,3,6,8,0,16551,6.8,18029,238,61,0,-18,0,2,5,7,-11,0.4
"7925","Blue","Blue","Neither","Red",13,0,11,15,0,19508,7.4,19814,233,60,4882,2658,13,1,2,1,0,14626,6.8,17156,219,60,0,0,-1,9,14,14,0,0.600000000000001
"7926","Blue","Neither","Red","Blue",13,1,11,9,0,18590,7,18992,215,44,2945,2019,14,1,5,7,0,15645,6.6,16973,202,48,0,-1,0,6,2,13,-4,0.4
"7927","Blue","Blue","Blue","Blue",15,4,9,16,0,17260,6.6,16577,187,49,1006,820,20,2,6,10,0,16254,6.4,15757,204,44,0,-5,2,3,6,-17,5,0.199999999999999
"7928","Blue","Blue","Neither","Blue",15,2,3,3,0,16095,7,18658,254,53,1287,603,13,1,2,2,0,14808,6.6,18055,241,51,0,2,1,1,1,13,2,0.4
"7929","Red","Red","Blue","Red",12,4,4,5,0,15384,6.8,17460,211,44,-1817,-1035,17,0,8,6,0,17201,7,18495,240,48,0,-5,4,-4,-1,-29,-4,-0.2
"7930","Blue","Red","Neither","Blue",13,4,11,14,0,18795,7.4,19236,231,43,733,675,127,3,11,11,0,18062,7,18561,213,32,0,-114,1,0,3,18,11,0.4
"7931","Blue","Blue","Neither","Red",35,5,8,13,0,17737,7.2,18648,224,60,2413,2163,16,4,5,7,0,15324,6.6,16485,179,34,0,19,1,3,6,45,26,0.600000000000001
"7932","Red","Neither","Blue","Red",12,0,2,2,0,14191,6.8,16725,207,48,-1093,-1572,119,1,3,3,0,15284,7.2,18297,239,55,0,-107,-1,-1,-1,-32,-7,-0.4
"7933","Red","Neither","Neither","Blue",14,3,5,6,0,14557,6.4,15691,169,52,-3666,-2993,17,2,8,8,0,18223,7.2,18684,235,52,0,-3,1,-3,-2,-66,0,-0.8
"7934","Red","Blue","Neither","Blue",15,3,7,13,0,16739,7,17995,229,56,1569,664,16,0,2,2,0,15170,6.8,17331,250,48,0,-1,3,5,11,-21,8,0.2
"7935","Red","Blue","Neither","Blue",38,2,6,6,0,15230,6.6,16550,165,56,-4403,-3750,14,1,13,14,0,19633,7.4,20300,238,40,0,24,1,-7,-8,-73,16,-0.800000000000001
"7936","Red","Red","Neither","Red",83,3,5,5,0,16600,7,18188,250,52,-189,-1118,17,4,7,10,0,16789,7.4,19306,207,64,0,66,-1,-2,-5,43,-12,-0.4
"7937","Red","Red","Neither","Red",17,5,6,8,0,16240,6.6,16610,209,52,-2156,-1052,47,5,12,12,0,18396,7,17662,167,44,0,-30,0,-6,-4,42,8,-0.4
"7938","Blue","Blue","Neither","Blue",16,3,11,14,0,18722,7.2,19399,216,52,4371,3099,17,1,2,5,0,14351,6.6,16300,228,49,0,-1,2,9,9,-12,3,0.600000000000001
"7939","Red","Red","Neither","Blue",63,1,3,2,0,15640,7,18748,246,65,77,630,15,4,2,4,0,15563,7,18118,248,62,0,48,-3,1,-2,-2,3,0
"7940","Blue","Red","Neither","Blue",16,3,7,11,0,17940,7.4,19767,242,55,1938,738,13,3,5,3,0,16002,7.2,19029,221,75,0,3,0,2,8,21,-20,0.2
"7941","Red","Red","Neither","Red",14,2,4,5,0,16414,6.8,18297,247,62,-58,-1047,16,3,6,2,0,16472,7,19344,244,60,0,-2,-1,-2,3,3,2,-0.2
"7942","Red","Red","Neither","Red",17,3,2,1,0,14207,6.6,16373,211,48,-2723,-1062,20,1,6,7,0,16930,6.8,17435,208,57,0,-3,2,-4,-6,3,-9,-0.2
"7943","Blue","Blue","Neither","Blue",17,1,7,6,0,16737,7.2,18903,240,48,1411,1163,14,2,6,3,0,15326,7,17740,177,49,0,3,-1,1,3,63,-1,0.2
"7944","Red","Neither","Neither","Red",11,2,1,1,0,14672,6.6,16566,234,58,-2998,-3331,56,1,9,10,0,17670,7.2,19897,251,50,0,-45,1,-8,-9,-17,8,-0.600000000000001
"7945","Blue","Blue","Neither","Blue",13,0,4,4,0,15360,6.8,17742,228,44,97,-1064,14,1,4,0,0,15263,7,18806,220,59,0,-1,-1,0,4,8,-15,-0.2
"7946","Blue","Blue","Neither","Blue",18,4,11,7,0,17795,7.2,19039,213,45,1395,1943,14,2,6,8,0,16400,6.8,17096,198,50,0,4,2,5,-1,15,-5,0.4
"7947","Blue","Blue","Neither","Blue",18,4,7,7,0,16896,7,18664,246,52,2438,1105,13,3,2,2,0,14458,6.6,17559,211,52,0,5,1,5,5,35,0,0.4
"7948","Red","Red","Red","Red",11,0,4,4,0,16182,7,18355,216,46,-925,-360,15,0,7,7,0,17107,7,18715,212,67,0,-4,0,-3,-3,4,-21,0
"7949","Blue","Neither","Blue","Red",15,4,11,11,0,17729,6.8,17260,190,40,679,211,19,3,9,7,0,17050,6.8,17049,192,27,0,-4,1,2,4,-2,13,0
"7950","Red","Red","Blue","Blue",19,1,10,12,0,17552,7.2,18284,222,39,1050,-1270,35,2,8,5,0,16502,7.4,19554,192,46,0,-16,-1,2,7,30,-7,-0.2
"7951","Blue","Blue","Blue","Blue",13,1,6,5,0,16491,7.6,19790,214,72,392,866,24,1,4,3,0,16099,7.4,18924,241,69,0,-11,0,2,2,-27,3,0.199999999999999
"7952","Red","Red","Neither","Blue",13,3,9,4,0,17643,7.2,18331,221,55,24,483,37,1,11,17,0,17619,7,17848,153,36,0,-24,2,-2,-13,68,19,0.2
"7953","Blue","Red","Neither","Blue",18,3,6,7,0,16247,7.4,19667,218,52,266,1738,14,5,6,8,0,15981,7,17929,213,56,0,4,-2,0,-1,5,-4,0.4
"7954","Blue","Red","Neither","Blue",19,2,8,11,0,17072,6.4,16658,192,36,1396,89,21,2,6,15,0,15676,6.8,16569,179,53,0,-2,0,2,-4,13,-17,-0.399999999999999
"7955","Blue","Blue","Blue","Blue",12,2,12,11,0,18882,6.6,18137,202,57,3807,1849,14,1,5,9,0,15075,6.8,16288,187,52,0,-2,1,7,2,15,5,-0.2
"7956","Red","Neither","Neither","Blue",12,0,3,4,0,14520,7,17410,182,64,-1127,-843,16,2,3,1,0,15647,7,18253,234,60,0,-4,-2,0,3,-52,4,0
"7957","Blue","Blue","Neither","Blue",12,4,10,14,0,18374,7.6,20120,229,51,3823,3324,15,2,4,4,0,14551,6.6,16796,176,52,0,-3,2,6,10,53,-1,1
"7958","Red","Blue","Red","Blue",14,0,6,5,0,16073,6.8,17592,211,44,32,822,19,3,4,8,0,16041,6.2,16770,207,44,0,-5,-3,2,-3,4,0,0.6
"7959","Blue","Blue","Neither","Blue",18,4,4,6,0,16448,7.2,18932,248,61,1306,431,14,3,1,2,0,15142,7,18501,262,64,0,4,1,3,4,-14,-3,0.2
"7960","Blue","Blue","Red","Blue",17,6,12,12,0,18821,7,18407,203,51,1618,514,24,3,8,7,0,17203,7.2,17893,181,49,0,-7,3,4,5,22,2,-0.2
"7961","Red","Neither","Blue","Red",53,1,6,6,0,15485,6.8,17138,193,50,-2854,-2798,13,2,10,9,0,18339,7.4,19936,225,52,0,40,-1,-4,-3,-32,-2,-0.600000000000001
"7962","Red","Blue","Neither","Blue",16,2,5,3,0,15129,6.6,16869,204,44,-1417,860,15,1,9,14,0,16546,6.6,16009,182,36,0,1,1,-4,-11,22,8,0
"7963","Blue","Neither","Neither","Blue",47,0,5,7,0,16329,6.8,17600,205,48,1320,-178,12,3,3,4,0,15009,6.8,17778,218,48,0,35,-3,2,3,-13,0,0
"7964","Blue","Red","Neither","Blue",15,5,6,5,0,16807,7.2,19976,263,64,2954,3730,11,0,1,1,0,13853,6.6,16246,177,80,0,4,5,5,4,86,-16,0.600000000000001
"7965","Blue","Red","Neither","Red",19,5,11,21,0,20330,7,18408,234,44,2460,498,22,3,10,24,0,17870,6.8,17910,205,60,0,-3,2,1,-3,29,-16,0.2
"7966","Blue","Blue","Neither","Red",129,17,6,6,0,16666,6.8,17512,185,58,132,-28,47,1,6,6,0,16534,6.8,17540,237,40,0,82,16,0,0,-52,18,0
"7967","Blue","Blue","Neither","Blue",23,4,7,6,0,16946,6.8,17723,247,40,2276,1630,15,6,5,7,0,14670,6.4,16093,194,29,0,8,-2,2,-1,53,11,0.399999999999999
"7968","Blue","Red","Neither","Blue",29,1,7,6,0,17028,7.4,19169,247,52,1586,2622,17,1,4,4,0,15442,6.6,16547,214,55,0,12,0,3,2,33,-3,0.800000000000001
"7969","Red","Red","Blue","Red",15,13,5,7,0,16686,7.4,19183,240,55,-418,60,43,2,5,3,0,17104,7.2,19123,273,58,0,-28,11,0,4,-33,-3,0.2
"7970","Blue","Blue","Neither","Red",16,4,4,2,0,14993,6.8,16922,223,44,-1449,-539,19,6,6,6,0,16442,6.8,17461,255,40,0,-3,-2,-2,-4,-32,4,0
"7971","Blue","Red","Neither","Red",18,2,3,4,0,14654,7,17393,201,49,-663,-413,11,2,1,2,0,15317,6.8,17806,248,58,0,7,0,2,2,-47,-9,0.2
"7972","Blue","Red","Red","Red",15,2,3,6,0,15570,6.8,17440,232,36,-339,-1529,20,3,3,1,0,15909,7.2,18969,244,60,0,-5,-1,0,5,-12,-24,-0.4
"7973","Blue","Neither","Neither","Red",17,8,8,11,0,17178,7,18476,216,44,-597,-1198,21,3,8,6,0,17775,7.4,19674,253,52,0,-4,5,0,5,-37,-8,-0.4
"7974","Red","Red","Neither","Red",14,6,1,2,0,14333,6.8,17362,222,46,-2671,-1258,14,2,7,6,0,17004,6.8,18620,224,51,0,0,4,-6,-4,-2,-5,0
"7975","Red","Red","Neither","Red",17,4,1,1,0,14453,6.8,17152,244,52,-2889,-2882,21,2,10,6,0,17342,7.2,20034,216,55,0,-4,2,-9,-5,28,-3,-0.4
"7976","Blue","Red","Blue","Red",22,1,3,2,0,15932,6.8,17831,238,48,-1111,679,8,1,7,7,0,17043,6.8,17152,191,44,0,14,0,-4,-5,47,4,0
"7977","Red","Red","Neither","Red",25,4,3,1,0,15101,7,18480,226,66,-1972,-717,16,3,6,4,0,17073,7.2,19197,263,64,0,9,1,-3,-3,-37,2,-0.2
"7978","Red","Red","Neither","Red",12,3,6,9,0,16628,7,18812,216,60,1457,715,14,1,4,4,0,15171,7.2,18097,208,40,0,-2,2,2,5,8,20,-0.2
"7979","Red","Blue","Blue","Red",17,2,4,2,0,14997,6.6,16588,217,48,-2566,-2224,14,4,9,9,0,17563,7.2,18812,216,48,0,3,-2,-5,-7,1,0,-0.600000000000001
"7980","Blue","Neither","Blue","Blue",15,4,10,7,0,17664,7,18757,233,53,563,442,13,4,8,6,0,17101,7,18315,219,39,0,2,0,2,1,14,14,0
"7981","Blue","Blue","Neither","Red",14,4,4,4,0,15082,6.8,17691,211,49,-2924,-1587,14,0,10,6,0,18006,7.4,19278,216,62,0,0,4,-6,-2,-5,-13,-0.600000000000001
"7982","Red","Blue","Neither","Red",12,2,8,5,0,16964,6.8,18163,214,48,-2935,-1462,15,2,12,15,0,19899,7.4,19625,235,59,0,-3,0,-4,-10,-21,-11,-0.600000000000001
"7983","Blue","Red","Neither","Red",15,4,7,9,0,16999,6.8,17880,228,40,1671,1072,18,4,4,6,0,15328,6.4,16808,206,55,0,-3,0,3,3,22,-15,0.399999999999999
"7984","Blue","Neither","Neither","Blue",17,5,6,6,0,16621,6.6,17333,220,44,282,399,19,2,6,8,0,16339,6.8,16934,216,53,0,-2,3,0,-2,4,-9,-0.2
"7985","Blue","Blue","Neither","Red",37,1,9,8,0,17060,6.6,17118,179,36,-896,-661,16,15,11,14,0,17956,7,17779,200,52,0,21,-14,-2,-6,-21,-16,-0.4
"7986","Red","Blue","Red","Blue",19,6,3,5,0,14758,6.6,15950,202,52,-2993,-2494,16,4,7,12,1,17751,7,18444,215,39,-1,3,2,-4,-7,-13,13,-0.4
"7987","Blue","Blue","Neither","Blue",17,4,8,11,0,17117,7,18326,204,52,1810,1012,19,4,4,6,0,15307,6.6,17314,211,44,0,-2,0,4,5,-7,8,0.4
"7988","Blue","Red","Neither","Red",37,4,6,6,0,16413,7,17648,204,49,-2461,-1828,16,4,10,13,0,18874,7.4,19476,223,64,0,21,0,-4,-7,-19,-15,-0.4
"7989","Red","Neither","Red","Red",16,2,3,5,0,14448,6.4,15930,209,40,-1620,-1431,17,2,6,10,0,16068,6.8,17361,204,51,0,-1,0,-3,-5,5,-11,-0.399999999999999
"7990","Blue","Neither","Neither","Blue",15,3,5,4,0,16778,7.2,18893,247,48,2375,2688,37,1,1,0,0,14403,6.6,16205,235,60,0,-22,2,4,4,12,-12,0.600000000000001
"7991","Red","Blue","Neither","Red",19,1,2,3,0,14494,6.8,18008,244,47,-618,-413,38,4,1,2,0,15112,6.8,18421,247,60,0,-19,-3,1,1,-3,-13,0
"7992","Blue","Neither","Neither","Blue",17,2,9,13,0,18267,7.4,19241,226,48,2253,2082,16,2,6,7,0,16014,6.8,17159,178,55,0,1,0,3,6,48,-7,0.600000000000001
"7993","Red","Blue","Neither","Blue",85,0,6,6,0,16440,7,18417,208,50,2821,2754,12,1,2,2,0,13619,6.2,15663,203,46,0,73,-1,4,4,5,4,0.8
"7994","Blue","Blue","Blue","Red",16,0,8,8,0,17390,7.2,19016,212,60,1716,1837,15,1,5,8,0,15674,6.8,17179,226,36,0,1,-1,3,0,-14,24,0.4
"7995","Blue","Neither","Neither","Blue",16,4,6,6,0,17035,7.2,18588,235,60,501,-495,14,3,7,4,0,16534,7,19083,207,60,0,2,1,-1,2,28,0,0.2
"7996","Red","Red","Neither","Blue",18,2,11,19,0,17198,6.4,15293,156,32,-2830,-2212,17,3,16,24,0,20028,6.8,17505,174,46,0,1,-1,-5,-5,-18,-14,-0.399999999999999
"7997","Blue","Neither","Blue","Blue",26,3,10,10,0,17430,6.8,18040,210,42,3140,1824,18,6,2,2,0,14290,6.8,16216,228,48,0,8,-3,8,8,-18,-6,0
"7998","Red","Red","Blue","Blue",15,4,4,4,0,15320,7,16960,217,40,-1152,-1535,49,6,6,5,0,16472,7,18495,225,56,0,-34,-2,-2,-1,-8,-16,0
"7999","Red","Red","Neither","Red",19,7,3,5,0,15347,6.8,17612,243,48,-704,-193,14,2,4,3,0,16051,6.8,17805,220,60,0,5,5,-1,2,23,-12,0
"8000","Blue","Neither","Neither","Blue",14,2,12,11,0,18002,7,19391,199,36,2621,2483,12,0,6,5,0,15381,6.8,16908,195,44,0,2,2,6,6,4,-8,0.2
"8001","Red","Neither","Red","Red",13,1,11,10,0,17901,6.8,16538,171,44,-2529,-1607,17,2,16,17,0,20430,7,18145,205,36,0,-4,-1,-5,-7,-34,8,-0.2
"8002","Red","Red","Neither","Red",15,3,3,1,0,14205,7,18034,197,50,-1099,-396,12,3,4,4,0,15304,7,18430,236,43,0,3,0,-1,-3,-39,7,0
"8003","Red","Neither","Red","Red",12,3,4,1,0,13772,6,14954,178,28,-3147,-3323,22,1,6,6,0,16919,7,18277,223,52,0,-10,2,-2,-5,-45,-24,-1
"8004","Blue","Blue","Neither","Blue",21,6,6,7,0,17231,7.2,19272,237,80,3142,2037,18,0,1,1,0,14089,6.8,17235,245,44,0,3,6,5,6,-8,36,0.4
"8005","Red","Neither","Neither","Red",17,2,6,6,0,15983,7.2,19337,233,42,-1231,496,13,2,8,11,0,17214,7.4,18841,201,52,0,4,0,-2,-5,32,-10,-0.2
"8006","Red","Neither","Neither","Blue",13,1,2,2,0,14651,6.8,18301,241,41,-1991,-1055,15,1,4,4,0,16642,7.2,19356,248,78,0,-2,0,-2,-2,-7,-37,-0.4
"8007","Blue","Blue","Neither","Blue",20,3,11,13,1,18789,7.4,20433,231,38,4250,3916,17,0,1,1,0,14539,6.4,16517,223,57,1,3,3,10,12,8,-19,1
"8008","Red","Red","Red","Red",13,1,6,3,0,15485,6.6,16784,213,28,-3683,-3420,34,3,12,13,0,19168,7.4,20204,209,63,0,-21,-2,-6,-10,4,-35,-0.800000000000001
"8009","Blue","Red","Blue","Blue",66,2,10,11,0,17992,7,18842,212,51,3313,1465,13,0,3,4,0,14679,6.8,17377,217,52,0,53,2,7,7,-5,-1,0.2
"8010","Blue","Blue","Red","Blue",22,4,10,17,0,18828,7.2,18186,197,53,2117,180,16,4,8,8,0,16711,6.8,18006,209,47,0,6,0,2,9,-12,6,0.4
"8011","Red","Red","Neither","Blue",13,2,3,3,0,14797,6.6,17124,212,48,-3268,-3888,13,2,9,6,0,18065,7.6,21012,218,80,0,0,0,-6,-3,-6,-32,-1
"8012","Blue","Blue","Neither","Red",16,0,4,5,0,15524,7,17843,228,56,-629,-209,24,1,7,7,0,16153,6.8,18052,192,55,0,-8,-1,-3,-2,36,1,0.2
"8013","Blue","Blue","Blue","Blue",18,1,10,6,0,18288,7.6,20765,234,68,3184,3874,14,1,4,5,0,15104,6.8,16891,209,54,0,4,0,6,1,25,14,0.8
"8014","Red","Red","Red","Red",50,2,5,2,0,16304,7,18344,222,84,-890,-1261,15,2,8,5,0,17194,7.4,19605,218,52,0,35,0,-3,-3,4,32,-0.4
"8015","Red","Blue","Neither","Red",48,4,5,8,0,14974,6.2,15389,201,24,-4646,-3186,14,3,10,17,1,19620,7.2,18575,201,64,-1,34,1,-5,-9,0,-40,-1
"8016","Red","Red","Neither","Blue",17,16,4,4,0,16598,7,18693,256,43,1937,1019,46,8,2,1,0,14661,6.8,17674,239,41,0,-29,8,2,3,17,2,0.2
"8017","Blue","Red","Neither","Blue",16,3,5,7,0,15273,6.8,16349,189,55,15,-2108,24,3,5,6,0,15258,7,18457,216,54,0,-8,0,0,1,-27,1,-0.2
"8018","Red","Neither","Neither","Blue",10,3,4,2,0,15515,7.2,18510,222,55,-44,673,15,0,5,4,0,15559,6.8,17837,218,56,0,-5,3,-1,-2,4,-1,0.4
"8019","Red","Neither","Neither","Blue",15,3,4,2,0,16024,6.8,19005,220,62,3133,2377,14,2,0,0,0,12891,6.6,16628,206,44,0,1,1,4,2,14,18,0.2
"8020","Red","Red","Neither","Blue",16,5,4,7,0,15667,7,17592,225,60,-2450,-2260,14,3,8,14,0,18117,7.6,19852,252,60,0,2,2,-4,-7,-27,0,-0.6
"8021","Blue","Neither","Neither","Red",16,11,9,5,0,18451,7.4,19111,226,60,1309,657,43,2,7,5,0,17142,6.8,18454,206,44,0,-27,9,2,0,20,16,0.600000000000001
"8022","Red","Red","Neither","Red",15,2,8,5,0,16355,6.8,17998,198,59,-994,266,16,4,9,9,0,17349,6.8,17732,202,40,0,-1,-2,-1,-4,-4,19,0
"8023","Red","Neither","Blue","Blue",13,4,4,3,0,15140,6.6,15933,198,48,-4199,-3415,23,2,12,11,1,19339,7.2,19348,221,40,-1,-10,2,-8,-8,-23,8,-0.600000000000001
"8024","Red","Neither","Neither","Blue",56,1,2,4,0,15755,7,18468,258,69,1684,1773,16,3,1,1,0,14071,6.8,16695,212,56,0,40,-2,1,3,46,13,0.2
"8025","Blue","Red","Neither","Red",19,3,6,7,0,16302,7,18040,212,45,95,772,15,6,6,7,0,16207,6.8,17268,205,46,0,4,-3,0,0,7,-1,0.2
"8026","Red","Neither","Neither","Red",38,1,2,3,0,13825,6.8,16773,173,48,-3453,-2582,15,0,7,4,0,17278,7.4,19355,237,48,0,23,1,-5,-1,-64,0,-0.600000000000001
"8027","Red","Blue","Neither","Blue",21,4,5,5,0,16724,7,18895,229,64,2432,1875,17,0,2,3,0,14292,6.6,17020,221,44,0,4,4,3,2,8,20,0.4
"8028","Blue","Red","Red","Blue",15,4,9,11,0,18442,7.4,19414,248,51,2680,1700,19,3,2,1,0,15762,7,17714,240,52,0,-4,1,7,10,8,-1,0.4
"8029","Red","Red","Neither","Blue",16,2,8,4,0,17008,7.2,18223,217,55,-4178,-1302,12,4,13,13,1,21186,7.4,19525,219,40,-1,4,-2,-5,-9,-2,15,-0.2
"8030","Blue","Blue","Neither","Red",20,1,5,4,0,16513,7,18334,249,52,897,806,12,4,3,5,0,15616,6.8,17528,201,76,0,8,-3,2,-1,48,-24,0.2
"8031","Red","Red","Neither","Red",26,3,4,5,0,15554,7,18372,242,52,-1232,-1020,16,1,6,5,0,16786,7.4,19392,230,52,0,10,2,-2,0,12,0,-0.4
"8032","Blue","Neither","Neither","Red",12,1,5,5,0,15400,7,17541,215,40,-4112,-2493,16,1,9,9,0,19512,7.4,20034,219,72,0,-4,0,-4,-4,-4,-32,-0.4
"8033","Blue","Blue","Neither","Blue",15,16,10,11,0,19052,7,18439,242,47,2514,1416,38,2,7,11,0,16538,6.6,17023,197,48,0,-23,14,3,0,45,-1,0.4
"8034","Red","Blue","Neither","Blue",16,5,6,8,0,16039,6.6,16635,198,36,-2088,-2153,27,6,12,15,0,18127,7,18788,201,48,0,-11,-1,-6,-7,-3,-12,-0.4
"8035","Red","Blue","Neither","Blue",19,0,6,5,0,17093,7,18357,233,48,-414,-601,165,1,8,7,0,17507,7.2,18958,243,48,0,-146,-1,-2,-2,-10,0,-0.2
"8036","Red","Neither","Neither","Red",53,5,4,3,0,15440,6.8,16864,207,44,-3368,-3384,17,1,11,17,0,18808,7.4,20248,216,68,0,36,4,-7,-14,-9,-24,-0.600000000000001
"8037","Blue","Red","Neither","Red",15,3,4,2,0,15547,6.8,18141,214,56,-539,723,15,2,7,6,0,16086,7,17418,207,43,0,0,1,-3,-4,7,13,-0.2
"8038","Red","Neither","Neither","Blue",45,3,7,10,0,16275,6.8,16968,190,56,495,21,20,0,6,10,0,15780,6.8,16947,197,48,0,25,3,1,0,-7,8,0
"8039","Blue","Blue","Neither","Blue",13,1,7,9,0,17627,7,19004,204,64,1794,927,11,1,5,7,0,15833,7,18077,194,64,0,2,0,2,2,10,0,0
"8040","Red","Blue","Neither","Red",60,3,7,10,0,16641,7,18150,221,51,1459,970,14,2,4,2,0,15182,6.8,17180,210,52,0,46,1,3,8,11,-1,0.2
"8041","Blue","Blue","Neither","Red",17,5,6,12,0,16009,6.8,17605,194,51,685,333,17,1,1,0,0,15324,6.6,17272,252,72,0,0,4,5,12,-58,-21,0.2
"8042","Red","Blue","Neither","Blue",15,2,4,4,0,15010,6.8,16558,211,58,-782,-1431,16,4,3,3,0,15792,7,17989,248,54,0,-1,-2,1,1,-37,4,-0.2
"8043","Blue","Blue","Neither","Red",48,0,4,6,0,15969,7,18868,195,72,-876,389,13,2,5,9,0,16845,7,18479,228,63,0,35,-2,-1,-3,-33,9,0
"8044","Red","Neither","Neither","Blue",15,1,2,6,0,15007,7.2,17469,232,56,-302,-646,33,1,3,3,0,15309,6.8,18115,248,56,0,-18,0,-1,3,-16,0,0.4
"8045","Red","Red","Neither","Blue",17,1,3,3,0,14494,6.4,15036,208,44,-4235,-4926,14,4,8,4,1,18729,7.4,19962,254,74,-1,3,-3,-5,-1,-46,-30,-1
"8046","Blue","Neither","Blue","Red",16,3,6,4,0,16576,7,18349,220,36,-316,63,17,4,6,5,0,16892,7,18286,214,50,0,-1,-1,0,-1,6,-14,0
"8047","Red","Neither","Neither","Red",12,1,7,8,0,16575,7,18524,204,42,-2362,79,230,1,10,9,0,18937,7,18445,247,44,0,-218,0,-3,-1,-43,-2,0
"8048","Red","Blue","Blue","Blue",20,1,12,14,0,19339,7.2,19966,225,66,3708,2901,83,3,4,3,0,15631,6.8,17065,203,60,0,-63,-2,8,11,22,6,0.4
"8049","Blue","Blue","Neither","Red",18,1,6,7,0,16621,7,19387,206,64,-258,569,14,2,6,10,0,16879,7.2,18818,225,68,0,4,-1,0,-3,-19,-4,-0.2
"8050","Red","Red","Blue","Red",37,3,1,1,0,14308,6.8,17611,235,48,-2634,-1282,19,3,6,9,0,16942,7.4,18893,247,66,0,18,0,-5,-8,-12,-18,-0.600000000000001
"8051","Red","Red","Neither","Blue",16,0,6,5,0,15165,6.6,16025,188,31,-3709,-4015,14,4,11,8,0,18874,7.2,20040,227,68,0,2,-4,-5,-3,-39,-37,-0.600000000000001
"8052","Red","Red","Neither","Red",15,7,11,14,0,18754,7.6,20402,202,52,4074,3921,34,1,3,6,0,14680,6.8,16481,200,44,0,-19,6,8,8,2,8,0.8
"8053","Red","Blue","Neither","Red",152,4,7,6,0,16608,7.2,18459,233,60,-26,989,15,2,6,7,0,16634,6.8,17470,203,52,0,137,2,1,-1,30,8,0.4
"8054","Red","Blue","Red","Blue",44,1,7,6,0,16375,7,18026,172,62,143,713,16,2,4,3,0,16232,6.6,17313,217,54,0,28,-1,3,3,-45,8,0.4
"8055","Blue","Neither","Blue","Red",18,1,5,6,0,15987,7,17964,207,44,-155,-47,12,4,6,6,0,16142,7,18011,231,39,0,6,-3,-1,0,-24,5,0
"8056","Red","Blue","Red","Red",17,4,8,9,0,17027,7.4,19345,217,56,302,1420,18,5,5,7,0,16725,7,17925,237,44,0,-1,-1,3,2,-20,12,0.4
"8057","Red","Red","Red","Red",16,2,5,7,0,15885,6.4,16350,216,40,-1615,-1393,16,1,8,10,0,17500,6.8,17743,221,52,0,0,1,-3,-3,-5,-12,-0.399999999999999
"8058","Red","Blue","Neither","Blue",16,1,3,1,0,16238,7,18724,241,60,1443,-453,20,2,2,2,0,14795,7.2,19177,215,68,0,-4,-1,1,-1,26,-8,-0.2
"8059","Red","Red","Red","Blue",16,7,6,9,0,16778,7.2,17640,218,60,-1446,-965,21,2,7,10,1,18224,7,18605,234,39,-1,-5,5,-1,-1,-16,21,0.2
"8060","Red","Red","Neither","Red",12,0,7,2,0,17004,7.2,19168,216,69,341,-352,35,1,7,4,0,16663,7.2,19520,207,47,0,-23,-1,0,-2,9,22,0
"8061","Blue","Neither","Neither","Blue",23,3,12,10,0,17668,6.8,17036,184,40,-120,-393,15,3,8,8,0,17788,6.8,17429,194,36,0,8,0,4,2,-10,4,0
"8062","Blue","Blue","Red","Red",15,2,7,8,0,16389,7,18131,225,48,566,-528,16,3,3,5,0,15823,7.2,18659,261,48,0,-1,-1,4,3,-36,0,-0.2
"8063","Blue","Red","Neither","Blue",11,0,9,13,0,17252,6.4,15960,188,39,166,-1644,16,3,7,8,0,17086,7,17604,192,54,0,-5,-3,2,5,-4,-15,-0.6
"8064","Blue","Blue","Red","Blue",20,3,7,12,1,17854,6.8,16635,195,44,-49,-1803,17,3,6,6,1,17903,6.8,18438,238,56,0,3,0,1,6,-43,-12,0
"8065","Red","Red","Red","Red",15,3,4,6,0,15431,6.8,17309,218,47,-2661,-3190,106,5,8,9,0,18092,7.2,20499,260,63,0,-91,-2,-4,-3,-42,-16,-0.4
"8066","Red","Red","Neither","Blue",14,1,2,2,0,14985,7,17710,224,60,-1522,-1437,14,2,5,5,0,16507,7.2,19147,253,56,0,0,-1,-3,-3,-29,4,-0.2
"8067","Blue","Red","Neither","Blue",17,2,2,4,0,16008,6.8,18674,237,83,1060,1708,15,1,3,5,0,14948,6.8,16966,211,53,0,2,1,-1,-1,26,30,0
"8068","Blue","Neither","Blue","Red",17,4,9,6,1,19663,7.2,19052,247,48,4043,1803,15,0,4,5,0,15620,6.8,17249,214,51,1,2,4,5,1,33,-3,0.4
"8069","Blue","Blue","Neither","Blue",15,5,7,10,0,16932,7.2,19942,235,55,2699,2575,53,5,1,1,0,14233,6.8,17367,242,52,0,-38,0,6,9,-7,3,0.4
"8070","Blue","Red","Neither","Red",42,4,8,9,0,17026,7.2,18824,212,51,843,1776,19,4,6,2,0,16183,7,17048,220,36,0,23,0,2,7,-8,15,0.2
"8071","Blue","Blue","Neither","Blue",18,7,9,7,0,17803,7.4,20184,267,39,2193,2957,17,4,5,4,0,15610,6.8,17227,207,44,0,1,3,4,3,60,-5,0.600000000000001
"8072","Blue","Blue","Neither","Blue",26,5,5,5,0,15582,7,18842,234,55,-18,788,37,2,3,7,0,15600,7,18054,202,67,0,-11,3,2,-2,32,-12,0
"8073","Blue","Neither","Neither","Red",15,0,2,3,0,14808,6.8,16826,219,50,-1352,-2339,14,3,4,5,0,16160,7.4,19165,257,51,0,1,-3,-2,-2,-38,-1,-0.600000000000001
"8074","Red","Blue","Neither","Blue",16,1,7,8,0,16497,6.6,16957,207,44,-1736,-2692,14,1,9,7,0,18233,7.2,19649,246,48,0,2,0,-2,1,-39,-4,-0.600000000000001
"8075","Blue","Red","Neither","Blue",14,2,5,7,0,16503,7,18377,240,59,171,42,48,1,6,10,0,16332,7,18335,232,54,0,-34,1,-1,-3,8,5,0
"8076","Red","Red","Neither","Blue",14,1,4,5,0,15522,7,18255,220,52,-1711,-1406,9,2,6,6,0,17233,7.4,19661,239,68,0,5,-1,-2,-1,-19,-16,-0.4
"8077","Red","Neither","Neither","Red",38,2,9,9,0,17371,6.8,17227,183,42,-2793,-3416,15,3,15,12,0,20164,7.6,20643,228,42,0,23,-1,-6,-3,-45,0,-0.8
"8078","Red","Blue","Red","Blue",128,3,8,8,0,17720,7.2,19150,232,50,1549,1179,12,1,7,4,0,16171,7,17971,212,34,0,116,2,1,4,20,16,0.2
"8079","Blue","Blue","Neither","Blue",14,0,8,7,0,17981,7.2,19233,245,64,2565,1634,14,1,5,3,0,15416,6.6,17599,199,48,0,0,-1,3,4,46,16,0.600000000000001
"8080","Red","Blue","Blue","Blue",20,2,5,12,0,15229,6.8,16903,160,48,-174,-70,16,4,3,2,0,15403,6.6,16973,235,40,0,4,-2,2,10,-75,8,0.2
"8081","Red","Red","Blue","Blue",73,2,5,5,0,16425,7,18524,201,62,-1029,754,108,1,7,11,0,17454,6.8,17770,225,44,0,-35,1,-2,-6,-24,18,0.2
"8082","Red","Blue","Neither","Blue",18,0,4,7,0,15790,6.8,17238,209,52,785,-350,67,0,2,3,0,15005,7,17588,241,59,0,-49,0,2,4,-32,-7,-0.2
"8083","Blue","Red","Neither","Blue",50,5,4,6,0,17339,7.2,19573,237,74,3652,1943,17,1,0,0,0,13687,6.8,17630,217,68,0,33,4,4,6,20,6,0.4
"8084","Red","Neither","Neither","Blue",18,4,4,7,0,16487,7,18146,229,60,995,-458,16,3,4,2,0,15492,7,18604,230,56,0,2,1,0,5,-1,4,0
"8085","Blue","Neither","Neither","Blue",17,6,9,10,0,17922,7.2,18511,224,37,3703,3118,17,4,2,4,0,14219,6.2,15393,206,40,0,0,2,7,6,18,-3,1
"8086","Red","Blue","Blue","Blue",18,3,6,3,0,16778,6.8,18459,236,55,-74,-482,34,3,7,10,0,16852,7,18941,212,60,0,-16,0,-1,-7,24,-5,-0.2
"8087","Blue","Blue","Blue","Blue",14,0,8,8,0,18068,6.8,18462,204,76,719,387,11,2,8,8,0,17349,6.8,18075,203,51,0,3,-2,0,0,1,25,0
"8088","Blue","Blue","Neither","Blue",20,5,8,11,0,17366,7,17659,229,46,1074,52,18,5,5,3,0,16292,6.8,17607,245,34,0,2,0,3,8,-16,12,0.2
"8089","Blue","Red","Blue","Red",15,1,2,1,0,15041,6.8,17616,229,58,-3259,-1311,19,3,8,13,0,18300,7,18927,249,56,0,-4,-2,-6,-12,-20,2,-0.2
"8090","Red","Red","Neither","Blue",13,5,5,7,0,15135,6.8,16444,197,41,-3704,-4361,38,4,10,12,0,18839,7.6,20805,244,72,0,-25,1,-5,-5,-47,-31,-0.8
"8091","Red","Red","Blue","Red",12,2,6,10,0,16083,6.6,16509,218,52,-2772,-2957,15,5,13,11,0,18855,7.2,19466,207,52,0,-3,-3,-7,-1,11,0,-0.600000000000001
"8092","Blue","Blue","Neither","Blue",58,2,8,7,0,17446,7,19285,223,61,2322,1048,14,0,4,1,0,15124,6.8,18237,222,56,0,44,2,4,6,1,5,0.2
"8093","Red","Red","Neither","Red",16,6,2,1,0,14284,7,17853,243,40,-3304,-1505,20,3,7,8,0,17588,7.2,19358,237,67,0,-4,3,-5,-7,6,-27,-0.2
"8094","Blue","Red","Neither","Blue",21,2,8,9,0,17585,7.2,19364,213,56,1393,1671,12,1,7,6,0,16192,7,17693,207,47,0,9,1,1,3,6,9,0.2
"8095","Blue","Blue","Blue","Blue",19,2,7,7,0,16537,7.2,19213,232,53,2954,2444,14,3,1,0,0,13583,6.8,16769,202,52,0,5,-1,6,7,30,1,0.4
"8096","Blue","Blue","Neither","Blue",18,5,10,11,0,18895,7.2,18495,245,44,3409,1964,18,4,6,8,0,15486,6.8,16531,180,40,0,0,1,4,3,65,4,0.4
"8097","Red","Neither","Neither","Blue",8,1,4,4,0,14370,6.4,15153,167,38,-5228,-6488,55,2,12,9,0,19598,7.8,21641,250,69,0,-47,-1,-8,-5,-83,-31,-1.4
"8098","Blue","Neither","Neither","Blue",28,3,9,14,0,18274,7.2,18252,242,57,2422,656,15,1,4,4,0,15852,7,17596,228,59,0,13,2,5,10,14,-2,0.2
"8099","Blue","Blue","Red","Blue",16,3,11,12,0,18286,6.6,16569,183,31,149,-1568,11,4,10,12,0,18137,7,18137,205,53,0,5,-1,1,0,-22,-22,-0.4
"8100","Red","Blue","Neither","Red",16,7,7,7,0,16352,6.8,18216,224,56,-435,-1431,18,4,7,7,0,16787,7.2,19647,233,47,0,-2,3,0,0,-9,9,-0.4
"8101","Red","Red","Neither","Red",40,3,10,10,0,17546,7.2,18498,191,44,510,921,14,2,8,7,0,17036,7,17577,217,51,0,26,1,2,3,-26,-7,0.2
"8102","Red","Neither","Red","Red",37,4,4,5,0,16433,7,18008,227,46,-2203,-2676,18,13,12,13,0,18636,7.4,20684,204,55,0,19,-9,-8,-8,23,-9,-0.4
"8103","Blue","Red","Neither","Blue",38,0,2,2,0,15414,7.2,18476,232,68,-304,-1063,11,1,3,1,0,15718,7.4,19539,237,67,0,27,-1,-1,1,-5,1,-0.2
"8104","Red","Red","Neither","Red",16,2,7,12,0,17737,7,18616,234,44,648,617,15,4,8,10,0,17089,7,17999,202,51,0,1,-2,-1,2,32,-7,0
"8105","Red","Blue","Neither","Blue",16,4,8,11,0,17570,7.2,18879,222,47,1365,1563,17,1,6,7,0,16205,6.8,17316,220,52,0,-1,3,2,4,2,-5,0.4
"8106","Red","Neither","Neither","Red",17,3,7,12,0,17131,7.2,18470,242,34,-2550,-1700,14,1,11,7,1,19681,7.2,20170,258,37,-1,3,2,-4,5,-16,-3,0
"8107","Red","Red","Blue","Blue",15,2,8,10,0,17237,6.6,17508,226,40,1932,168,16,0,6,3,0,15305,6.8,17340,182,48,0,-1,2,2,7,44,-8,-0.2
"8108","Blue","Neither","Neither","Red",17,3,9,11,0,17814,7,18465,206,51,1692,1775,16,0,7,11,0,16122,6.8,16690,196,42,0,1,3,2,0,10,9,0.2
"8109","Blue","Blue","Neither","Red",12,3,8,9,0,16738,7.2,19296,214,60,624,1208,14,0,6,3,0,16114,7,18088,225,33,0,-2,3,2,6,-11,27,0.2
"8110","Blue","Red","Neither","Blue",17,1,11,10,0,18092,7,18652,213,43,4024,2465,14,1,3,1,0,14068,6.2,16187,212,40,0,3,0,8,9,1,3,0.8
"8111","Red","Red","Neither","Red",11,2,6,7,0,16522,6.8,17675,223,44,-1128,-2710,18,2,9,4,0,17650,7.4,20385,224,72,0,-7,0,-3,3,-1,-28,-0.600000000000001
"8112","Blue","Blue","Neither","Blue",13,3,9,15,0,18053,6.8,18267,247,51,4135,1375,28,0,1,2,0,13918,6.6,16892,211,59,0,-15,3,8,13,36,-8,0.2
"8113","Red","Red","Neither","Blue",14,3,10,16,0,19475,7.2,18887,233,51,4765,3054,17,0,3,3,0,14710,6.6,15833,202,52,0,-3,3,7,13,31,-1,0.600000000000001
"8114","Red","Blue","Neither","Blue",20,4,12,11,0,18693,7.4,19277,206,50,1581,1899,15,4,7,11,0,17112,6.6,17378,207,44,0,5,0,5,0,-1,6,0.800000000000001
"8115","Blue","Blue","Red","Red",12,4,5,7,0,16488,7.2,18632,220,60,1603,1827,18,3,4,4,0,14885,6.6,16805,197,44,0,-6,1,1,3,23,16,0.600000000000001
"8116","Red","Neither","Neither","Blue",16,2,8,8,0,17531,6.8,18252,230,56,2236,288,14,1,4,2,0,15295,6.8,17964,212,48,0,2,1,4,6,18,8,0
"8117","Blue","Red","Neither","Blue",14,2,3,3,0,15422,6.8,16988,215,63,1391,214,16,2,2,3,0,14031,6.8,16774,232,36,0,-2,0,1,0,-17,27,0
"8118","Red","Red","Neither","Red",37,0,3,1,0,15276,7.2,18400,214,59,-1729,-437,14,3,6,8,0,17005,7,18837,250,52,0,23,-3,-3,-7,-36,7,0.2
"8119","Red","Blue","Blue","Blue",16,4,9,12,0,17390,7,17256,196,54,614,-322,16,5,5,7,0,16776,6.6,17578,213,48,0,0,-1,4,5,-17,6,0.4
"8120","Red","Red","Red","Blue",32,2,10,10,0,17593,6.8,17439,178,49,-1538,-1233,15,1,11,15,0,19131,7,18672,201,55,0,17,1,-1,-5,-23,-6,-0.2
"8121","Red","Red","Neither","Red",33,2,6,7,0,15820,7,18253,203,49,-2116,-1407,14,3,10,11,0,17936,7.2,19660,223,44,0,19,-1,-4,-4,-20,5,-0.2
"8122","Blue","Red","Neither","Blue",14,2,8,5,0,17198,6.8,17495,226,37,2973,1838,32,4,4,5,0,14225,6.2,15657,141,56,0,-18,-2,4,0,85,-19,0.6
"8123","Blue","Blue","Neither","Red",16,2,8,7,0,17000,6.8,18009,190,60,-149,427,15,3,9,8,0,17149,7,17582,211,48,0,1,-1,-1,-1,-21,12,-0.2
"8124","Red","Red","Neither","Red",17,5,6,2,0,15196,6.8,18612,209,52,-1240,-76,13,2,6,6,0,16436,7,18688,210,68,0,4,3,0,-4,-1,-16,-0.2
"8125","Blue","Neither","Neither","Blue",15,4,5,3,0,16358,6.8,17640,206,56,-2651,-1695,16,5,12,14,0,19009,7.2,19335,218,64,0,-1,-1,-7,-11,-12,-8,-0.4
"8126","Blue","Blue","Neither","Blue",16,1,9,13,0,17469,6.8,16911,195,45,-1022,-1200,14,4,10,13,0,18491,6.8,18111,248,33,0,2,-3,-1,0,-53,12,0
"8127","Blue","Blue","Neither","Red",22,3,7,4,0,16031,6.8,17458,218,55,1643,882,21,3,2,0,0,14388,6.6,16576,225,48,0,1,0,5,4,-7,7,0.2
"8128","Red","Blue","Neither","Blue",20,2,6,7,0,17070,7.2,18971,223,73,760,995,39,2,5,6,0,16310,6.8,17976,230,39,0,-19,0,1,1,-7,34,0.4
"8129","Red","Red","Neither","Red",53,2,3,3,0,14782,6.8,17600,238,44,-1454,-1276,42,4,6,6,0,16236,7.2,18876,204,63,0,11,-2,-3,-3,34,-19,-0.4
"8130","Blue","Red","Blue","Blue",20,1,5,7,0,16610,7.4,19266,246,56,1875,2074,14,1,3,3,0,14735,6.8,17192,207,52,0,6,0,2,4,39,4,0.600000000000001
"8131","Blue","Blue","Neither","Red",18,2,8,11,0,17255,7,18288,237,43,2116,1613,15,3,4,5,0,15139,6.6,16675,203,52,0,3,-1,4,6,34,-9,0.4
"8132","Red","Red","Neither","Red",14,3,3,5,0,14259,6.4,15830,202,38,-1034,-846,14,2,3,0,0,15293,6.6,16676,229,54,0,0,1,0,5,-27,-16,-0.199999999999999
"8133","Red","Red","Red","Blue",57,2,7,7,0,16100,7,18918,223,45,-577,-679,8,1,6,3,0,16677,7,19597,237,72,0,49,1,1,4,-14,-27,0
"8134","Blue","Blue","Neither","Blue",35,6,13,18,0,19641,7.4,19614,207,57,6310,5136,14,1,1,3,0,13331,6,14478,199,40,0,21,5,12,15,8,17,1.4
"8135","Blue","Blue","Neither","Red",26,5,8,8,0,17346,7,18654,208,52,1482,1629,19,0,5,6,0,15864,6.8,17025,211,47,0,7,5,3,2,-3,5,0.2
"8136","Blue","Red","Neither","Red",14,4,3,3,0,16002,7.2,19380,230,64,787,1089,15,1,3,2,0,15215,7.2,18291,231,60,0,-1,3,0,1,-1,4,0
"8137","Blue","Blue","Neither","Blue",14,0,4,6,0,16070,7.2,19798,236,72,2170,2480,13,0,0,0,0,13900,6.8,17318,240,48,0,1,0,4,6,-4,24,0.4
"8138","Red","Red","Neither","Red",13,2,2,1,0,14227,6.6,16822,205,44,-2617,-2322,15,1,10,11,0,16844,7.2,19144,208,40,0,-2,1,-8,-10,-3,4,-0.600000000000001
"8139","Blue","Neither","Neither","Blue",33,2,10,13,0,18715,7.2,19675,226,67,4058,3407,14,1,2,2,0,14657,6.6,16268,229,44,0,19,1,8,11,-3,23,0.600000000000001
"8140","Blue","Blue","Neither","Blue",17,4,9,9,0,17375,6.8,18035,217,50,238,368,21,4,8,11,0,17137,6.8,17667,207,40,0,-4,0,1,-2,10,10,0
"8141","Red","Neither","Neither","Red",53,2,3,3,0,15162,6.8,18046,227,56,-1980,-973,19,4,7,5,0,17142,7.2,19019,256,56,0,34,-2,-4,-2,-29,0,-0.4
"8142","Red","Blue","Red","Red",18,3,6,6,0,15571,6.8,16898,190,60,-1137,-982,17,1,6,5,0,16708,7,17880,228,52,0,1,2,0,1,-38,8,-0.2
"8143","Blue","Blue","Neither","Blue",16,3,4,4,0,15070,6.6,17424,218,44,-124,253,14,0,5,6,0,15194,6.8,17171,198,52,0,2,3,-1,-2,20,-8,-0.2
"8144","Blue","Blue","Blue","Blue",34,1,12,14,0,18723,7.2,18851,190,59,2246,1265,12,1,4,5,0,16477,6.8,17586,227,45,0,22,0,8,9,-37,14,0.4
"8145","Red","Red","Blue","Blue",32,2,8,7,0,17258,7,18755,214,40,-978,78,12,1,9,8,0,18236,7.2,18677,207,61,0,20,1,-1,-1,7,-21,-0.2
"8146","Red","Neither","Blue","Blue",12,2,5,4,0,16103,7.2,18747,208,55,-2659,88,16,1,6,11,1,18762,7.4,18659,245,52,-1,-4,1,-1,-7,-37,3,-0.2
"8147","Red","Red","Blue","Red",18,1,3,1,0,14709,6.8,17193,207,56,-3224,-1270,16,7,9,16,0,17933,7.2,18463,238,34,0,2,-6,-6,-15,-31,22,-0.4
"8148","Red","Red","Neither","Blue",11,3,8,10,0,17122,7,17535,204,51,312,-1396,47,2,7,7,0,16810,7,18931,211,51,0,-36,1,1,3,-7,0,0
"8149","Red","Blue","Red","Blue",38,4,1,0,0,13696,6.8,16789,200,56,-2462,-3352,18,4,5,6,0,16158,7.6,20141,202,72,0,20,0,-4,-6,-2,-16,-0.8
"8150","Blue","Blue","Neither","Blue",16,1,9,7,0,17764,7.4,19589,235,60,2617,2411,32,3,3,2,0,15147,6.6,17178,220,56,0,-16,-2,6,5,15,4,0.800000000000001
"8151","Blue","Neither","Neither","Blue",15,5,4,3,0,16275,7.4,19461,244,60,846,1138,16,2,3,1,0,15429,7.2,18323,233,60,0,-1,3,1,2,11,0,0.2
"8152","Blue","Blue","Blue","Blue",29,2,11,12,1,20124,7.4,19495,230,65,6450,5057,13,4,2,2,0,13674,6,14438,205,24,1,16,-2,9,10,25,41,1.4
"8153","Red","Red","Neither","Red",14,1,6,4,0,15775,6.8,17025,206,44,-2861,-1651,17,1,11,14,0,18636,7,18676,210,52,0,-3,0,-5,-10,-4,-8,-0.2
"8154","Blue","Blue","Blue","Blue",16,6,6,2,0,15693,6.6,17206,199,56,355,818,17,2,6,5,0,15338,6.6,16388,192,48,0,-1,4,0,-3,7,8,0
"8155","Blue","Red","Red","Blue",12,2,7,8,0,17479,7,18923,246,41,2305,482,16,1,2,0,0,15174,7.2,18441,226,72,0,-4,1,5,8,20,-31,-0.2
"8156","Blue","Red","Blue","Red",14,2,9,9,0,17840,7.2,19273,226,45,-359,784,16,3,10,9,0,18199,7,18489,207,50,0,-2,-1,-1,0,19,-5,0.2
"8157","Red","Neither","Neither","Red",17,2,5,8,0,15259,6.6,15471,180,52,-3967,-3114,12,1,6,8,2,19226,7,18585,247,60,-2,5,1,-1,0,-67,-8,-0.4
"8158","Red","Blue","Red","Red",13,1,4,3,0,15225,6.2,16104,187,45,-5182,-3884,13,1,11,9,2,20407,7.4,19988,246,53,-2,0,0,-7,-6,-59,-8,-1.2
"8159","Blue","Neither","Neither","Blue",16,2,9,11,0,17312,7,19125,217,44,2344,1517,39,4,4,4,0,14968,6.8,17608,201,59,0,-23,-2,5,7,16,-15,0.2
"8160","Red","Neither","Blue","Red",16,1,8,10,0,16696,7,17832,206,44,865,1006,10,1,4,3,0,15831,6.6,16826,220,39,0,6,0,4,7,-14,5,0.4
"8161","Blue","Red","Neither","Red",18,4,6,6,0,16690,7.2,18319,235,47,-516,-3,17,2,7,9,0,17206,7,18322,235,54,0,1,2,-1,-3,0,-7,0.2
"8162","Red","Neither","Neither","Red",42,2,5,3,0,16225,7,18754,219,54,-38,1167,15,0,6,8,0,16263,6.8,17587,239,32,0,27,2,-1,-5,-20,22,0.2
"8163","Red","Red","Red","Blue",13,4,4,8,0,15720,6.4,15834,212,44,-2510,-4246,43,2,8,5,0,18230,7.2,20080,249,75,0,-30,2,-4,3,-37,-31,-0.8
"8164","Red","Neither","Neither","Red",16,5,2,2,0,13738,6.4,15483,169,52,-6260,-3364,39,4,13,15,0,19998,7,18847,238,34,0,-23,1,-11,-13,-69,18,-0.6
"8165","Blue","Blue","Neither","Blue",16,3,10,7,0,18240,7,19116,259,31,2953,1980,17,2,5,4,0,15287,6.8,17136,197,64,0,-1,1,5,3,62,-33,0.2
"8166","Blue","Blue","Red","Blue",14,2,6,7,0,16439,7.2,18635,220,56,1603,1799,113,0,4,1,0,14836,6.6,16836,213,51,0,-99,2,2,6,7,5,0.600000000000001
"8167","Red","Neither","Neither","Blue",15,0,4,3,0,15761,7,18196,253,32,-1454,-1205,13,3,7,6,0,17215,7.2,19401,233,48,0,2,-3,-3,-3,20,-16,-0.2
"8168","Red","Red","Blue","Blue",17,2,9,10,0,18529,7.2,18459,227,57,1550,910,19,2,8,11,0,16979,6.6,17549,206,51,0,-2,0,1,-1,21,6,0.600000000000001
"8169","Red","Neither","Neither","Red",18,4,8,8,0,16996,6.8,18052,227,44,-1065,626,19,4,10,13,0,18061,6.8,17426,216,30,0,-1,0,-2,-5,11,14,0
"8170","Blue","Neither","Neither","Blue",16,2,10,10,0,17665,6.8,17473,207,44,753,-587,16,4,8,6,0,16912,6.8,18060,191,45,0,0,-2,2,4,16,-1,0
"8171","Blue","Blue","Neither","Blue",87,2,7,5,0,16969,7,18900,198,52,-877,418,48,1,10,11,0,17846,7.2,18482,229,34,0,39,1,-3,-6,-31,18,-0.2
"8172","Red","Blue","Red","Red",18,4,2,3,0,15474,7.4,19351,244,72,-902,385,51,2,5,7,0,16376,7.2,18966,237,56,0,-33,2,-3,-4,7,16,0.2
"8173","Blue","Blue","Neither","Red",17,3,11,15,0,18204,7,18154,186,60,1790,350,38,5,5,4,0,16414,7,17804,229,57,0,-21,-2,6,11,-43,3,0
"8174","Red","Red","Neither","Red",20,5,6,10,0,17160,7,18228,241,47,1497,717,17,7,5,4,0,15663,6.8,17511,218,40,0,3,-2,1,6,23,7,0.2
"8175","Blue","Neither","Neither","Blue",18,5,6,4,0,16876,7,18664,256,44,2717,2815,17,4,3,4,0,14159,6.4,15849,205,43,0,1,1,3,0,51,1,0.6
"8176","Blue","Red","Neither","Red",11,2,10,7,0,18129,7.2,19644,230,60,2428,2186,37,2,6,9,0,15701,6.8,17458,212,55,0,-26,0,4,-2,18,5,0.4
"8177","Blue","Red","Neither","Red",16,5,6,4,0,17210,7.4,19805,243,67,42,1367,15,3,7,3,0,17168,7,18438,255,52,0,1,2,-1,1,-12,15,0.4
"8178","Blue","Neither","Red","Red",13,3,5,3,0,15067,6.6,16500,203,38,-3574,-387,11,0,10,14,0,18641,6.6,16887,218,40,0,2,3,-5,-11,-15,-2,0
"8179","Red","Blue","Neither","Red",17,2,5,4,0,15013,7,17384,198,48,-1008,-717,16,3,5,6,0,16021,7,18101,225,56,0,1,-1,0,-2,-27,-8,0
"8180","Blue","Neither","Neither","Blue",15,3,7,6,0,16946,7.4,19649,221,76,714,1650,12,5,6,7,0,16232,6.8,17999,215,58,0,3,-2,1,-1,6,18,0.600000000000001
"8181","Blue","Red","Neither","Red",18,2,11,11,0,18403,7.4,19486,239,48,2239,1539,22,4,5,4,0,16164,6.6,17947,231,63,0,-4,-2,6,7,8,-15,0.800000000000001
"8182","Red","Red","Blue","Red",14,0,2,2,0,14115,6.8,16918,199,60,-1909,-1282,14,2,5,5,0,16024,7,18200,229,52,0,0,-2,-3,-3,-30,8,-0.2
"8183","Blue","Red","Neither","Blue",17,4,2,0,0,15321,7,18162,255,55,305,992,56,2,4,5,0,15016,6.8,17170,222,40,0,-39,2,-2,-5,33,15,0.2
"8184","Red","Red","Neither","Blue",13,1,5,0,0,15850,7,18559,216,52,144,312,16,1,5,4,0,15706,7.2,18247,238,56,0,-3,0,0,-4,-22,-4,-0.2
"8185","Blue","Red","Neither","Red",14,1,3,3,0,15704,7,17817,246,50,789,-175,20,1,1,2,0,14915,6.8,17992,232,72,0,-6,0,2,1,14,-22,0.2
"8186","Blue","Red","Blue","Red",122,4,5,7,1,17716,7,17963,216,44,8,-625,15,3,5,4,0,17708,7.2,18588,249,68,1,107,1,0,3,-33,-24,-0.2
"8187","Red","Neither","Blue","Blue",19,5,6,8,0,16604,7,18077,235,40,-754,-157,26,2,7,9,0,17358,6.8,18234,243,39,0,-7,3,-1,-1,-8,1,0.2
"8188","Red","Neither","Neither","Blue",15,1,4,6,0,14808,6.6,16376,180,42,-3363,-1920,12,4,8,7,0,18171,7,18296,212,49,0,3,-3,-4,-1,-32,-7,-0.4
"8189","Blue","Red","Neither","Red",15,4,6,8,0,15924,6.8,17006,191,45,-510,-837,43,2,4,7,0,16434,7,17843,225,60,0,-28,2,2,1,-34,-15,-0.2
"8190","Red","Neither","Red","Blue",16,2,3,7,0,14994,6.6,16731,199,41,-1080,-1664,20,3,5,3,0,16074,7,18395,235,64,0,-4,-1,-2,4,-36,-23,-0.4
"8191","Red","Red","Neither","Red",18,4,1,0,0,13533,6.4,15497,212,35,-2191,-1498,42,5,5,9,0,15724,6.8,16995,207,50,0,-24,-1,-4,-9,5,-15,-0.399999999999999
"8192","Blue","Red","Neither","Red",81,2,6,4,0,18314,7.6,21257,257,76,3274,3262,44,0,3,3,0,15040,7,17995,195,72,0,37,2,3,1,62,4,0.6
"8193","Red","Red","Neither","Red",17,7,4,4,0,16387,7.2,18488,235,56,149,210,44,4,7,9,0,16238,6.8,18278,202,44,0,-27,3,-3,-5,33,12,0.4
"8194","Red","Red","Neither","Red",22,3,6,4,0,15629,6.8,17035,212,42,-317,-27,17,3,6,11,0,15946,6.8,17062,200,54,0,5,0,0,-7,12,-12,0
"8195","Blue","Blue","Neither","Blue",13,2,4,1,0,16070,7,18706,251,56,2422,1766,13,1,1,3,0,13648,6.6,16940,199,52,0,0,1,3,-2,52,4,0.4
"8196","Red","Blue","Neither","Blue",16,4,4,5,0,15596,6.8,18105,223,47,370,-66,49,1,4,4,0,15226,7,18171,200,51,0,-33,3,0,1,23,-4,-0.2
"8197","Blue","Blue","Neither","Blue",59,2,5,8,0,17010,7,18660,250,58,2312,1175,34,3,2,2,0,14698,6.6,17485,220,54,0,25,-1,3,6,30,4,0.4
"8198","Red","Red","Blue","Red",94,4,8,10,0,17431,7,17957,208,34,-96,277,15,3,9,8,0,17527,6.6,17680,215,52,0,79,1,-1,2,-7,-18,0.4
"8199","Red","Red","Neither","Red",42,5,7,6,0,16664,6.8,17627,214,48,-2262,-1763,19,3,11,16,0,18926,7.4,19390,195,60,0,23,2,-4,-10,19,-12,-0.600000000000001
"8200","Red","Neither","Neither","Blue",13,1,4,5,0,15144,6.4,16164,197,48,-4293,-3731,15,2,11,18,0,19437,7.4,19895,241,60,0,-2,-1,-7,-13,-44,-12,-1
"8201","Red","Red","Red","Blue",16,4,5,8,0,15703,6.6,17085,195,53,-1085,-1869,15,4,6,5,0,16788,7.2,18954,229,48,0,1,0,-1,3,-34,5,-0.600000000000001
"8202","Blue","Red","Neither","Blue",42,5,10,15,0,18062,6.8,17582,220,33,2301,667,25,5,5,9,0,15761,6.6,16915,204,52,0,17,0,5,6,16,-19,0.2
"8203","Red","Blue","Neither","Red",15,4,7,8,0,16787,6.8,17483,208,40,800,-237,14,2,5,7,0,15987,6.8,17720,236,44,0,1,2,2,1,-28,-4,0
"8204","Blue","Red","Blue","Red",9,1,12,5,1,19785,7.4,20587,221,63,2510,2517,14,1,10,10,0,17275,7,18070,213,48,1,-5,0,2,-5,8,15,0.4
"8205","Blue","Blue","Blue","Blue",82,2,10,9,0,18408,7.4,19955,208,73,1917,1186,16,3,5,4,0,16491,7,18769,211,41,0,66,-1,5,5,-3,32,0.4
"8206","Red","Blue","Neither","Red",17,3,11,13,0,18614,7,18540,208,48,-558,-1482,17,2,11,15,0,19172,7.6,20022,227,52,0,0,1,0,-2,-19,-4,-0.6
"8207","Blue","Red","Blue","Blue",250,4,12,12,0,19704,7,18253,209,44,3067,503,16,1,10,6,0,16637,6.8,17750,174,56,0,234,3,2,6,35,-12,0.2
"8208","Red","Blue","Neither","Red",15,1,2,2,0,15281,6.8,17495,248,52,-1201,-919,21,3,5,11,0,16482,6.8,18414,247,42,0,-6,-2,-3,-9,1,10,0
"8209","Red","Blue","Neither","Red",15,1,1,1,0,13253,6.4,16475,190,51,-2310,-2290,16,0,3,1,0,15563,7.4,18765,248,60,0,-1,1,-2,0,-58,-9,-1
"8210","Red","Blue","Neither","Red",37,2,8,15,0,17192,7,17774,190,59,203,557,21,3,8,14,0,16989,6.8,17217,235,44,0,16,-1,0,1,-45,15,0.2
"8211","Red","Blue","Neither","Red",17,7,6,9,0,16796,6.8,18185,232,34,117,248,49,1,5,9,0,16679,6.8,17937,221,52,0,-32,6,1,0,11,-18,0
"8212","Blue","Blue","Neither","Red",13,4,11,10,0,18582,6.8,18084,207,36,2419,1118,17,2,7,8,0,16163,7,16966,193,52,0,-4,2,4,2,14,-16,-0.2
"8213","Red","Neither","Blue","Red",42,2,6,7,0,17098,7.4,20021,243,54,447,919,89,1,5,6,0,16651,7,19102,220,67,0,-47,1,1,1,23,-13,0.4
"8214","Red","Red","Blue","Red",22,3,5,5,0,15766,6.8,17649,209,48,-1219,-759,114,7,6,10,0,16985,7,18408,227,59,0,-92,-4,-1,-5,-18,-11,-0.2
"8215","Blue","Blue","Neither","Blue",143,2,3,3,0,14767,6.8,16754,214,60,-1371,-1951,18,8,5,4,0,16138,7,18705,256,43,0,125,-6,-2,-1,-42,17,-0.2
"8216","Blue","Blue","Blue","Blue",23,1,10,13,1,18929,7,18674,170,60,3235,1168,35,2,3,6,0,15694,7,17506,241,44,1,-12,-1,7,7,-71,16,0
"8217","Blue","Blue","Neither","Blue",21,3,10,12,0,18046,7.4,19739,226,52,2299,1804,17,6,5,5,0,15747,7.2,17935,229,48,0,4,-3,5,7,-3,4,0.2
"8218","Red","Blue","Neither","Red",14,4,8,6,0,17035,7,17308,204,48,-1556,-3181,25,1,10,9,0,18591,7.4,20489,213,67,0,-11,3,-2,-3,-9,-19,-0.4
"8219","Red","Red","Red","Red",12,5,3,3,0,15992,6.8,17572,251,52,-1323,-1622,18,1,7,10,0,17315,7.2,19194,218,60,0,-6,4,-4,-7,33,-8,-0.4
"8220","Blue","Red","Neither","Blue",17,1,8,11,0,17791,7,18244,216,48,1625,552,16,2,6,9,0,16166,6.8,17692,215,48,0,1,-1,2,2,1,0,0.2
"8221","Blue","Blue","Neither","Red",20,1,5,3,0,16517,6.8,17812,246,49,819,-48,13,3,4,4,0,15698,7.2,17860,245,57,0,7,-2,1,-1,1,-8,-0.4
"8222","Red","Blue","Neither","Blue",16,1,7,4,0,15863,7,18126,178,58,-735,-742,17,0,8,3,0,16598,7,18868,231,56,0,-1,1,-1,1,-53,2,0
"8223","Blue","Neither","Neither","Blue",19,1,5,5,0,16779,7,18382,268,52,2386,395,14,2,2,4,0,14393,7,17987,204,64,0,5,-1,3,1,64,-12,0
"8224","Red","Neither","Neither","Red",14,6,10,8,0,17145,6.8,18179,180,43,-1281,-525,35,1,9,9,0,18426,7,18704,212,62,0,-21,5,1,-1,-32,-19,-0.2
"8225","Blue","Red","Neither","Red",15,1,4,4,0,15161,7,17998,194,72,-786,-837,16,2,5,3,0,15947,7.2,18835,231,55,0,-1,-1,-1,1,-37,17,-0.2
"8226","Blue","Blue","Neither","Blue",16,2,6,5,0,17451,7,18484,249,59,-224,-1881,16,2,9,10,0,17675,7.4,20365,205,38,0,0,0,-3,-5,44,21,-0.4
"8227","Blue","Red","Neither","Blue",16,5,7,10,0,18342,7.4,20325,224,75,2587,2759,164,2,4,3,0,15755,6.6,17566,213,54,0,-148,3,3,7,11,21,0.800000000000001
"8228","Blue","Blue","Neither","Red",18,3,5,8,0,16498,7,18296,259,50,460,183,11,3,5,7,0,16038,7,18113,213,53,0,7,0,0,1,46,-3,0
"8229","Red","Neither","Red","Red",84,1,3,2,0,14975,7,17721,227,40,-3348,-1795,37,4,8,10,0,18323,7.2,19516,224,58,0,47,-3,-5,-8,3,-18,-0.2
"8230","Blue","Red","Blue","Blue",17,3,9,7,0,17017,7,19023,204,50,2350,2705,13,3,2,3,0,14667,6.6,16318,220,72,0,4,0,7,4,-16,-22,0.4
"8231","Red","Neither","Neither","Red",13,0,2,1,0,13872,6.4,17095,197,43,-6115,-3209,15,4,10,9,0,19987,7.4,20304,264,47,0,-2,-4,-8,-8,-67,-4,-1
"8232","Blue","Blue","Blue","Red",87,3,8,9,0,17940,7.4,19545,216,68,1340,1826,16,3,8,4,0,16600,6.8,17719,219,48,0,71,0,0,5,-3,20,0.600000000000001
"8233","Red","Red","Red","Blue",17,2,3,4,0,14037,6.2,15309,167,54,-2491,-2521,35,3,8,6,0,16528,7,17830,202,36,0,-18,-1,-5,-2,-35,18,-0.8
"8234","Red","Blue","Neither","Blue",33,4,5,6,0,15534,7,17293,207,44,-1109,-1493,87,1,7,4,0,16643,7.2,18786,223,47,0,-54,3,-2,2,-16,-3,-0.2
"8235","Blue","Blue","Neither","Blue",20,4,8,11,0,18074,7.4,19942,252,59,1634,1007,13,4,6,7,0,16440,7,18935,223,56,0,7,0,2,4,29,3,0.4
"8236","Blue","Blue","Blue","Blue",15,1,11,15,0,17640,6.6,17082,164,45,1252,-271,14,3,8,11,0,16388,6.8,17353,176,52,0,1,-2,3,4,-12,-7,-0.2
"8237","Blue","Blue","Neither","Red",41,4,3,4,0,15539,6.8,17962,241,55,-244,1250,37,6,5,3,0,15783,6.8,16712,185,43,0,4,-2,-2,1,56,12,0
"8238","Blue","Red","Blue","Red",14,1,9,10,0,17854,7,17358,170,61,2180,462,12,2,6,6,0,15674,6.8,16896,209,31,0,2,-1,3,4,-39,30,0.2
"8239","Blue","Blue","Blue","Blue",13,3,9,10,1,18924,7,18340,216,64,2660,-730,20,4,6,3,0,16264,7,19070,221,83,1,-7,-1,3,7,-5,-19,0
"8240","Blue","Blue","Neither","Blue",16,3,10,7,0,18828,7.4,20691,244,68,4124,3900,13,3,2,1,0,14704,6.8,16791,220,56,0,3,0,8,6,24,12,0.600000000000001
"8241","Blue","Red","Neither","Blue",22,2,6,4,0,16192,7,18524,218,59,34,985,15,2,6,7,0,16158,6.8,17539,209,41,0,7,0,0,-3,9,18,0.2
"8242","Blue","Neither","Neither","Red",15,3,9,10,0,17312,6.6,17334,231,35,-674,530,14,0,9,13,0,17986,6.8,16804,200,52,0,1,3,0,-3,31,-17,-0.2
"8243","Red","Red","Neither","Blue",16,2,3,4,0,14951,6.8,17903,225,44,-1036,-942,17,1,3,3,0,15987,7.2,18845,252,58,0,-1,1,0,1,-27,-14,-0.4
"8244","Red","Blue","Neither","Blue",45,5,8,11,0,17405,7,18074,204,51,1059,-338,10,5,6,9,0,16346,7,18412,221,36,0,35,0,2,2,-17,15,0
"8245","Blue","Red","Neither","Blue",13,3,12,12,0,19201,7,19303,215,56,-1398,-26,17,3,13,13,1,20599,7.2,19329,215,40,-1,-4,0,-1,-1,0,16,-0.2
"8246","Blue","Blue","Neither","Blue",17,6,13,14,1,20095,7.6,20229,219,48,6770,4384,14,3,0,0,0,13325,6.6,15845,199,56,1,3,3,13,14,20,-8,1
"8247","Red","Blue","Neither","Red",17,2,3,3,0,14799,6.6,17594,227,48,-1302,-611,16,0,5,6,0,16101,6.8,18205,201,56,0,1,2,-2,-3,26,-8,-0.2
"8248","Blue","Blue","Blue","Blue",13,1,4,3,0,17220,7.4,19745,233,52,3373,2086,13,0,1,0,0,13847,7,17659,225,51,0,0,1,3,3,8,1,0.4
"8249","Red","Blue","Blue","Red",17,3,5,6,0,15494,6.4,16228,187,59,-3528,-2277,16,4,8,8,0,19022,7,18505,260,44,0,1,-1,-3,-2,-73,15,-0.6
"8250","Blue","Red","Neither","Blue",16,1,12,17,0,18722,7.2,18687,212,69,941,2107,19,2,9,7,0,17781,6.6,16580,225,34,0,-3,-1,3,10,-13,35,0.600000000000001
"8251","Blue","Neither","Neither","Blue",11,2,5,4,0,15440,6.6,16608,209,39,-1404,443,55,1,8,12,0,16844,6.6,16165,188,45,0,-44,1,-3,-8,21,-6,0
"8252","Blue","Neither","Neither","Red",37,4,19,25,1,23278,7.8,22125,240,48,8667,7645,15,3,3,7,0,14611,6.2,14480,189,46,1,22,1,16,18,51,2,1.6
"8253","Red","Red","Blue","Blue",15,0,6,5,0,16525,6.8,18095,204,47,-1782,-972,18,3,9,11,0,18307,7.2,19067,217,67,0,-3,-3,-3,-6,-13,-20,-0.4
"8254","Blue","Blue","Neither","Blue",15,6,6,5,0,16638,7.2,18824,212,67,1402,1512,21,2,3,3,0,15236,6.8,17312,230,52,0,-6,4,3,2,-18,15,0.4
"8255","Blue","Neither","Neither","Blue",19,4,3,3,0,15562,6.8,17070,224,35,472,-797,39,3,3,3,0,15090,7,17867,222,46,0,-20,1,0,0,2,-11,-0.2
"8256","Blue","Blue","Blue","Blue",15,1,2,4,0,15919,6.6,17737,262,56,1935,411,17,3,0,0,0,13984,6.6,17326,244,55,0,-2,-2,2,4,18,1,0
"8257","Red","Red","Blue","Red",17,5,4,8,0,15922,7,17677,245,59,-1185,-1150,17,4,6,7,0,17107,7.2,18827,236,48,0,0,1,-2,1,9,11,-0.2
"8258","Blue","Blue","Neither","Red",23,4,3,2,0,15213,6.8,17861,252,47,-388,-325,17,4,5,3,0,15601,7,18186,209,62,0,6,0,-2,-1,43,-15,-0.2
"8259","Red","Blue","Blue","Blue",18,1,7,12,0,16247,6.6,17036,205,55,1768,939,13,1,3,2,0,14479,6.6,16097,189,48,0,5,0,4,10,16,7,0
"8260","Blue","Blue","Blue","Blue",22,3,10,8,0,19082,7.2,18868,231,60,5391,2596,13,5,3,2,0,13691,6.2,16272,176,48,0,9,-2,7,6,55,12,1
"8261","Blue","Blue","Neither","Red",18,3,6,8,0,17146,7.2,18930,219,60,2326,1907,14,0,3,2,0,14820,6.6,17023,206,59,0,4,3,3,6,13,1,0.600000000000001
"8262","Blue","Blue","Neither","Blue",57,0,5,7,0,17079,7.6,20271,238,80,2508,1742,12,1,1,2,0,14571,7.2,18529,249,55,0,45,-1,4,5,-11,25,0.399999999999999
"8263","Red","Red","Neither","Blue",11,3,6,7,0,17330,7,17971,237,52,-365,-1278,15,3,7,8,0,17695,7.2,19249,227,63,0,-4,0,-1,-1,10,-11,-0.2
"8264","Red","Red","Neither","Blue",13,2,7,7,0,16838,7.2,18339,239,53,1828,302,19,0,3,0,0,15010,6.8,18037,235,44,0,-6,2,4,7,4,9,0.4
"8265","Red","Neither","Blue","Blue",13,1,8,8,0,17424,6.8,17446,220,51,-836,-1109,14,1,9,14,0,18260,7.2,18555,211,43,0,-1,0,-1,-6,9,8,-0.4
"8266","Red","Neither","Neither","Blue",18,3,5,9,0,15885,6.8,17840,233,35,-350,626,15,5,4,5,0,16235,7,17214,221,56,0,3,-2,1,4,12,-21,-0.2
"8267","Red","Blue","Red","Blue",16,0,7,10,0,16339,7,17365,224,40,457,-959,10,1,4,3,0,15882,7,18324,254,56,0,6,-1,3,7,-30,-16,0
"8268","Blue","Blue","Neither","Blue",23,5,7,10,0,17693,7.2,18485,241,54,3712,2007,18,2,2,4,0,13981,6.6,16478,196,49,0,5,3,5,6,45,5,0.600000000000001
"8269","Blue","Blue","Neither","Blue",20,3,16,21,0,20032,7.4,20277,166,48,3931,4106,14,1,5,4,0,16101,6.6,16171,198,44,0,6,2,11,17,-32,4,0.800000000000001
"8270","Blue","Red","Blue","Red",40,5,4,5,0,15447,7,17708,201,43,63,261,16,6,4,1,0,15384,6.8,17447,228,49,0,24,-1,0,4,-27,-6,0.2
"8271","Red","Red","Red","Red",11,3,3,4,0,14099,6.4,15839,200,32,-4496,-4428,18,3,8,10,0,18595,7.4,20267,227,84,0,-7,0,-5,-6,-27,-52,-1
"8272","Blue","Blue","Neither","Red",16,2,3,6,0,15335,6.6,17217,219,49,-839,-82,14,2,6,5,0,16174,7,17299,225,36,0,2,0,-3,1,-6,13,-0.4
"8273","Red","Neither","Neither","Red",10,2,2,2,0,14198,6.4,15730,195,41,-4030,-2539,17,1,13,15,0,18228,7,18269,198,43,0,-7,1,-11,-13,-3,-2,-0.6
"8274","Blue","Red","Neither","Blue",15,1,4,4,0,15298,6.6,16504,208,47,-1596,-1269,13,2,6,10,0,16894,6.8,17773,210,52,0,2,-1,-2,-6,-2,-5,-0.2
"8275","Red","Blue","Red","Red",83,3,4,3,0,15564,6.8,17844,236,55,-4523,-3174,16,5,11,9,1,20087,7.6,21018,231,52,-1,67,-2,-7,-6,5,3,-0.8
"8276","Blue","Blue","Blue","Red",11,2,8,2,1,17696,7.2,18812,224,56,1786,2804,18,3,4,7,0,15910,6.4,16008,200,52,1,-7,-1,4,-5,24,4,0.8
"8277","Blue","Blue","Neither","Red",17,3,6,4,0,16047,6.8,18407,214,58,-1495,330,15,2,8,11,0,17542,6.8,18077,205,54,0,2,1,-2,-7,9,4,0
"8278","Red","Red","Neither","Red",15,17,3,5,0,14112,6.4,15898,216,28,-2834,-2773,49,2,8,8,0,16946,7,18671,203,44,0,-34,15,-5,-3,13,-16,-0.6
"8279","Red","Neither","Red","Red",16,1,3,2,0,15314,7,17971,226,45,-888,1328,15,2,5,3,0,16202,6.8,16643,220,37,0,1,-1,-2,-1,6,8,0.2
"8280","Blue","Blue","Neither","Blue",18,3,7,11,0,16057,6.8,17123,187,60,-2259,-898,14,1,10,14,0,18316,6.8,18021,227,32,0,4,2,-3,-3,-40,28,0
"8281","Blue","Red","Neither","Blue",20,9,6,6,0,16266,7,18203,208,40,1300,127,27,7,6,4,0,14966,7.2,18076,155,66,0,-7,2,0,2,53,-26,-0.2
"8282","Red","Blue","Neither","Red",21,2,4,4,0,15168,6.6,16728,197,56,-3764,-1700,21,2,11,12,0,18932,6.8,18428,198,56,0,0,0,-7,-8,-1,0,-0.2
"8283","Blue","Red","Blue","Blue",12,0,9,13,0,17665,6.8,18891,211,44,-1426,-272,15,0,10,14,0,19091,7.2,19163,214,64,0,-3,0,-1,-1,-3,-20,-0.4
"8284","Red","Red","Blue","Red",13,4,4,2,0,14366,6.8,17267,207,37,-1614,15,17,0,5,9,0,15980,7,17252,216,62,0,-4,4,-1,-7,-9,-25,-0.2
"8285","Blue","Neither","Neither","Red",35,2,11,14,0,19106,6.8,17739,189,60,2013,900,17,1,7,8,0,17093,6.6,16839,188,47,0,18,1,4,6,1,13,0.2
"8286","Red","Blue","Neither","Red",15,3,0,0,0,13850,6.8,16985,217,60,-4513,-2787,22,5,9,15,0,18363,7.4,19772,246,53,0,-7,-2,-9,-15,-29,7,-0.600000000000001
"8287","Red","Red","Red","Red",22,3,7,4,0,15633,6.4,16398,188,40,-5271,-4236,17,12,12,14,0,20904,7.6,20634,269,67,0,5,-9,-5,-10,-81,-27,-1.2
"8288","Blue","Neither","Neither","Blue",13,2,9,8,0,17208,6.8,17852,194,36,-197,919,11,0,8,10,0,17405,6.6,16933,218,40,0,2,2,1,-2,-24,-4,0.2
"8289","Red","Blue","Blue","Blue",18,15,6,6,0,15771,6.8,17334,187,59,-2842,-1722,37,4,6,9,1,18613,7,19056,264,52,-1,-19,11,0,-3,-77,7,-0.2
"8290","Red","Blue","Red","Red",12,0,2,2,0,14132,6.8,16898,210,48,-4668,-3772,11,2,9,11,0,18800,7.6,20670,226,67,0,1,-2,-7,-9,-16,-19,-0.8
"8291","Blue","Blue","Neither","Red",16,3,14,18,0,18413,7.2,19646,196,61,3994,3953,15,1,3,2,0,14419,6.2,15693,213,40,0,1,2,11,16,-17,21,1
"8292","Red","Blue","Neither","Blue",15,5,6,6,0,15673,6.6,17330,197,63,-2420,-2518,16,3,11,10,0,18093,7.4,19848,197,68,0,-1,2,-5,-4,0,-5,-0.800000000000001
"8293","Blue","Blue","Neither","Blue",13,1,6,2,0,17091,7.2,19482,229,64,2805,2754,24,4,1,1,0,14286,6.6,16728,235,45,0,-11,-3,5,1,-6,19,0.600000000000001
"8294","Red","Red","Neither","Blue",17,0,8,7,0,16885,6.6,17748,220,40,-11,-1495,12,6,7,6,0,16896,7.2,19243,213,60,0,5,-6,1,1,7,-20,-0.600000000000001
"8295","Red","Red","Neither","Red",14,3,3,6,0,14836,6.4,16507,214,45,-3421,-2836,17,1,10,9,0,18257,7.2,19343,229,44,0,-3,2,-7,-3,-15,1,-0.8
"8296","Red","Neither","Neither","Red",18,0,11,7,0,18303,7.2,19278,220,52,1142,841,13,5,8,7,0,17161,7,18437,201,56,0,5,-5,3,0,19,-4,0.2
"8297","Red","Red","Red","Red",15,1,4,8,0,15503,6.8,18406,204,52,-2892,-2716,14,1,8,6,0,18395,7.6,21122,261,72,0,1,0,-4,2,-57,-20,-0.8
"8298","Blue","Blue","Red","Red",21,2,3,3,0,15398,6.8,17885,227,64,324,231,13,3,3,1,0,15074,6.8,17654,239,47,0,8,-1,0,2,-12,17,0
"8299","Red","Red","Neither","Blue",12,1,11,15,0,18420,7.4,19497,214,49,3865,3559,15,1,3,3,0,14555,6.4,15938,203,46,0,-3,0,8,12,11,3,1
"8300","Red","Red","Neither","Red",17,3,4,5,0,14702,6.6,16103,193,33,-3191,-1620,27,4,11,17,0,17893,7,17723,219,48,0,-10,-1,-7,-12,-26,-15,-0.4
"8301","Blue","Neither","Neither","Blue",17,2,12,8,0,19355,7.6,20151,208,60,2070,1019,12,3,9,9,0,17285,7.2,19132,217,51,0,5,-1,3,-1,-9,9,0.399999999999999
"8302","Blue","Red","Neither","Red",16,5,5,4,0,14980,6.8,17318,187,46,-3729,-3285,21,3,9,7,0,18709,7.6,20603,257,56,0,-5,2,-4,-3,-70,-10,-0.8
"8303","Blue","Blue","Blue","Blue",23,1,6,7,0,17520,7.4,19706,239,73,-1127,471,14,3,10,10,0,18647,7.2,19235,239,55,0,9,-2,-4,-3,0,18,0.2
"8304","Blue","Blue","Blue","Red",93,1,17,25,0,21257,7.4,20163,220,48,6713,5380,10,3,4,3,0,14544,6.2,14783,170,51,0,83,-2,13,22,50,-3,1.2
"8305","Blue","Blue","Red","Red",14,3,3,5,0,15565,6.8,17390,227,60,350,-664,16,2,4,4,0,15215,7,18054,221,52,0,-2,1,-1,1,6,8,-0.2
"8306","Red","Blue","Neither","Blue",87,3,7,7,0,16723,6.8,17764,193,52,2568,3054,18,1,4,6,0,14155,6.2,14710,183,28,0,69,2,3,1,10,24,0.6
"8307","Red","Neither","Neither","Blue",16,1,3,2,0,15096,6.8,16516,222,46,-1625,-2418,18,1,6,10,0,16721,7,18934,236,56,0,-2,0,-3,-8,-14,-10,-0.2
"8308","Red","Red","Red","Red",18,2,4,0,0,14827,6.6,17370,207,55,-2713,-1237,20,6,6,11,0,17540,7.2,18607,247,56,0,-2,-4,-2,-11,-40,-1,-0.600000000000001
"8309","Blue","Blue","Neither","Red",22,3,10,10,0,17354,7,18530,217,57,1743,2124,16,2,4,4,0,15611,6.8,16406,236,56,0,6,1,6,6,-19,1,0.2
"8310","Red","Red","Blue","Red",13,1,5,5,0,15814,6.8,17936,229,39,-1706,-685,13,3,7,10,0,17520,7,18621,238,68,0,0,-2,-2,-5,-9,-29,-0.2
"8311","Red","Red","Neither","Red",13,0,5,4,0,15882,6.6,17373,231,46,-764,-128,9,2,6,6,0,16646,6.8,17501,225,43,0,4,-2,-1,-2,6,3,-0.2
"8312","Red","Red","Neither","Red",17,2,3,4,0,15331,6.6,16126,212,48,-2436,-3016,11,4,9,5,0,17767,7.2,19142,237,45,0,6,-2,-6,-1,-25,3,-0.600000000000001
"8313","Red","Red","Red","Blue",17,3,8,11,0,17886,6.4,15999,219,32,-1988,-1490,11,3,14,17,0,19874,6.8,17489,151,48,0,6,0,-6,-6,68,-16,-0.399999999999999
"8314","Blue","Neither","Blue","Red",13,3,5,6,0,16897,7.2,18457,218,68,942,952,14,5,5,4,0,15955,6.8,17505,220,57,0,-1,-2,0,2,-2,11,0.4
"8315","Blue","Red","Red","Blue",16,4,4,4,0,15613,6.6,18046,244,46,-1002,-498,59,2,7,9,0,16615,7,18544,181,60,0,-43,2,-3,-5,63,-14,-0.4
"8316","Blue","Blue","Red","Blue",45,2,8,15,0,16902,7.2,18641,189,52,1787,1001,15,4,3,4,0,15115,6.8,17640,222,48,0,30,-2,5,11,-33,4,0.4
"8317","Red","Neither","Red","Blue",19,5,9,10,0,16544,6.6,16417,191,41,1239,568,47,2,6,8,0,15305,6.4,15849,179,41,0,-28,3,3,2,12,0,0.199999999999999
"8318","Red","Red","Neither","Red",26,3,8,8,0,16357,6.6,16464,193,37,-232,97,16,2,8,8,0,16589,6.6,16367,196,56,0,10,1,0,0,-3,-19,0
"8319","Blue","Blue","Neither","Red",14,3,6,6,0,16255,7,18434,225,39,974,748,15,3,3,4,0,15281,7,17686,201,56,0,-1,0,3,2,24,-17,0
"8320","Blue","Red","Blue","Red",14,3,4,7,0,16685,7,18643,236,71,289,-201,18,2,6,4,0,16396,7,18844,234,52,0,-4,1,-2,3,2,19,0
"8321","Red","Neither","Neither","Red",29,3,4,3,0,15036,6.4,15796,194,52,-2568,-3931,39,2,12,8,0,17604,7.4,19727,198,57,0,-10,1,-8,-5,-4,-5,-1
"8322","Blue","Neither","Blue","Blue",17,3,9,7,0,17554,7,18464,240,44,2402,2330,18,4,5,3,0,15152,6.4,16134,172,54,0,-1,-1,4,4,68,-10,0.6
"8323","Red","Blue","Neither","Red",17,3,6,10,0,17066,7,18756,230,61,1998,1200,13,3,2,2,0,15068,6.8,17556,253,48,0,4,0,4,8,-23,13,0.2
"8324","Red","Red","Red","Blue",19,3,4,7,0,15989,6.8,17682,254,48,-77,-1515,15,4,3,3,0,16066,7,19197,250,74,0,4,-1,1,4,4,-26,-0.2
"8325","Blue","Red","Neither","Blue",13,2,7,5,0,15984,7,18367,205,49,763,1019,77,2,5,6,0,15221,6.8,17348,175,54,0,-64,0,2,-1,30,-5,0.2
"8326","Red","Neither","Neither","Red",14,2,11,12,0,17804,6.8,17743,210,41,1092,806,14,1,8,10,0,16712,6.6,16937,208,23,0,0,1,3,2,2,18,0.2
"8327","Red","Blue","Neither","Red",18,3,7,9,0,16136,6.4,16071,212,47,436,-475,18,5,7,6,0,15700,6.8,16546,190,42,0,0,-2,0,3,22,5,-0.399999999999999
"8328","Red","Red","Neither","Red",43,4,3,4,0,14631,6.8,17718,226,41,-2671,-719,18,7,7,6,0,17302,7,18437,252,48,0,25,-3,-4,-2,-26,-7,-0.2
"8329","Red","Red","Neither","Red",13,2,4,3,0,14668,6.6,16865,193,32,-2958,-1446,15,2,8,9,0,17626,7,18311,232,43,0,-2,0,-4,-6,-39,-11,-0.4
"8330","Blue","Blue","Blue","Blue",21,2,10,14,0,19263,7.2,19673,236,59,4739,2119,15,5,1,0,0,14524,6.8,17554,231,60,0,6,-3,9,14,5,-1,0.4
"8331","Blue","Neither","Neither","Blue",14,3,2,2,0,14645,6.8,16717,224,44,-1518,-2542,58,2,7,4,0,16163,7.2,19259,207,60,0,-44,1,-5,-2,17,-16,-0.4
"8332","Blue","Red","Neither","Blue",50,2,8,7,0,17628,7,18881,233,69,1458,1753,17,0,6,5,0,16170,7,17128,196,66,0,33,2,2,2,37,3,0
"8333","Blue","Red","Neither","Blue",15,3,4,8,0,16002,6.6,16283,204,45,98,-786,16,4,7,8,0,15904,6.6,17069,193,44,0,-1,-1,-3,0,11,1,0
"8334","Red","Red","Neither","Red",44,4,5,6,0,15851,6.6,16800,182,56,-3248,-2442,19,0,12,9,0,19099,7.2,19242,243,44,0,25,4,-7,-3,-61,12,-0.600000000000001
"8335","Blue","Blue","Neither","Blue",17,6,10,9,0,18484,7,19140,230,54,3439,3469,15,2,1,1,0,15045,6.4,15671,218,46,0,2,4,9,8,12,8,0.6
"8336","Red","Neither","Neither","Red",21,7,6,8,0,15840,6.8,16689,204,48,-376,-1118,19,5,4,4,0,16216,6.8,17807,228,43,0,2,2,2,4,-24,5,0
"8337","Blue","Neither","Blue","Blue",33,2,9,8,0,18829,7.2,18693,233,52,4141,2833,12,1,4,3,0,14688,6.6,15860,198,51,0,21,1,5,5,35,1,0.600000000000001
"8338","Red","Blue","Red","Red",41,4,7,8,0,16728,7,17887,191,64,-2358,-1400,34,6,11,11,0,19086,7.2,19287,211,64,0,7,-2,-4,-3,-20,0,-0.2
"8339","Red","Red","Red","Red",18,3,7,5,0,15744,6.8,16509,201,48,-3762,-1626,17,2,13,16,0,19506,6.8,18135,213,52,0,1,1,-6,-11,-12,-4,0
"8340","Red","Blue","Red","Blue",18,0,4,5,0,16640,7,18123,223,60,159,-369,10,2,7,4,0,16481,7.2,18492,214,44,0,8,-2,-3,1,9,16,-0.2
"8341","Red","Neither","Neither","Red",16,1,2,0,0,13744,6.8,16719,207,47,-2438,-1929,38,0,6,5,0,16182,6.8,18648,241,32,0,-22,1,-4,-5,-34,15,0
"8342","Blue","Red","Neither","Blue",17,3,8,15,0,17885,6.8,17553,216,47,2071,1096,28,3,7,10,0,15814,6.6,16457,188,36,0,-11,0,1,5,28,11,0.2
"8343","Blue","Blue","Neither","Blue",17,3,10,8,0,18646,7,19491,237,49,5148,2922,12,2,1,0,0,13498,6.4,16569,210,43,0,5,1,9,8,27,6,0.6
"8344","Red","Neither","Neither","Blue",17,4,2,3,0,14219,6.6,16055,213,40,-2405,-1720,46,5,5,7,0,16624,6.8,17775,235,37,0,-29,-1,-3,-4,-22,3,-0.2
"8345","Blue","Neither","Neither","Red",16,4,4,4,0,15616,6.8,18728,224,40,441,379,15,2,3,2,0,15175,6.8,18349,230,48,0,1,2,1,2,-6,-8,0
"8346","Blue","Blue","Red","Blue",14,0,10,14,1,19177,7,17889,197,60,759,-221,14,2,10,11,1,18418,7,18110,178,43,0,0,-2,0,3,19,17,0
"8347","Red","Neither","Neither","Red",13,1,5,4,0,15977,7,18445,205,48,898,732,18,2,4,2,0,15079,7,17713,215,44,0,-5,-1,1,2,-10,4,0
"8348","Blue","Blue","Blue","Blue",20,2,9,10,0,18302,7.2,18292,228,64,2397,958,15,3,6,8,0,15905,7,17334,202,40,0,5,-1,3,2,26,24,0.2
"8349","Blue","Blue","Neither","Red",19,2,5,9,0,15634,6.8,16928,223,40,1149,1056,15,3,3,5,0,14485,6.4,15872,208,48,0,4,-1,2,4,15,-8,0.399999999999999
"8350","Blue","Red","Neither","Red",23,1,5,5,0,16165,7.2,18868,229,52,857,1040,15,4,5,3,0,15308,7,17828,197,56,0,8,-3,0,2,32,-4,0.2
"8351","Red","Neither","Red","Blue",17,2,6,5,0,15900,6.6,16277,208,40,-3237,-2680,38,4,9,6,1,19137,7,18957,219,52,-1,-21,-2,-3,-1,-11,-12,-0.4
"8352","Blue","Blue","Neither","Blue",14,4,8,10,0,17776,6.8,18126,224,45,1072,411,17,2,6,8,0,16704,6.6,17715,238,51,0,-3,2,2,2,-14,-6,0.2
"8353","Blue","Blue","Neither","Blue",20,3,9,12,0,17597,6.6,16212,188,40,-1522,-1504,16,1,13,15,0,19119,6.8,17716,185,37,0,4,2,-4,-3,3,3,-0.2
"8354","Blue","Red","Neither","Red",18,1,2,2,0,14071,6.8,16114,231,47,-2633,-1640,13,4,6,6,0,16704,6.8,17754,238,52,0,5,-3,-4,-4,-7,-5,0
"8355","Red","Neither","Blue","Red",23,1,8,8,0,17380,7.2,18665,220,60,-213,399,14,1,9,14,0,17593,7,18266,215,36,0,9,0,-1,-6,5,24,0.2
"8356","Red","Red","Red","Blue",17,3,3,2,0,14666,6.8,17730,215,38,-3315,-2013,21,4,5,2,1,17981,7.2,19743,257,70,-1,-4,-1,-2,0,-42,-32,-0.4
"8357","Red","Blue","Neither","Blue",13,2,11,4,0,18232,7.4,19347,231,55,3987,3310,12,1,4,3,0,14245,6.4,16037,168,40,0,1,1,7,1,63,15,1
"8358","Blue","Red","Neither","Blue",13,1,7,8,0,17004,7.2,19083,193,52,-417,81,40,1,8,7,0,17421,7.2,19002,206,59,0,-27,0,-1,1,-13,-7,0
"8359","Blue","Red","Neither","Red",53,2,7,5,0,15664,6.6,16740,174,48,-4732,-1805,16,4,17,20,0,20396,7,18545,228,38,0,37,-2,-10,-15,-54,10,-0.4
"8360","Red","Red","Blue","Blue",17,4,10,17,0,18432,7,17701,203,53,1517,-69,13,2,8,16,0,16915,6.8,17770,193,52,0,4,2,2,1,10,1,0.2
"8361","Red","Red","Neither","Red",39,2,3,3,0,15495,7,17144,231,40,-2609,-2248,13,9,11,7,0,18104,7,19392,237,56,0,26,-7,-8,-4,-6,-16,0
"8362","Blue","Blue","Neither","Blue",16,3,5,4,0,16318,7.2,18452,234,56,-67,-481,17,5,7,4,0,16385,7.2,18933,200,66,0,-1,-2,-2,0,34,-10,0
"8363","Blue","Blue","Neither","Blue",17,3,5,9,0,16123,6.6,17197,204,50,593,-702,12,3,3,2,0,15530,7,17899,238,60,0,5,0,2,7,-34,-10,-0.4
"8364","Blue","Red","Neither","Red",36,2,2,2,0,14079,7,17003,207,43,-3388,-1882,16,1,8,6,0,17467,7.2,18885,239,44,0,20,1,-6,-4,-32,-1,-0.2
"8365","Blue","Blue","Neither","Blue",14,5,9,13,0,18081,7.2,19648,214,57,4233,3106,19,2,2,2,0,13848,6.6,16542,193,45,0,-5,3,7,11,21,12,0.600000000000001
"8366","Blue","Neither","Neither","Red",23,7,6,7,0,16449,6.6,16962,232,48,-167,-395,21,5,8,9,0,16616,7,17357,196,46,0,2,2,-2,-2,36,2,-0.4
"8367","Red","Red","Neither","Blue",17,1,2,1,0,14947,7,17628,241,52,-2088,-2417,16,4,4,4,0,17035,7.2,20045,280,68,0,1,-3,-2,-3,-39,-16,-0.2
"8368","Red","Red","Blue","Red",13,3,5,8,0,15457,6.6,17048,191,58,-1647,-3035,13,4,7,7,0,17104,7.4,20083,251,54,0,0,-1,-2,1,-60,4,-0.800000000000001
"8369","Red","Blue","Neither","Red",14,0,5,6,0,17129,7.2,18794,256,47,1004,211,12,2,4,4,0,16125,6.8,18583,234,56,0,2,-2,1,2,22,-9,0.4
"8370","Blue","Blue","Blue","Red",24,3,8,7,0,17527,7.2,19414,236,64,1625,1945,16,2,6,2,0,15902,6.8,17469,208,52,0,8,1,2,5,28,12,0.4
"8371","Red","Neither","Neither","Red",45,1,4,3,0,14396,6.6,16065,203,40,-4339,-2857,18,2,10,4,0,18735,7,18922,234,56,0,27,-1,-6,-1,-31,-16,-0.4
"8372","Blue","Blue","Red","Blue",30,2,5,6,0,16131,7,17821,206,55,-1142,229,17,1,8,6,0,17273,6.8,17592,221,52,0,13,1,-3,0,-15,3,0.2
"8373","Blue","Red","Neither","Red",13,5,10,10,0,19476,7.8,20412,262,51,4774,3524,15,4,3,3,0,14702,6.8,16888,211,43,0,-2,1,7,7,51,8,1
"8374","Red","Red","Neither","Blue",16,2,3,5,0,14316,6.2,14965,195,44,-5219,-4005,14,4,16,23,0,19535,7.2,18970,183,48,0,2,-2,-13,-18,12,-4,-1
"8375","Blue","Red","Neither","Blue",12,5,3,3,0,15159,6.6,17052,235,60,-1984,-1530,18,2,7,16,0,17143,6.8,18582,238,47,0,-6,3,-4,-13,-3,13,-0.2
"8376","Blue","Neither","Red","Blue",14,1,5,2,0,15800,7,18222,236,40,697,700,13,1,3,6,0,15103,6.8,17522,209,78,0,1,0,2,-4,27,-38,0.2
"8377","Red","Red","Neither","Blue",19,4,5,6,0,16780,7,19102,253,63,774,1187,17,6,5,7,0,16006,7,17915,233,52,0,2,-2,0,-1,20,11,0
"8378","Red","Blue","Neither","Red",15,3,7,7,0,16424,7,17990,205,60,427,479,17,5,5,4,0,15997,7,17511,237,44,0,-2,-2,2,3,-32,16,0
"8379","Blue","Red","Blue","Blue",19,3,3,2,1,17035,7.2,18941,257,52,1487,617,18,3,4,6,0,15548,7,18324,223,64,1,1,0,-1,-4,34,-12,0.2
"8380","Red","Red","Neither","Red",17,1,3,4,0,14776,6.8,17631,203,64,-1960,-1464,13,2,5,5,0,16736,7.2,19095,252,56,0,4,-1,-2,-1,-49,8,-0.4
"8381","Blue","Neither","Neither","Blue",13,1,10,15,0,18697,7.2,19162,237,36,4695,2313,11,1,1,1,0,14002,6.4,16849,235,44,0,2,0,9,14,2,-8,0.8
"8382","Red","Red","Neither","Blue",74,4,3,7,0,14452,6.8,16280,202,40,47,-264,16,0,2,2,0,14405,6.6,16544,226,48,0,58,4,1,5,-24,-8,0.2
"8383","Red","Blue","Red","Blue",30,4,6,6,0,16540,7,18158,235,66,-2145,-917,14,3,13,15,0,18685,7.2,19075,193,48,0,16,1,-7,-9,42,18,-0.2
"8384","Red","Blue","Blue","Blue",18,2,8,5,0,16650,6.8,17551,233,37,907,-411,11,6,6,3,0,15743,6.6,17962,195,66,0,7,-4,2,2,38,-29,0.2
"8385","Blue","Red","Blue","Blue",16,6,7,6,0,16887,7,18500,212,39,1564,1214,63,4,5,5,0,15323,6.6,17286,200,47,0,-47,2,2,1,12,-8,0.4
"8386","Red","Blue","Red","Red",14,1,11,12,0,18096,7.2,18860,222,56,686,350,37,4,7,7,0,17410,7,18510,193,68,0,-23,-3,4,5,29,-12,0.2
"8387","Blue","Blue","Blue","Red",42,3,6,7,0,16199,7,18445,213,53,531,947,14,0,4,4,0,15668,6.8,17498,234,40,0,28,3,2,3,-21,13,0.2
"8388","Blue","Blue","Neither","Blue",15,0,6,8,0,16956,7,18364,197,72,-506,-228,12,4,8,9,0,17462,7,18592,234,48,0,3,-4,-2,-1,-37,24,0
"8389","Blue","Red","Neither","Red",16,4,7,5,0,15646,7,17325,192,35,-1528,-1421,26,4,8,8,0,17174,7.2,18746,225,42,0,-10,0,-1,-3,-33,-7,-0.2
"8390","Blue","Red","Blue","Red",53,4,4,5,0,15426,7,18021,207,59,-2376,-894,38,7,6,9,0,17802,7,18915,227,59,0,15,-3,-2,-4,-20,0,0
"8391","Red","Red","Neither","Blue",15,2,6,8,0,16308,7,17279,217,48,-313,-1056,35,2,7,10,0,16621,7,18335,207,59,0,-20,0,-1,-2,10,-11,0
"8392","Red","Red","Red","Blue",17,2,4,2,0,15293,6.8,17871,204,56,-1306,-998,18,3,6,9,0,16599,7,18869,221,52,0,-1,-1,-2,-7,-17,4,-0.2
"8393","Red","Red","Blue","Blue",16,1,4,4,0,16389,6.6,17526,210,48,997,-1143,15,3,4,4,0,15392,7.2,18669,204,72,0,1,-2,0,0,6,-24,-0.600000000000001
"8394","Blue","Blue","Blue","Blue",24,1,10,9,0,18572,7.2,19279,208,60,1923,734,14,2,7,4,0,16649,7,18545,205,51,0,10,-1,3,5,3,9,0.2
"8395","Blue","Blue","Blue","Blue",14,4,8,8,1,18250,7,17742,235,37,2518,860,16,0,6,6,0,15732,6.6,16882,216,40,1,-2,4,2,2,19,-3,0.4
"8396","Blue","Red","Red","Blue",15,2,4,7,0,15123,6.6,15874,169,48,-4949,-3427,16,4,12,14,1,20072,7.2,19301,221,56,-1,-1,-2,-8,-7,-52,-8,-0.600000000000001
"8397","Red","Red","Neither","Red",12,2,8,7,0,16793,6.8,17595,210,36,115,-80,14,3,6,6,0,16678,6.8,17675,238,41,0,-2,-1,2,1,-28,-5,0
"8398","Blue","Red","Red","Red",12,2,2,1,0,14259,6.4,16277,216,41,-4814,-3701,18,1,9,14,1,19073,7.4,19978,240,52,-1,-6,1,-7,-13,-24,-11,-1
"8399","Blue","Blue","Neither","Blue",33,4,4,4,0,16607,7,19014,261,68,2261,1906,16,5,2,0,0,14346,6.6,17108,221,52,0,17,-1,2,4,40,16,0.4
"8400","Red","Neither","Neither","Blue",21,4,5,3,0,15425,6.6,16296,204,31,-2904,-3121,18,4,14,10,0,18329,7.2,19417,212,48,0,3,0,-9,-7,-8,-17,-0.600000000000001
"8401","Blue","Blue","Blue","Blue",17,9,9,9,1,20464,7.4,19989,251,65,6597,4613,15,2,2,2,0,13867,6.2,15376,215,40,1,2,7,7,7,36,25,1.2
"8402","Red","Blue","Neither","Red",14,3,3,2,0,14344,6.6,16049,193,63,-4269,-3208,17,4,7,5,1,18613,7.2,19257,232,63,-1,-3,-1,-4,-3,-39,0,-0.600000000000001
"8403","Blue","Red","Neither","Blue",18,6,4,3,0,15936,6.8,16572,229,44,218,-1933,42,5,4,5,0,15718,7,18505,243,52,0,-24,1,0,-2,-14,-8,-0.2
"8404","Blue","Red","Blue","Blue",18,2,8,9,1,18188,7,18675,208,49,3263,1440,16,3,2,2,0,14925,6.8,17235,200,68,1,2,-1,6,7,8,-19,0.2
"8405","Red","Red","Neither","Red",15,3,3,0,0,14686,6.8,17861,238,44,-3597,-862,20,3,6,8,1,18283,7,18723,243,52,-1,-5,0,-3,-8,-5,-8,-0.2
"8406","Red","Red","Neither","Red",13,1,0,0,0,14211,7,17395,227,63,-1725,-1169,50,3,4,7,0,15936,7,18564,230,55,0,-37,-2,-4,-7,-3,8,0
"8407","Red","Red","Red","Blue",18,1,4,3,0,15995,7.2,19023,220,72,500,64,12,3,2,1,0,15495,7,18959,234,68,0,6,-2,2,2,-14,4,0.2
"8408","Red","Neither","Neither","Red",9,2,3,0,0,14798,6.8,17372,225,48,-5533,-2481,79,5,12,13,0,20331,7.6,19853,233,49,0,-70,-3,-9,-13,-8,-1,-0.8
"8409","Blue","Blue","Neither","Blue",17,3,5,4,0,15823,7,17964,197,48,2028,1165,13,3,1,1,0,13795,6.8,16799,205,46,0,4,0,4,3,-8,2,0.2
"8410","Red","Red","Red","Blue",16,5,2,3,0,14874,6.8,16729,232,60,-3131,-1768,17,4,6,5,1,18005,7.2,18497,221,47,-1,-1,1,-4,-2,11,13,-0.4
"8411","Blue","Blue","Neither","Blue",14,2,11,10,1,19517,7,18337,216,50,3304,-85,53,1,6,7,0,16213,7,18422,208,52,1,-39,1,5,3,8,-2,0
"8412","Blue","Neither","Neither","Blue",18,2,8,6,0,16691,6.8,16656,191,64,-1421,-1364,25,6,6,7,1,18112,7,18020,237,51,-1,-7,-4,2,-1,-46,13,-0.2
"8413","Red","Red","Neither","Red",41,2,5,8,0,15328,6.4,16143,191,39,-1980,-3337,14,3,7,9,0,17308,7,19480,227,60,0,27,-1,-2,-1,-36,-21,-0.6
"8414","Blue","Blue","Neither","Red",14,2,7,5,0,17052,7.2,19250,234,64,1648,1881,16,3,4,4,0,15404,6.6,17369,223,38,0,-2,-1,3,1,11,26,0.600000000000001
"8415","Blue","Neither","Neither","Blue",17,9,9,6,0,16749,6.6,17028,177,64,239,285,19,6,6,5,0,16510,6.6,16743,219,59,0,-2,3,3,1,-42,5,0
"8416","Blue","Red","Blue","Blue",45,3,13,13,0,18022,6.8,17168,182,36,1643,2462,17,2,7,6,1,16379,6.2,14706,153,46,-1,28,1,6,7,29,-10,0.6
"8417","Blue","Red","Neither","Blue",54,5,5,9,0,15675,6.8,17474,198,48,994,-85,15,2,1,1,0,14681,7,17559,243,66,0,39,3,4,8,-45,-18,-0.2
"8418","Blue","Blue","Red","Blue",18,3,12,13,0,19131,7,18354,209,38,-1025,-1860,17,2,12,9,1,20156,7.6,20214,220,52,-1,1,1,0,4,-11,-14,-0.6
"8419","Red","Blue","Red","Red",21,1,2,2,0,14294,6.6,17461,220,61,-2820,-2226,14,0,6,5,0,17114,7.4,19687,236,49,0,7,1,-4,-3,-16,12,-0.800000000000001
"8420","Red","Red","Neither","Red",17,2,3,3,0,14232,6.6,16592,216,38,-5617,-4035,15,2,12,17,0,19849,7.6,20627,238,68,0,2,0,-9,-14,-22,-30,-1
"8421","Red","Red","Red","Red",12,2,4,4,0,15715,6.8,17533,229,40,-2733,-2104,16,3,8,9,0,18448,7.4,19637,237,56,0,-4,-1,-4,-5,-8,-16,-0.600000000000001
"8422","Red","Red","Neither","Blue",13,19,5,2,0,16003,7,18252,221,50,5,185,45,2,8,7,0,15998,6.8,18067,189,45,0,-32,17,-3,-5,32,5,0.2
"8423","Red","Red","Neither","Red",9,2,4,2,0,15901,6.8,18288,233,55,-1333,284,14,0,8,13,0,17234,7,18004,214,40,0,-5,2,-4,-11,19,15,-0.2
"8424","Blue","Blue","Neither","Red",17,6,8,9,0,16699,7,18113,238,36,1718,1073,16,3,2,3,0,14981,6.8,17040,225,56,0,1,3,6,6,13,-20,0.2
"8425","Red","Blue","Red","Blue",16,1,6,9,0,16269,7,17222,222,44,-2132,-2887,15,4,7,5,0,18401,7.4,20109,255,55,0,1,-3,-1,4,-33,-11,-0.4
"8426","Blue","Blue","Red","Blue",13,2,16,17,0,21297,7.2,19371,221,42,6439,4362,14,0,5,7,0,14858,6.2,15009,165,43,0,-1,2,11,10,56,-1,1
"8427","Red","Blue","Blue","Red",17,1,3,3,0,14618,6.6,16828,199,56,-2564,-2469,14,6,7,6,0,17182,7,19297,244,58,0,3,-5,-4,-3,-45,-2,-0.4
"8428","Red","Blue","Red","Red",32,2,4,3,0,15571,6.8,17116,228,63,-3481,-1919,15,3,10,13,0,19052,7.4,19035,258,36,0,17,-1,-6,-10,-30,27,-0.600000000000001
"8429","Red","Red","Neither","Blue",19,3,9,8,0,19087,7.2,19779,250,60,2350,1981,17,5,7,7,0,16737,7,17798,216,42,0,2,-2,2,1,34,18,0.2
"8430","Red","Red","Neither","Blue",20,3,3,3,0,14731,6.6,16187,193,36,-3804,-2878,43,5,11,17,0,18535,7.4,19065,217,44,0,-23,-2,-8,-14,-24,-8,-0.800000000000001
"8431","Blue","Blue","Neither","Blue",20,3,8,11,0,17375,7,18886,241,38,2804,2924,16,3,2,3,0,14571,6.6,15962,226,40,0,4,0,6,8,15,-2,0.4
"8432","Blue","Neither","Red","Blue",17,3,7,3,0,17116,7.2,18779,245,52,951,-101,16,1,4,3,0,16165,7.2,18880,252,53,0,1,2,3,0,-7,-1,0
"8433","Blue","Blue","Blue","Red",15,3,7,8,1,19435,7.4,19608,248,63,2831,1855,15,1,7,6,0,16604,6.8,17753,197,48,1,0,2,0,2,51,15,0.600000000000001
"8434","Blue","Red","Neither","Blue",15,8,7,5,0,16467,6.6,16438,190,41,-4264,-4127,35,3,14,19,0,20731,7.4,20565,245,44,0,-20,5,-7,-14,-55,-3,-0.800000000000001
"8435","Blue","Red","Neither","Blue",18,5,8,10,0,17409,6.8,18491,259,40,2006,617,39,4,7,4,0,15403,7,17874,183,52,0,-21,1,1,6,76,-12,-0.2
"8436","Red","Blue","Blue","Blue",44,6,5,8,0,17492,7.4,19477,244,59,1708,419,95,7,3,3,0,15784,7.2,19058,237,54,0,-51,-1,2,5,7,5,0.2
"8437","Red","Red","Neither","Red",16,4,6,8,0,16536,6.8,16917,232,41,-2018,-2401,76,4,11,12,0,18554,7,19318,232,48,0,-60,0,-5,-4,0,-7,-0.2
"8438","Blue","Blue","Neither","Blue",13,3,3,3,0,15298,7,17946,232,60,383,-759,16,1,2,0,0,14915,7.2,18705,233,72,0,-3,2,1,3,-1,-12,-0.2
"8439","Red","Red","Neither","Blue",18,4,5,1,0,15217,6.4,16160,193,39,-4199,-3576,26,5,12,10,0,19416,7.2,19736,270,48,0,-8,-1,-7,-9,-77,-9,-0.8
"8440","Blue","Red","Neither","Red",14,3,3,4,0,15930,7,19263,241,71,-1240,-793,14,4,6,6,0,17170,7.2,20056,252,64,0,0,-1,-3,-2,-11,7,-0.2
"8441","Blue","Blue","Red","Blue",17,0,6,7,0,16521,6.8,17859,214,56,90,-1069,17,1,6,3,0,16431,7.2,18928,243,52,0,0,-1,0,4,-29,4,-0.4
"8442","Blue","Red","Neither","Blue",15,0,9,14,0,18306,6.8,17828,207,56,737,50,41,1,11,12,0,17569,7,17778,183,43,0,-26,-1,-2,2,24,13,-0.2
"8443","Blue","Red","Blue","Red",15,5,6,4,0,17248,7,19160,242,56,993,1759,21,1,7,7,0,16255,6.8,17401,192,52,0,-6,4,-1,-3,50,4,0.2
"8444","Blue","Neither","Neither","Blue",15,4,7,6,0,17327,7,18249,215,60,2281,292,47,2,5,2,0,15046,7,17957,205,38,0,-32,2,2,4,10,22,0
"8445","Blue","Neither","Red","Blue",18,2,9,16,0,17561,6.8,17359,208,40,-778,-1358,28,2,9,10,0,18339,7.2,18717,231,59,0,-10,0,0,6,-23,-19,-0.4
"8446","Red","Red","Neither","Red",39,3,3,2,0,13964,6.6,16677,196,37,-4178,-3371,42,16,7,7,0,18142,7.4,20048,231,66,0,-3,-13,-4,-5,-35,-29,-0.800000000000001
"8447","Red","Red","Neither","Red",16,0,4,2,0,13337,6,14126,141,43,-6092,-4820,21,2,13,9,0,19429,7.2,18946,216,53,0,-5,-2,-9,-7,-75,-10,-1.2
"8448","Red","Blue","Red","Blue",17,5,8,16,0,17252,7,18419,197,48,-22,-801,19,4,6,10,0,17274,7.2,19220,228,64,0,-2,1,2,6,-31,-16,-0.2
"8449","Blue","Neither","Neither","Red",14,2,8,9,0,17735,7.4,18655,203,56,-1421,-1547,15,0,11,11,0,19156,7.4,20202,246,52,0,-1,2,-3,-2,-43,4,0
"8450","Blue","Red","Neither","Red",14,1,10,12,0,19621,7.6,20681,261,60,4091,2830,15,1,4,6,0,15530,6.8,17851,202,68,0,-1,0,6,6,59,-8,0.8
"8451","Blue","Blue","Neither","Blue",18,2,8,13,0,17226,7.2,18501,224,52,3923,3613,14,2,2,3,0,13303,6,14888,183,23,0,4,0,6,10,41,29,1.2
"8452","Blue","Neither","Neither","Blue",45,4,14,22,0,19551,7.2,18331,198,43,2896,2001,13,5,5,6,0,16655,6.6,16330,228,35,0,32,-1,9,16,-30,8,0.600000000000001
"8453","Red","Blue","Red","Red",12,1,5,4,0,16107,6.8,17630,229,54,-2534,-1019,13,4,10,14,0,18641,7.2,18649,204,41,0,-1,-3,-5,-10,25,13,-0.4
"8454","Red","Blue","Neither","Blue",17,3,10,10,1,17418,6.2,14242,175,22,774,-188,16,3,10,12,0,16644,6,14430,143,43,1,1,0,0,-2,32,-21,0.2
"8455","Red","Red","Red","Blue",17,2,13,12,0,18116,6.8,18447,187,40,838,914,36,1,8,9,0,17278,7.2,17533,204,44,0,-19,1,5,3,-17,-4,-0.4
"8456","Red","Blue","Blue","Red",37,2,7,7,0,16058,6.6,16690,158,59,-683,-2098,15,2,5,3,0,16741,7.4,18788,214,54,0,22,0,2,4,-56,5,-0.800000000000001
"8457","Red","Blue","Neither","Red",145,2,3,4,0,15418,7,17598,232,56,-1540,-313,17,3,7,10,0,16958,6.8,17911,214,48,0,128,-1,-4,-6,18,8,0.2
"8458","Blue","Blue","Red","Red",14,2,4,3,0,15988,7,18515,251,52,623,640,14,2,3,2,0,15365,7,17875,234,56,0,0,0,1,1,17,-4,0
"8459","Red","Neither","Neither","Red",10,2,1,2,0,14012,6.4,15628,211,44,-2447,-1476,16,1,8,10,0,16459,6.6,17104,198,39,0,-6,1,-7,-8,13,5,-0.199999999999999
"8460","Blue","Blue","Red","Red",19,0,5,9,0,15423,6.8,16791,175,53,-6324,-3885,14,1,14,14,1,21747,7.6,20676,233,44,-1,5,-1,-9,-5,-58,9,-0.8
"8461","Blue","Red","Blue","Red",23,5,5,7,0,16250,6.8,17847,233,52,-964,-202,22,4,8,7,0,17214,6.8,18049,221,44,0,1,1,-3,0,12,8,0
"8462","Blue","Neither","Neither","Red",93,2,16,27,0,21663,7.4,19484,226,48,3825,2747,14,5,8,15,0,17838,6.4,16737,216,55,0,79,-3,8,12,10,-7,1
"8463","Red","Blue","Red","Blue",15,1,8,8,0,17770,7.2,18781,223,76,-379,-662,13,2,9,9,0,18149,7,19443,228,52,0,2,-1,-1,-1,-5,24,0.2
"8464","Red","Red","Blue","Red",15,7,7,5,0,17119,6.8,18614,216,44,-977,271,18,3,10,12,0,18096,7,18343,215,55,0,-3,4,-3,-7,1,-11,-0.2
"8465","Blue","Blue","Neither","Blue",13,2,7,12,0,17042,7,18045,223,60,1004,559,12,2,5,9,0,16038,6.8,17486,182,48,0,1,0,2,3,41,12,0.2
"8466","Red","Red","Neither","Red",10,1,11,9,0,19627,7.4,20041,237,56,2760,3641,13,2,8,11,0,16867,6.6,16400,167,52,0,-3,-1,3,-2,70,4,0.800000000000001
"8467","Blue","Blue","Blue","Red",17,4,5,3,0,16344,7.2,19071,227,64,1168,2292,17,2,5,3,0,15176,6.8,16779,206,38,0,0,2,0,0,21,26,0.4
"8468","Blue","Blue","Neither","Blue",18,1,4,2,0,17378,7.2,18286,262,60,3046,442,13,2,1,2,0,14332,6.8,17844,211,64,0,5,-1,3,0,51,-4,0.4
"8469","Blue","Red","Neither","Blue",15,0,7,9,0,17537,7,18384,232,44,1752,830,27,3,6,4,0,15785,6.8,17554,201,56,0,-12,-3,1,5,31,-12,0.2
"8470","Red","Red","Neither","Red",17,3,3,2,0,15195,7,17434,226,61,-713,-653,17,3,5,6,0,15908,7,18087,232,54,0,0,0,-2,-4,-6,7,0
"8471","Red","Red","Neither","Blue",16,3,5,4,0,14987,6.6,15728,199,43,-1913,-1233,15,3,9,16,0,16900,6.6,16961,202,44,0,1,0,-4,-12,-3,-1,0
"8472","Red","Red","Neither","Red",18,4,6,5,0,15476,6.8,17206,187,36,-2403,-2787,139,5,8,9,0,17879,7.4,19993,243,53,0,-121,-1,-2,-4,-56,-17,-0.600000000000001
"8473","Red","Red","Blue","Red",48,3,2,3,0,15714,7,19458,243,68,821,2119,53,15,2,3,0,14893,6.8,17339,226,56,0,-5,-12,0,0,17,12,0.2
"8474","Blue","Red","Blue","Blue",11,1,9,7,0,18026,7.2,18892,229,48,1805,941,12,2,7,8,0,16221,7,17951,210,49,0,-1,-1,2,-1,19,-1,0.2
"8475","Red","Red","Neither","Blue",17,0,8,8,0,17180,6.8,17696,216,42,-1249,-1518,20,3,10,10,0,18429,7.4,19214,183,54,0,-3,-3,-2,-2,33,-12,-0.600000000000001
"8476","Blue","Blue","Neither","Blue",18,6,4,7,0,15550,7,18512,221,64,-44,73,41,4,4,5,0,15594,7,18439,216,48,0,-23,2,0,2,5,16,0
"8477","Blue","Neither","Blue","Red",12,2,1,1,0,15710,6.8,18022,247,72,1151,1870,37,1,4,3,0,14559,6,16152,170,60,0,-25,1,-3,-2,77,12,0.8
"8478","Red","Red","Neither","Blue",12,3,4,6,0,14902,6.8,17309,198,57,-2168,-2144,54,2,9,9,0,17070,7.2,19453,204,52,0,-42,1,-5,-3,-6,5,-0.4
"8479","Blue","Blue","Neither","Blue",14,4,3,4,0,16099,7,18334,227,60,348,-662,17,2,2,1,0,15751,7.2,18996,247,64,0,-3,2,1,3,-20,-4,-0.2
"8480","Blue","Red","Neither","Blue",18,2,3,8,0,15667,7,17801,212,64,644,427,62,3,3,5,0,15023,7,17374,194,64,0,-44,-1,0,3,18,0,0
"8481","Red","Red","Neither","Red",17,2,2,1,0,15239,7,18073,232,52,-3449,-1995,17,0,10,13,0,18688,7.6,20068,231,57,0,0,2,-8,-12,1,-5,-0.6
"8482","Blue","Red","Neither","Blue",12,3,12,13,0,19049,7.6,20348,225,48,2900,2308,14,1,7,5,0,16149,6.8,18040,172,52,0,-2,2,5,8,53,-4,0.8
"8483","Blue","Blue","Red","Red",19,4,10,17,0,17872,7,18662,206,68,-2696,70,21,3,12,17,1,20568,7.2,18592,245,36,-1,-2,1,-2,0,-39,32,-0.2
"8484","Blue","Blue","Blue","Blue",16,0,16,15,0,20943,7.4,19895,241,52,7847,5766,17,1,2,2,0,13096,6,14129,142,52,0,-1,-1,14,13,99,0,1.4
"8485","Red","Red","Red","Red",14,7,1,0,0,13167,6,15884,213,31,-3400,-3115,38,2,6,7,0,16567,7,18999,229,56,0,-24,5,-5,-7,-16,-25,-1
"8486","Red","Blue","Red","Red",17,4,2,1,0,14653,6.6,16215,218,52,-1387,-1802,53,5,5,8,0,16040,6.8,18017,188,61,0,-36,-1,-3,-7,30,-9,-0.2
"8487","Blue","Red","Red","Red",19,1,6,3,0,16780,6.8,18032,244,54,253,-529,19,4,6,6,0,16527,7.2,18561,222,58,0,0,-3,0,-3,22,-4,-0.4
"8488","Red","Blue","Neither","Red",18,8,4,5,0,15453,6.8,17463,191,55,-839,-623,46,6,5,6,0,16292,6.8,18086,201,49,0,-28,2,-1,-1,-10,6,0
"8489","Blue","Blue","Blue","Blue",35,4,9,10,1,18768,7,19351,200,48,2945,2977,19,2,6,8,0,15823,6.6,16374,215,43,1,16,2,3,2,-15,5,0.4
"8490","Red","Red","Neither","Blue",16,5,4,6,0,15246,6.6,16921,224,51,-1346,-2280,17,2,6,10,0,16592,7,19201,221,56,0,-1,3,-2,-4,3,-5,-0.4
"8491","Red","Blue","Neither","Red",13,1,6,3,0,16658,7,18573,251,42,1951,1640,11,1,3,3,0,14707,6.6,16933,203,50,0,2,0,3,0,48,-8,0.4
"8492","Red","Blue","Neither","Blue",16,3,5,7,0,15399,6.4,16243,196,48,-2164,-2554,18,3,7,8,0,17563,7,18797,214,63,0,-2,0,-2,-1,-18,-15,-0.6
"8493","Blue","Neither","Neither","Red",81,2,7,9,0,15685,6.6,16091,179,34,-817,-968,16,2,6,9,0,16502,6.6,17059,209,45,0,65,0,1,0,-30,-11,0
"8494","Blue","Blue","Neither","Blue",21,3,6,6,0,17303,7,18810,234,64,3643,3695,16,0,2,3,0,13660,6.2,15115,179,52,0,5,3,4,3,55,12,0.8
"8495","Blue","Neither","Blue","Blue",20,4,10,8,0,17555,7.2,19037,242,36,3066,2297,20,1,3,5,0,14489,6.8,16740,203,43,0,0,3,7,3,39,-7,0.4
"8496","Blue","Red","Neither","Blue",15,6,11,14,0,19645,7,18468,246,35,2241,1219,20,3,9,9,0,17404,6.6,17249,203,60,0,-5,3,2,5,43,-25,0.4
"8497","Red","Red","Neither","Red",16,1,5,5,0,15068,6.6,16740,208,26,-1933,-1659,12,5,5,10,0,17001,7.2,18399,212,66,0,4,-4,0,-5,-4,-40,-0.600000000000001
"8498","Blue","Red","Neither","Red",16,1,5,7,0,16025,7.4,19176,208,63,1886,2653,15,2,1,1,0,14139,6.6,16523,219,54,0,1,-1,4,6,-11,9,0.800000000000001
"8499","Blue","Neither","Neither","Red",185,2,10,5,0,17849,7.2,18632,184,52,-287,255,27,3,12,9,0,18136,6.8,18377,210,36,0,158,-1,-2,-4,-26,16,0.4
"8500","Blue","Blue","Neither","Blue",17,6,10,12,0,17756,7,18320,201,40,-145,-28,21,3,8,5,0,17901,7,18348,219,59,0,-4,3,2,7,-18,-19,0
"8501","Blue","Red","Red","Blue",15,2,10,11,0,19151,7.4,19146,220,52,5241,3129,15,2,2,3,0,13910,6.4,16017,196,51,0,0,0,8,8,24,1,1
"8502","Red","Blue","Blue","Blue",44,5,8,7,0,17298,7.2,18556,225,48,2975,2627,18,2,2,3,0,14323,6.4,15929,211,44,0,26,3,6,4,14,4,0.8
"8503","Red","Red","Red","Blue",13,1,7,9,0,17740,7,18658,252,37,1419,1036,13,5,6,7,0,16321,6.8,17622,215,56,0,0,-4,1,2,37,-19,0.2
"8504","Red","Blue","Neither","Red",14,3,4,3,0,14826,6.8,17334,206,59,-2286,-926,15,1,6,6,0,17112,6.8,18260,232,50,0,-1,2,-2,-3,-26,9,0
"8505","Red","Blue","Neither","Blue",17,4,5,6,0,16695,7.2,19112,257,56,1551,1481,14,2,3,3,0,15144,6.8,17631,224,52,0,3,2,2,3,33,4,0.4
"8506","Red","Red","Neither","Blue",15,4,3,5,0,15259,6.6,17346,206,64,-2738,-1759,20,4,8,10,0,17997,7.2,19105,251,56,0,-5,0,-5,-5,-45,8,-0.600000000000001
"8507","Blue","Neither","Blue","Red",20,3,7,5,0,16294,6.8,17489,182,58,-1318,-627,17,3,8,7,0,17612,6.8,18116,237,44,0,3,0,-1,-2,-55,14,0
"8508","Blue","Red","Blue","Red",17,2,9,8,1,19484,7.2,20010,267,52,3538,2904,16,4,4,4,0,15946,6.6,17106,230,52,1,1,-2,5,4,37,0,0.600000000000001
"8509","Red","Red","Red","Red",26,2,3,3,0,14983,7,17248,203,44,-3217,-1601,12,4,10,12,0,18200,7,18849,223,51,0,14,-2,-7,-9,-20,-7,0
"8510","Blue","Blue","Neither","Blue",16,3,14,11,0,20433,7.4,19171,219,45,4836,2713,15,1,7,7,0,15597,6.4,16458,165,43,0,1,2,7,4,54,2,1
"8511","Blue","Blue","Blue","Blue",24,4,10,11,0,18256,7,18201,186,58,1489,-192,17,3,7,7,0,16767,7,18393,247,28,0,7,1,3,4,-61,30,0
"8512","Blue","Red","Neither","Blue",13,5,10,7,0,18402,7.4,20050,258,48,3311,3166,14,4,4,5,0,15091,6.6,16884,197,56,0,-1,1,6,2,61,-8,0.800000000000001
"8513","Blue","Blue","Blue","Blue",19,6,8,10,0,17537,7.2,19766,236,60,2008,2714,25,6,6,5,0,15529,6.8,17052,210,42,0,-6,0,2,5,26,18,0.4
"8514","Blue","Red","Blue","Red",12,3,4,3,1,16359,6.8,17785,229,43,-1112,-41,27,4,7,7,0,17471,6.8,17826,208,56,1,-15,-1,-3,-4,21,-13,0
"8515","Blue","Blue","Blue","Blue",17,3,10,13,1,19263,7.4,19347,197,50,3840,3165,21,3,6,8,0,15423,6.4,16182,204,38,1,-4,0,4,5,-7,12,1
"8516","Red","Neither","Red","Red",12,1,3,2,0,15140,6.8,16118,217,60,-5458,-3613,85,0,12,13,1,20598,7.4,19731,215,52,-1,-73,1,-9,-11,2,8,-0.600000000000001
"8517","Blue","Red","Blue","Blue",52,4,5,9,0,15574,6.8,16955,206,44,506,-142,17,6,2,2,0,15068,6.6,17097,229,52,0,35,-2,3,7,-23,-8,0.2
"8518","Red","Neither","Neither","Blue",16,2,9,6,0,17299,7,18742,200,43,176,789,15,4,9,8,0,17123,7,17953,221,52,0,1,-2,0,-2,-21,-9,0
"8519","Blue","Red","Red","Red",20,4,9,13,0,18402,7.4,19507,223,68,2582,2732,16,2,5,5,0,15820,6.8,16775,202,40,0,4,2,4,8,21,28,0.600000000000001
"8520","Blue","Red","Neither","Red",59,2,6,6,0,16896,7.2,18779,258,46,459,1326,18,4,5,5,0,16437,7,17453,244,44,0,41,-2,1,1,14,2,0.2
"8521","Red","Red","Neither","Blue",19,3,13,17,0,19145,7.2,19160,218,40,4947,3211,15,4,4,2,0,14198,6.2,15949,203,36,0,4,-1,9,15,15,4,1
"8522","Blue","Blue","Red","Blue",18,1,8,8,0,18433,7.2,19855,237,54,4759,3279,10,1,2,3,0,13674,6.6,16576,183,44,0,8,0,6,5,54,10,0.600000000000001
"8523","Red","Red","Red","Red",15,1,7,7,0,15707,6.8,16724,206,38,-968,-1029,18,2,8,7,0,16675,6.8,17753,218,43,0,-3,-1,-1,0,-12,-5,0
"8524","Blue","Red","Blue","Red",11,4,15,16,0,20880,7.4,21004,231,41,4294,2560,12,0,7,7,0,16586,7,18444,216,61,0,-1,4,8,9,15,-20,0.4
"8525","Blue","Blue","Neither","Blue",13,4,8,8,0,17800,7.2,19759,223,72,-95,194,12,3,9,9,0,17895,7,19565,232,52,0,1,1,-1,-1,-9,20,0.2
"8526","Red","Blue","Neither","Blue",95,4,9,8,1,19585,7.2,19143,244,51,3781,1033,17,1,6,7,0,15804,7,18110,201,64,1,78,3,3,1,43,-13,0.2
"8527","Blue","Neither","Neither","Red",14,4,2,2,0,14836,6.8,17216,210,56,-1704,-1787,26,4,6,5,0,16540,7.4,19003,226,64,0,-12,0,-4,-3,-16,-8,-0.600000000000001
"8528","Blue","Red","Neither","Red",21,2,8,9,0,17334,6.8,16960,213,45,-729,-192,16,6,9,12,0,18063,6.8,17152,219,43,0,5,-4,-1,-3,-6,2,0
"8529","Blue","Neither","Neither","Red",22,3,2,2,0,14981,7.2,17943,247,57,-274,-192,14,3,5,7,0,15255,6.8,18135,214,44,0,8,0,-3,-5,33,13,0.4
"8530","Blue","Red","Neither","Red",16,5,8,7,0,16684,6.6,17360,205,40,277,252,20,6,6,9,0,16407,6.8,17108,202,52,0,-4,-1,2,-2,3,-12,-0.2
"8531","Red","Red","Red","Red",18,1,7,2,0,15533,7,17431,186,48,147,582,50,2,5,9,0,15386,6.6,16849,180,44,0,-32,-1,2,-7,6,4,0.4
"8532","Red","Neither","Red","Red",16,2,6,7,0,16288,6.8,18071,209,56,-1162,-1007,14,3,9,7,0,17450,7,19078,204,56,0,2,-1,-3,0,5,0,-0.2
"8533","Blue","Neither","Blue","Blue",57,6,10,9,1,19276,7.2,19395,218,62,3942,2820,19,2,6,6,0,15334,6.6,16575,189,29,1,38,4,4,3,29,33,0.600000000000001
"8534","Blue","Neither","Neither","Blue",19,2,8,15,0,16730,6.6,16831,221,38,-810,-1226,16,3,9,10,0,17540,7.2,18057,204,59,0,3,-1,-1,5,17,-21,-0.600000000000001
"8535","Blue","Neither","Neither","Blue",118,2,4,4,0,15184,6.8,17480,201,52,-825,-616,20,4,4,4,0,16009,7.2,18096,210,52,0,98,-2,0,0,-9,0,-0.4
"8536","Blue","Red","Neither","Red",15,2,4,2,0,15523,7,17886,228,53,-2472,174,18,3,5,5,1,17995,7,17712,243,49,-1,-3,-1,-1,-3,-15,4,0
"8537","Blue","Red","Neither","Blue",16,5,6,6,0,18072,7.2,19281,281,46,3018,1320,17,4,4,2,0,15054,7,17961,223,58,0,-1,1,2,4,58,-12,0.2
"8538","Red","Blue","Blue","Blue",14,1,9,11,0,16839,7,17851,192,51,-125,-962,16,3,8,5,0,16964,7,18813,211,58,0,-2,-2,1,6,-19,-7,0
"8539","Blue","Red","Red","Red",17,3,6,2,0,16047,6.8,17256,218,43,-132,-330,15,5,6,4,0,16179,6.6,17586,218,64,0,2,-2,0,-2,0,-21,0.2
"8540","Red","Red","Blue","Red",16,5,1,1,0,13840,6.8,17099,225,44,-2131,-2173,20,3,2,1,0,15971,7.2,19272,264,64,0,-4,2,-1,0,-39,-20,-0.4
"8541","Blue","Blue","Neither","Blue",16,2,10,18,0,18588,7.4,18787,205,65,432,1389,20,3,11,12,0,18156,6.8,17398,186,45,0,-4,-1,-1,6,19,20,0.600000000000001
"8542","Blue","Blue","Neither","Blue",15,5,7,5,0,17301,7.4,19661,251,51,1000,885,19,2,5,9,0,16301,7.2,18776,220,59,0,-4,3,2,-4,31,-8,0.2
"8543","Red","Blue","Blue","Blue",48,4,7,9,1,17669,7,18012,221,47,2925,1304,14,2,3,5,0,14744,6.6,16708,219,52,1,34,2,4,4,2,-5,0.4
"8544","Red","Blue","Red","Red",17,4,8,9,0,16786,7.2,19026,244,42,-117,815,16,6,7,13,0,16903,6.8,18211,223,60,0,1,-2,1,-4,21,-18,0.4
"8545","Red","Red","Red","Red",17,4,1,0,0,13806,6.4,15551,216,47,-4145,-3714,20,5,9,12,0,17951,7.6,19265,232,50,0,-3,-1,-8,-12,-16,-3,-1.2
"8546","Blue","Red","Neither","Blue",14,0,3,1,0,14735,7,18050,213,64,-2483,-1356,15,1,7,10,0,17218,7.4,19406,228,62,0,-1,-1,-4,-9,-15,2,-0.4
"8547","Blue","Red","Neither","Blue",18,2,10,16,0,18059,7,18165,218,44,5224,2715,15,1,0,0,0,12835,6.4,15450,200,41,0,3,1,10,16,18,3,0.6
"8548","Red","Red","Blue","Blue",14,5,3,4,0,14759,6.6,17168,229,44,-929,-1819,16,3,4,4,0,15688,7,18987,223,66,0,-2,2,-1,0,6,-22,-0.4
"8549","Blue","Red","Neither","Red",13,6,4,4,0,15809,7,19160,245,51,1219,1641,16,3,1,0,0,14590,7,17519,244,62,0,-3,3,3,4,1,-11,0
"8550","Blue","Neither","Red","Red",12,2,6,6,0,16889,6.6,17619,194,68,533,1451,11,1,7,10,0,16356,6.6,16168,220,48,0,1,1,-1,-4,-26,20,0
"8551","Blue","Red","Neither","Blue",20,3,12,11,0,18713,7.2,19848,226,48,1355,1403,16,2,8,7,0,17358,7.2,18445,196,64,0,4,1,4,4,30,-16,0
"8552","Red","Red","Neither","Red",84,3,5,4,0,15819,7,18015,199,54,-3176,-2235,14,2,12,17,0,18995,7.6,20250,222,50,0,70,1,-7,-13,-23,4,-0.6
"8553","Blue","Neither","Blue","Blue",16,2,13,15,1,19547,6.6,17353,207,44,3967,593,16,3,4,5,0,15580,6.8,16760,212,51,1,0,-1,9,10,-5,-7,-0.2
"8554","Blue","Red","Neither","Red",18,6,6,7,0,16827,7,18478,252,44,2091,2537,19,3,4,5,0,14736,6.4,15941,201,37,0,-1,3,2,2,51,7,0.6
"8555","Red","Blue","Blue","Blue",12,3,12,15,1,20668,7.6,20383,234,52,5767,3366,15,1,3,6,0,14901,6.8,17017,183,71,1,-3,2,9,9,51,-19,0.8
"8556","Blue","Neither","Neither","Blue",36,6,12,16,0,18460,7,18568,229,27,2974,2777,16,2,6,11,0,15486,6.4,15791,185,43,0,20,4,6,5,44,-16,0.6
"8557","Blue","Red","Blue","Red",12,0,5,5,0,16063,6.8,17891,195,60,-2368,-1240,14,1,10,9,0,18431,7.2,19131,233,47,0,-2,-1,-5,-4,-38,13,-0.4
"8558","Blue","Red","Blue","Blue",18,1,8,8,1,19558,7.6,20155,223,64,3438,2418,50,4,5,4,0,16120,6.8,17737,197,60,1,-32,-3,3,4,26,4,0.8
"8559","Blue","Red","Blue","Blue",16,3,10,13,0,18868,7.2,19111,259,44,2461,956,17,4,5,5,0,16407,6.8,18155,237,52,0,-1,-1,5,8,22,-8,0.4
"8560","Blue","Red","Blue","Red",16,1,6,6,1,18625,7.4,19348,240,50,3163,1231,16,2,4,6,0,15462,7,18117,230,46,1,0,-1,2,0,10,4,0.4
"8561","Red","Red","Neither","Blue",12,2,5,8,0,15930,6.4,15779,210,56,-95,-1474,18,1,5,9,0,16025,6.8,17253,195,52,0,-6,1,0,-1,15,4,-0.399999999999999
"8562","Red","Red","Red","Red",15,4,1,0,0,13401,6.4,16144,222,44,-5654,-2236,26,5,9,11,1,19055,7.2,18380,253,48,-1,-11,-1,-8,-11,-31,-4,-0.8
"8563","Red","Blue","Neither","Blue",14,1,8,6,0,16889,6.6,16862,198,52,-696,-1472,15,1,9,6,0,17585,7,18334,201,54,0,-1,0,-1,0,-3,-2,-0.4
"8564","Blue","Blue","Neither","Blue",37,1,5,6,0,16871,7.4,19422,213,71,1308,1371,12,2,3,5,0,15563,7,18051,210,64,0,25,-1,2,1,3,7,0.4
"8565","Red","Red","Neither","Red",18,2,4,5,0,15470,7,17547,226,64,-2376,-1482,15,5,8,13,0,17846,7.4,19029,248,48,0,3,-3,-4,-8,-22,16,-0.4
"8566","Blue","Neither","Red","Blue",15,2,6,8,0,15909,6.8,16835,203,44,-3179,-2074,15,1,7,9,2,19088,7,18909,253,41,-2,0,1,-1,-1,-50,3,-0.2
"8567","Red","Red","Blue","Red",55,7,3,7,0,14996,6.6,16984,221,47,-444,240,20,5,4,8,0,15440,6.6,16744,197,42,0,35,2,-1,-1,24,5,0
"8568","Blue","Blue","Neither","Blue",13,6,8,7,1,18791,6.8,18424,254,52,2989,1250,63,2,6,10,0,15802,6.8,17174,188,40,1,-50,4,2,-3,66,12,0
"8569","Red","Red","Neither","Red",11,1,6,7,0,15805,7.2,18656,216,56,-1134,940,14,4,6,9,0,16939,7,17716,239,48,0,-3,-3,0,-2,-23,8,0.2
"8570","Blue","Blue","Neither","Red",17,4,8,11,0,17541,7,18201,216,52,-862,931,128,2,10,16,0,18403,7,17270,219,46,0,-111,2,-2,-5,-3,6,0
"8571","Blue","Blue","Neither","Red",56,4,0,0,0,14439,6.8,17416,264,45,-2696,-2455,19,22,6,9,0,17135,7.4,19871,250,48,0,37,-18,-6,-9,14,-3,-0.600000000000001
"8572","Red","Red","Red","Blue",16,0,4,1,0,14939,6.8,17241,195,68,-4843,-2306,38,3,9,17,1,19782,7,19547,227,63,-1,-22,-3,-5,-16,-32,5,-0.2
"8573","Blue","Red","Blue","Blue",13,1,13,15,0,19399,6.8,17635,226,34,2348,2115,17,2,8,4,0,17051,6.4,15520,192,45,0,-4,-1,5,11,34,-11,0.399999999999999
"8574","Red","Neither","Neither","Red",17,8,2,2,0,14667,6.6,16353,230,44,-2939,-2323,19,5,6,7,0,17606,7.2,18676,246,72,0,-2,3,-4,-5,-16,-28,-0.600000000000001
"8575","Blue","Neither","Blue","Blue",15,3,10,8,0,17802,7.2,19007,222,34,3168,2910,13,4,3,5,0,14634,6.6,16097,198,52,0,2,-1,7,3,24,-18,0.600000000000001
"8576","Red","Red","Neither","Blue",42,4,9,7,0,18446,7.4,19613,216,60,2200,1607,13,2,6,8,0,16246,6.8,18006,218,56,0,29,2,3,-1,-2,4,0.600000000000001
"8577","Red","Red","Red","Red",16,0,6,8,0,15779,6.8,17436,186,31,-1219,-737,14,3,7,10,0,16998,7.2,18173,242,52,0,2,-3,-1,-2,-56,-21,-0.4
"8578","Red","Red","Neither","Blue",19,3,2,3,0,14695,6.8,16615,222,49,-2240,-4314,17,2,7,2,0,16935,7.4,20929,249,77,0,2,1,-5,1,-27,-28,-0.600000000000001
"8579","Blue","Red","Blue","Red",46,1,1,0,0,14206,7,17314,218,64,-2855,-1603,16,14,8,8,0,17061,7,18917,228,56,0,30,-13,-7,-8,-10,8,0
"8580","Blue","Blue","Neither","Blue",17,1,11,12,0,19967,7,19474,246,68,5887,4222,16,1,2,2,0,14080,6.2,15252,209,44,0,1,0,9,10,37,24,0.8
"8581","Blue","Blue","Blue","Blue",15,2,5,5,1,17284,6.4,16215,185,56,2115,-207,13,2,4,4,0,15169,6.4,16422,215,38,1,2,0,1,1,-30,18,0
"8582","Blue","Blue","Neither","Red",13,1,5,2,0,15424,6.6,16777,218,48,-1668,-866,14,2,8,10,0,17092,7.2,17643,191,52,0,-1,-1,-3,-8,27,-4,-0.600000000000001
"8583","Red","Red","Neither","Blue",14,0,8,3,0,16729,6.4,16290,198,44,-1829,-1132,14,2,12,16,0,18558,7,17422,202,40,0,0,-2,-4,-13,-4,4,-0.6
"8584","Red","Neither","Neither","Red",13,5,6,3,0,15450,6.8,17448,207,31,-1989,-1299,16,0,9,9,0,17439,7.2,18747,213,36,0,-3,5,-3,-6,-6,-5,-0.4
"8585","Blue","Blue","Blue","Red",18,2,6,8,0,16814,7.2,18759,231,59,1519,1104,17,0,2,2,0,15295,7,17655,234,52,0,1,2,4,6,-3,7,0.2
"8586","Blue","Blue","Blue","Blue",21,4,8,8,0,18230,7.4,20125,246,65,2627,1759,17,6,4,4,0,15603,7,18366,241,52,0,4,-2,4,4,5,13,0.4
"8587","Blue","Blue","Red","Blue",17,2,8,8,0,16843,6.6,17489,204,40,2198,10,17,2,4,3,0,14645,6.8,17479,206,43,0,0,0,4,5,-2,-3,-0.2
"8588","Red","Blue","Neither","Blue",15,2,10,7,0,17916,6.8,17579,182,61,-2437,-1355,20,2,14,16,0,20353,7.4,18934,175,54,0,-5,0,-4,-9,7,7,-0.600000000000001
"8589","Red","Red","Red","Red",15,2,10,11,0,17318,7,17449,212,52,-3075,-2008,12,4,15,16,0,20393,7.4,19457,214,52,0,3,-2,-5,-5,-2,0,-0.4
"8590","Blue","Blue","Neither","Red",13,4,12,17,0,18608,7.4,19209,215,56,1824,1556,15,1,7,6,0,16784,7,17653,222,43,0,-2,3,5,11,-7,13,0.4
"8591","Blue","Neither","Neither","Blue",34,6,6,8,0,16240,6.6,16345,200,51,2171,960,17,5,3,5,0,14069,6.2,15385,193,47,0,17,1,3,3,7,4,0.399999999999999
"8592","Blue","Neither","Blue","Red",21,1,11,17,1,20109,7.2,18733,211,51,2700,1463,15,2,8,9,0,17409,6.8,17270,231,40,1,6,-1,3,8,-20,11,0.4
"8593","Red","Blue","Neither","Red",15,5,6,8,0,15977,6.8,16880,206,47,-588,-1142,55,2,8,10,0,16565,7,18022,220,44,0,-40,3,-2,-2,-14,3,-0.2
"8594","Red","Red","Blue","Red",14,4,3,5,0,14511,6.2,14800,158,59,-6887,-5573,38,2,16,19,0,21398,7.4,20373,248,57,0,-24,2,-13,-14,-90,2,-1.2
"8595","Blue","Blue","Neither","Red",19,3,5,5,0,16250,7.2,18390,208,68,1170,1415,17,4,4,5,0,15080,6.6,16975,205,36,0,2,-1,1,0,3,32,0.600000000000001
"8596","Red","Blue","Blue","Blue",21,6,4,5,0,16427,7,18982,250,59,-342,-623,19,4,5,5,0,16769,7.2,19605,247,63,0,2,2,-1,0,3,-4,-0.2
"8597","Blue","Red","Neither","Blue",22,2,9,16,0,18398,6.8,17918,202,47,1235,-270,44,4,11,15,0,17163,7,18188,197,48,0,-22,-2,-2,1,5,-1,-0.2
"8598","Blue","Blue","Neither","Red",39,3,4,7,0,15240,6.8,17092,196,60,-1080,-1362,13,1,7,6,0,16320,7,18454,220,47,0,26,2,-3,1,-24,13,-0.2
"8599","Blue","Red","Neither","Red",17,3,6,5,0,17262,7,18939,222,64,1371,2221,21,2,6,7,0,15891,6.6,16718,195,48,0,-4,1,0,-2,27,16,0.4
"8600","Blue","Blue","Neither","Blue",13,1,2,1,0,14804,7,17557,233,48,-944,-1054,18,0,4,5,0,15748,7,18611,222,68,0,-5,1,-2,-4,11,-20,0
"8601","Red","Red","Neither","Red",15,0,3,2,0,14921,6.4,15556,196,54,-3640,-3482,14,2,12,16,0,18561,7.2,19038,210,58,0,1,-2,-9,-14,-14,-4,-0.8
"8602","Red","Red","Blue","Red",15,1,7,8,0,15523,6.6,16556,179,46,-3825,-1386,18,1,12,16,0,19348,7.2,17942,217,60,0,-3,0,-5,-8,-38,-14,-0.600000000000001
"8603","Blue","Blue","Red","Red",17,2,6,8,0,16623,7,18012,243,48,598,-456,16,3,4,1,0,16025,7,18468,224,56,0,1,-1,2,7,19,-8,0
"8604","Blue","Red","Blue","Blue",16,2,14,20,1,21070,7.2,19275,219,46,4266,2076,15,2,8,10,0,16804,7,17199,191,49,1,1,0,6,10,28,-3,0.2
"8605","Red","Blue","Neither","Blue",16,3,7,8,0,16907,7.2,18706,213,46,-28,-28,15,0,8,10,0,16935,7,18734,227,48,0,1,3,-1,-2,-14,-2,0.2
"8606","Blue","Blue","Neither","Blue",52,2,11,16,0,18003,7,18657,213,51,2647,2948,14,0,6,7,0,15356,6.6,15709,187,40,0,38,2,5,9,26,11,0.4
"8607","Red","Blue","Neither","Red",13,1,7,10,0,17124,6.8,17615,228,43,-1565,-173,35,2,11,18,0,18689,7,17788,173,58,0,-22,-1,-4,-8,55,-15,-0.2
"8608","Blue","Blue","Blue","Blue",21,2,16,18,0,19099,7,18143,183,40,3667,1610,14,0,5,6,0,15432,6.4,16533,200,56,0,7,2,11,12,-17,-16,0.6
"8609","Blue","Neither","Neither","Blue",19,3,4,2,0,15538,6.8,18054,223,57,-450,-849,33,3,5,6,0,15988,7.2,18903,189,56,0,-14,0,-1,-4,34,1,-0.4
"8610","Red","Red","Blue","Red",12,2,4,3,0,15583,7,17671,210,56,-1108,-570,19,4,7,13,0,16691,7,18241,215,56,0,-7,-2,-3,-10,-5,0,0
"8611","Blue","Neither","Neither","Red",18,5,10,17,0,16982,6.8,17597,187,46,1093,770,18,1,6,4,0,15889,6.6,16827,222,44,0,0,4,4,13,-35,2,0.2
"8612","Red","Red","Neither","Red",54,3,7,10,0,16238,6.8,17694,202,50,-982,1441,11,4,8,10,0,17220,6.6,16253,185,64,0,43,-1,-1,0,17,-14,0.2
"8613","Red","Red","Neither","Blue",60,2,6,9,0,16641,7.2,19419,202,75,109,1368,13,2,5,7,0,16532,6.8,18051,217,59,0,47,0,1,2,-15,16,0.4
"8614","Blue","Neither","Neither","Red",18,2,9,11,0,17318,7.4,19732,221,52,1166,1899,14,2,5,4,0,16152,7,17833,225,46,0,4,0,4,7,-4,6,0.4
"8615","Red","Blue","Red","Red",39,0,7,7,0,16438,7,17815,214,37,-370,-1681,14,1,6,7,0,16808,7.4,19496,234,51,0,25,-1,1,0,-20,-14,-0.4
"8616","Blue","Blue","Neither","Blue",12,4,6,3,0,16081,7,18269,232,36,656,553,37,2,4,5,0,15425,7,17716,205,52,0,-25,2,2,-2,27,-16,0
"8617","Blue","Red","Neither","Red",58,7,5,8,0,16385,7,18788,222,68,1421,1097,28,3,2,4,0,14964,7,17691,215,61,0,30,4,3,4,7,7,0
"8618","Red","Red","Neither","Blue",14,7,8,7,0,17113,7.4,18861,245,47,1176,1300,18,4,5,6,0,15937,7,17561,225,52,0,-4,3,3,1,20,-5,0.4
"8619","Red","Red","Red","Red",10,0,2,3,0,13016,5.6,13166,167,44,-6869,-6365,13,1,7,6,2,19885,7.2,19531,243,48,-2,-3,-1,-5,-3,-76,-4,-1.6
"8620","Red","Red","Neither","Blue",39,2,5,6,0,15863,7,17499,228,46,-1117,-764,20,2,9,13,0,16980,7,18263,213,42,0,19,0,-4,-7,15,4,0
"8621","Blue","Blue","Blue","Blue",18,4,5,6,1,17843,7,17948,243,48,1895,-224,14,3,6,6,0,15948,7,18172,207,47,1,4,1,-1,0,36,1,0
"8622","Blue","Red","Blue","Blue",15,1,6,7,0,16421,6.4,16972,207,52,936,-497,38,4,3,3,0,15485,7.2,17469,231,60,0,-23,-3,3,4,-24,-8,-0.8
"8623","Red","Red","Neither","Red",31,3,2,2,0,15739,7,18212,256,53,-1257,-91,16,1,7,10,0,16996,6.8,18303,234,48,0,15,2,-5,-8,22,5,0.2
"8624","Red","Red","Red","Blue",13,1,7,8,0,17181,6.8,18170,231,51,267,162,17,1,7,9,0,16914,6.8,18008,220,56,0,-4,0,0,-1,11,-5,0
"8625","Red","Blue","Neither","Red",19,6,5,6,0,16534,7.2,18294,260,44,131,-613,31,3,4,5,0,16403,7,18907,233,64,0,-12,3,1,1,27,-20,0.2
"8626","Red","Blue","Red","Red",78,2,6,7,1,18084,7.2,19140,228,48,2139,547,13,2,6,5,0,15945,7,18593,201,59,1,65,0,0,2,27,-11,0.2
"8627","Blue","Blue","Neither","Red",41,5,7,11,0,17094,6.8,17903,205,44,525,44,20,4,6,6,0,16569,7,17859,225,48,0,21,1,1,5,-20,-4,-0.2
"8628","Red","Blue","Red","Blue",15,2,10,14,1,18911,6.8,18311,205,48,4335,1377,15,1,3,4,0,14576,6.6,16934,192,50,1,0,1,7,10,13,-2,0.2
"8629","Blue","Neither","Blue","Blue",18,3,13,13,0,18928,7.4,19725,227,55,4184,3694,40,3,3,2,0,14744,6.6,16031,180,57,0,-22,0,10,11,47,-2,0.800000000000001
"8630","Blue","Neither","Blue","Blue",14,2,12,13,0,19266,7.4,19920,236,44,3362,2634,17,3,5,6,0,15904,6.8,17286,204,44,0,-3,-1,7,7,32,0,0.600000000000001
"8631","Red","Neither","Neither","Red",123,2,1,1,0,14415,6.8,17028,238,47,-2534,-3031,23,3,7,7,0,16949,7.4,20059,233,60,0,100,-1,-6,-6,5,-13,-0.600000000000001
"8632","Blue","Red","Blue","Blue",13,6,15,12,0,19987,7.2,19679,194,44,4805,3808,16,1,4,4,0,15182,6.4,15871,194,45,0,-3,5,11,8,0,-1,0.8
"8633","Blue","Blue","Neither","Blue",31,1,11,11,0,18464,7,18681,234,54,1259,1454,17,1,9,10,0,17205,6.8,17227,192,47,0,14,0,2,1,42,7,0.2
"8634","Red","Neither","Neither","Blue",15,3,7,11,0,17467,7.2,19153,244,48,1299,879,36,3,5,5,0,16168,7,18274,241,43,0,-21,0,2,6,3,5,0.2
"8635","Red","Red","Blue","Red",13,0,3,2,0,14686,7,17187,228,44,-1592,-2117,16,2,5,3,0,16278,7.2,19304,247,47,0,-3,-2,-2,-1,-19,-3,-0.2
"8636","Blue","Blue","Neither","Blue",15,3,6,6,0,17202,7.4,19917,229,64,1360,2274,83,0,3,3,0,15842,7,17643,220,52,0,-68,3,3,3,9,12,0.4
"8637","Blue","Red","Neither","Red",44,4,5,5,0,15810,7.2,18914,208,56,-866,388,16,15,5,3,0,16676,6.8,18526,253,51,0,28,-11,0,2,-45,5,0.4
"8638","Blue","Neither","Neither","Red",14,2,8,9,0,18886,7.2,20642,240,72,3634,3559,17,0,5,7,0,15252,6.8,17083,175,50,0,-3,2,3,2,65,22,0.4
"8639","Blue","Neither","Neither","Blue",17,2,4,5,0,16668,7.2,18572,261,51,1401,85,37,2,3,4,0,15267,7.2,18487,203,70,0,-20,0,1,1,58,-19,0
"8640","Red","Red","Neither","Red",13,5,2,2,0,13794,6.4,15813,190,55,-4192,-3984,41,2,11,9,0,17986,7.2,19797,220,56,0,-28,3,-9,-7,-30,-1,-0.8
"8641","Blue","Red","Neither","Blue",15,1,12,13,0,19292,7.2,18153,210,34,4641,2291,17,1,5,5,0,14651,6.6,15862,172,52,0,-2,0,7,8,38,-18,0.600000000000001
"8642","Red","Blue","Neither","Blue",15,3,9,9,0,17004,6.4,17216,185,44,2253,772,14,1,6,3,0,14751,6.6,16444,163,44,0,1,2,3,6,22,0,-0.199999999999999
"8643","Blue","Blue","Blue","Blue",24,3,7,9,0,17231,6.6,17207,240,47,3203,1830,13,0,2,2,0,14028,6.2,15377,186,52,0,11,3,5,7,54,-5,0.399999999999999
"8644","Blue","Blue","Blue","Blue",18,4,8,5,1,19383,7.6,21403,271,59,4656,3776,12,2,1,0,0,14727,6.8,17627,249,58,1,6,2,7,5,22,1,0.8
"8645","Blue","Blue","Neither","Blue",20,1,7,8,0,16417,6.8,17202,205,56,161,130,11,2,6,11,0,16256,6.8,17072,209,60,0,9,-1,1,-3,-4,-4,0
"8646","Blue","Red","Neither","Red",37,4,6,10,0,17281,7.2,18317,228,53,-65,-433,13,6,6,6,0,17346,7.2,18750,246,55,0,24,-2,0,4,-18,-2,0
"8647","Red","Neither","Neither","Red",18,2,5,5,0,15195,6.6,16429,187,59,-2539,-1637,33,0,7,5,1,17734,6.6,18066,223,40,-1,-15,2,-2,0,-36,19,0
"8648","Blue","Red","Neither","Blue",14,0,6,8,0,15091,6.2,14181,172,48,-2623,-3436,10,1,10,15,0,17714,6.8,17617,211,49,0,4,-1,-4,-7,-39,-1,-0.6
"8649","Blue","Blue","Neither","Blue",13,3,11,17,0,18456,7.2,19034,214,60,2724,2170,49,0,4,7,0,15732,6.6,16864,218,61,0,-36,3,7,10,-4,-1,0.600000000000001
"8650","Blue","Blue","Neither","Blue",13,1,7,12,0,17196,7,18109,204,60,2177,186,14,2,2,0,0,15019,7,17923,237,68,0,-1,-1,5,12,-33,-8,0
"8651","Red","Neither","Neither","Red",18,0,5,4,0,15534,6.2,15681,209,43,-2840,-1360,17,2,11,11,0,18374,7,17041,198,57,0,1,-2,-6,-7,11,-14,-0.8
"8652","Red","Red","Blue","Red",18,4,5,6,0,15067,6.8,17908,201,49,-2718,-1000,20,6,6,8,0,17785,7,18908,238,64,0,-2,-2,-1,-2,-37,-15,-0.2
"8653","Red","Blue","Red","Blue",38,2,6,6,0,15295,6.4,15416,157,40,-2783,-2017,18,5,8,5,2,18078,6.6,17433,213,40,-2,20,-3,-2,1,-56,0,-0.199999999999999
"8654","Red","Red","Neither","Red",19,3,8,12,0,18501,6.8,17881,207,60,-939,-2597,74,2,12,15,0,19440,7.2,20478,214,52,0,-55,1,-4,-3,-7,8,-0.4
"8655","Red","Neither","Neither","Red",15,6,4,3,0,15119,6.4,16068,201,28,-3770,-2959,13,2,10,12,0,18889,7,19027,213,59,0,2,4,-6,-9,-12,-31,-0.6
"8656","Red","Neither","Neither","Blue",14,0,4,3,0,15294,6.4,16497,202,63,-3442,-2915,13,0,11,16,0,18736,7.2,19412,221,56,0,1,0,-7,-13,-19,7,-0.8
"8657","Blue","Neither","Blue","Blue",20,8,10,10,0,18099,7.4,18678,203,44,3236,3464,41,5,6,3,0,14863,6.2,15214,163,36,0,-21,3,4,7,40,8,1.2
"8658","Blue","Neither","Neither","Blue",15,4,7,9,0,16790,7,17505,193,60,382,-64,11,3,8,12,0,16408,7,17569,208,44,0,4,1,-1,-3,-15,16,0
"8659","Blue","Neither","Neither","Blue",21,0,6,6,0,17467,7,18794,238,60,2135,1898,18,0,5,6,0,15332,6.8,16896,194,56,0,3,0,1,0,44,4,0.2
"8660","Red","Red","Blue","Red",34,4,6,0,0,16338,7,18577,223,64,-524,468,17,3,7,11,0,16862,7,18109,209,41,0,17,1,-1,-11,14,23,0
"8661","Blue","Blue","Neither","Blue",14,3,4,7,0,15471,6.4,15785,192,53,-3033,-3775,18,2,10,13,0,18504,7.4,19560,207,64,0,-4,1,-6,-6,-15,-11,-1
"8662","Red","Blue","Red","Red",17,5,3,3,0,14322,6.4,16812,186,60,-3441,-1732,21,4,7,9,0,17763,7,18544,227,48,0,-4,1,-4,-6,-41,12,-0.6
"8663","Blue","Blue","Neither","Blue",16,2,9,10,0,18266,7.2,19178,254,54,3360,1693,16,2,3,2,0,14906,6.8,17485,235,48,0,0,0,6,8,19,6,0.4
"8664","Blue","Blue","Neither","Blue",17,2,16,15,1,22697,7.6,21092,254,51,8553,4873,12,1,3,2,0,14144,6.4,16219,166,48,1,5,1,13,13,88,3,1.2
"8665","Blue","Red","Neither","Blue",13,0,7,9,0,16538,6.8,17488,204,55,-571,-401,17,1,9,12,0,17109,6.8,17889,222,40,0,-4,-1,-2,-3,-18,15,0
"8666","Red","Red","Red","Red",8,1,6,5,0,16373,7.2,18479,221,40,-2027,-114,15,1,8,9,0,18400,7,18593,235,36,0,-7,0,-2,-4,-14,4,0.2
"8667","Blue","Red","Neither","Blue",60,5,3,7,0,15029,6.6,16462,244,41,-29,-781,26,3,4,4,0,15058,6.8,17243,207,55,0,34,2,-1,3,37,-14,-0.2
"8668","Red","Blue","Red","Red",14,0,5,6,0,15412,6.6,17055,180,51,-709,-658,23,0,5,3,0,16121,6.8,17713,231,43,0,-9,0,0,3,-51,8,-0.2
"8669","Blue","Red","Neither","Blue",10,4,7,4,0,16478,7,18363,224,71,707,-788,16,1,5,3,0,15771,7.2,19151,225,60,0,-6,3,2,1,-1,11,-0.2
"8670","Red","Neither","Neither","Blue",40,2,6,4,0,17488,7.2,19282,243,65,2435,1239,18,1,3,3,0,15053,7,18043,237,50,0,22,1,3,1,6,15,0.2
"8671","Red","Neither","Neither","Blue",13,4,9,12,0,18105,7,18937,254,51,2627,1326,38,3,4,2,0,15478,6.8,17611,216,56,0,-25,1,5,10,38,-5,0.2
"8672","Blue","Blue","Neither","Blue",12,1,12,11,0,17465,7.2,18926,176,53,1968,1173,17,2,5,3,0,15497,6.8,17753,197,57,0,-5,-1,7,8,-21,-4,0.4
"8673","Red","Red","Neither","Red",17,2,1,1,0,14735,7,18220,234,63,-665,-337,47,5,3,3,0,15400,7,18557,227,65,0,-30,-3,-2,-2,7,-2,0
"8674","Blue","Neither","Blue","Red",39,1,1,1,0,14529,6.6,17127,218,56,-2930,-1894,74,13,10,17,0,17459,7.2,19021,207,44,0,-35,-12,-9,-16,11,12,-0.600000000000001
"8675","Red","Red","Blue","Red",17,1,2,0,0,14311,6.8,17028,217,56,-5821,-3230,43,5,10,11,1,20132,7.2,20258,251,68,-1,-26,-4,-8,-11,-34,-12,-0.4
"8676","Blue","Blue","Blue","Blue",16,4,2,4,0,14820,7,17885,211,64,-2497,-2400,17,2,7,12,0,17317,7.6,20285,260,56,0,-1,2,-5,-8,-49,8,-0.6
"8677","Blue","Blue","Blue","Blue",26,1,15,24,2,23701,7.8,21188,239,70,8863,5411,12,1,3,2,0,14838,6.4,15777,197,44,2,14,0,12,22,42,26,1.4
"8678","Red","Red","Neither","Red",13,2,3,1,0,15078,7,17979,219,48,-1823,-810,30,2,7,9,0,16901,7,18789,225,57,0,-17,0,-4,-8,-6,-9,0
"8679","Blue","Red","Blue","Red",64,3,4,3,0,15844,6.8,17574,225,52,1147,254,17,3,3,3,0,14697,6.8,17320,186,68,0,47,0,1,0,39,-16,0
"8680","Red","Blue","Blue","Red",16,5,4,2,0,14285,6.6,16387,182,52,-4177,-1640,17,4,11,21,0,18462,7,18027,209,45,0,-1,1,-7,-19,-27,7,-0.4
"8681","Blue","Blue","Red","Red",18,0,6,7,0,15596,6.2,15360,197,26,-2600,-2112,18,1,9,7,1,18196,6.6,17472,185,52,-1,0,-1,-3,0,12,-26,-0.399999999999999
"8682","Blue","Blue","Neither","Blue",18,2,10,7,0,18089,7,19431,235,43,2696,2452,11,1,4,4,0,15393,6.6,16979,196,51,0,7,1,6,3,39,-8,0.4
"8683","Blue","Blue","Blue","Blue",14,4,8,2,0,18320,7,19311,268,55,3413,2303,15,2,5,7,0,14907,6.6,17008,151,44,0,-1,2,3,-5,117,11,0.4
"8684","Red","Red","Red","Red",37,4,0,0,0,12837,6.2,15086,196,36,-5369,-5193,20,3,10,10,0,18206,7.2,20279,242,47,0,17,1,-10,-10,-46,-11,-1
"8685","Red","Blue","Neither","Blue",18,2,7,11,0,16135,6.6,17299,216,43,-153,-1105,17,2,6,7,0,16288,7,18404,241,52,0,1,0,1,4,-25,-9,-0.4
"8686","Red","Neither","Neither","Red",18,3,1,1,0,13599,6.4,15596,229,32,-5031,-5211,16,3,9,6,0,18630,7.6,20807,241,71,0,2,0,-8,-5,-12,-39,-1.2
"8687","Blue","Red","Neither","Red",56,4,2,3,0,14732,6.8,17531,210,52,-1461,-799,13,10,5,6,0,16193,7.2,18330,240,55,0,43,-6,-3,-3,-30,-3,-0.4
"8688","Red","Red","Neither","Red",14,3,3,5,0,15529,6.6,17787,237,46,-522,-1373,18,2,5,2,0,16051,7,19160,222,60,0,-4,1,-2,3,15,-14,-0.4
"8689","Red","Blue","Neither","Blue",14,5,6,6,0,15909,6.8,17578,208,43,257,-1125,14,2,3,0,0,15652,6.8,18703,233,80,0,0,3,3,6,-25,-37,0
"8690","Red","Red","Neither","Blue",21,1,6,6,0,15953,6.8,18137,207,60,1496,1458,13,2,2,5,0,14457,6.8,16679,201,51,0,8,-1,4,1,6,9,0
"8691","Red","Neither","Neither","Red",16,1,9,13,0,17867,6.6,17671,218,49,-1354,-798,15,6,12,23,0,19221,7.2,18469,214,42,0,1,-5,-3,-10,4,7,-0.600000000000001
"8692","Red","Neither","Neither","Blue",18,2,5,8,0,16324,7,17343,216,44,-683,-676,14,2,6,5,0,17007,7,18019,248,52,0,4,0,-1,3,-32,-8,0
"8693","Red","Red","Red","Red",20,1,1,1,0,13006,6,14750,201,44,-6892,-5371,18,1,8,12,1,19898,7.2,20121,233,76,-1,2,0,-7,-11,-32,-32,-1.2
"8694","Red","Red","Neither","Red",24,4,4,7,0,16165,6.6,17638,220,44,-2163,-739,40,5,9,18,0,18328,7,18377,213,56,0,-16,-1,-5,-11,7,-12,-0.4
"8695","Red","Blue","Neither","Red",33,4,4,5,0,14205,6.4,15571,204,19,-4462,-3453,18,1,7,7,0,18667,7,19024,269,57,0,15,3,-3,-2,-65,-38,-0.6
"8696","Blue","Neither","Neither","Blue",15,11,6,8,0,16882,6.8,17922,204,43,-2059,-2345,43,3,11,14,0,18941,7.4,20267,220,56,0,-28,8,-5,-6,-16,-13,-0.600000000000001
"8697","Blue","Red","Neither","Red",46,3,5,2,0,14871,6.8,16941,180,47,-1682,-563,20,1,7,9,0,16553,6.8,17504,191,36,0,26,2,-2,-7,-11,11,0
"8698","Blue","Blue","Blue","Blue",13,8,12,10,1,20860,7.4,21006,268,65,8027,7621,17,2,2,3,0,12833,5.8,13385,165,36,1,-4,6,10,7,103,29,1.6
"8699","Blue","Neither","Neither","Blue",34,5,2,4,0,15379,7,18530,238,57,995,1649,12,7,1,1,0,14384,6.6,16881,232,49,0,22,-2,1,3,6,8,0.4
"8700","Blue","Blue","Neither","Blue",18,2,5,6,0,15814,7,17846,240,52,1012,191,34,2,2,1,0,14802,6.8,17655,229,51,0,-16,0,3,5,11,1,0.2
"8701","Red","Neither","Neither","Red",40,4,9,12,0,17252,7,18777,205,48,-1287,-6,30,3,10,9,0,18539,7.2,18783,217,47,0,10,1,-1,3,-12,1,-0.2
"8702","Red","Neither","Neither","Blue",14,3,8,7,0,16451,6.6,16842,191,34,359,-772,38,2,6,6,0,16092,7,17614,195,51,0,-24,1,2,1,-4,-17,-0.4
"8703","Blue","Neither","Neither","Red",116,2,10,13,0,16991,6.6,16213,180,36,803,490,13,3,8,13,0,16188,6.4,15723,177,40,0,103,-1,2,0,3,-4,0.199999999999999
"8704","Red","Blue","Neither","Red",14,0,2,2,0,14695,6.8,17395,223,63,-3426,-2539,16,1,9,10,0,18121,7.4,19934,236,44,0,-2,-1,-7,-8,-13,19,-0.600000000000001
"8705","Blue","Neither","Red","Blue",18,1,4,4,0,16333,7.2,18597,244,64,1315,1402,14,2,4,4,0,15018,7,17195,206,50,0,4,-1,0,0,38,14,0.2
"8706","Blue","Neither","Neither","Blue",17,3,9,10,0,17875,6.8,17347,212,45,1171,-841,15,3,8,11,0,16704,7.2,18188,190,49,0,2,0,1,-1,22,-4,-0.4
"8707","Blue","Blue","Neither","Red",14,0,9,6,0,18912,7.4,20086,244,70,3970,2818,10,0,5,5,0,14942,6.6,17268,210,29,0,4,0,4,1,34,41,0.800000000000001
"8708","Blue","Red","Neither","Red",21,4,5,4,1,16791,7,17929,225,48,482,617,9,1,7,5,0,16309,6.8,17312,207,58,1,12,3,-2,-1,18,-10,0.2
"8709","Red","Red","Blue","Blue",38,4,4,1,0,15198,6.8,17307,214,50,-2090,-2188,17,3,7,7,0,17288,7.2,19495,222,71,0,21,1,-3,-6,-8,-21,-0.4
"8710","Blue","Neither","Neither","Blue",12,4,10,11,0,18156,7.4,19293,238,48,2052,1084,20,3,6,4,0,16104,6.8,18209,240,40,0,-8,1,4,7,-2,8,0.600000000000001
"8711","Blue","Red","Neither","Red",15,3,8,9,0,18334,7,19209,232,40,3770,1556,37,1,3,2,0,14564,6.8,17653,195,59,0,-22,2,5,7,37,-19,0.2
"8712","Red","Red","Neither","Blue",64,2,6,9,0,16054,6.6,17023,202,52,-849,-603,15,4,7,7,0,16903,6.8,17626,215,46,0,49,-2,-1,2,-13,6,-0.2
"8713","Blue","Red","Blue","Blue",13,1,8,6,1,18271,6.8,18004,223,46,1656,95,13,0,7,6,0,16615,7,17909,226,54,1,0,1,1,0,-3,-8,-0.2
"8714","Red","Red","Neither","Red",17,2,5,3,0,15645,6.8,16821,203,42,-2328,-1524,18,3,11,13,0,17973,6.8,18345,209,40,0,-1,-1,-6,-10,-6,2,0
"8715","Blue","Blue","Neither","Blue",17,3,6,3,0,17816,7.2,20228,244,61,4677,4588,13,1,0,0,0,13139,6.6,15640,216,39,0,4,2,6,3,28,22,0.600000000000001
"8716","Blue","Blue","Red","Red",15,1,4,4,0,15237,7,17965,205,60,724,2025,49,3,3,4,0,14513,6.2,15940,206,32,0,-34,-2,1,0,-1,28,0.8
"8717","Blue","Red","Blue","Blue",12,7,5,5,0,15740,7,17908,220,48,1154,971,18,1,3,3,0,14586,6.8,16937,225,56,0,-6,6,2,2,-5,-8,0.2
"8718","Red","Blue","Neither","Red",20,1,6,7,0,15949,6.6,17392,198,42,919,-36,13,1,2,2,0,15030,6.8,17428,211,57,0,7,0,4,5,-13,-15,-0.2
"8719","Blue","Neither","Neither","Red",16,4,7,7,0,17250,7.2,18870,255,55,160,999,15,2,7,5,0,17090,6.8,17871,231,52,0,1,2,0,2,24,3,0.4
"8720","Red","Blue","Neither","Blue",17,2,7,8,0,17191,6.8,17267,206,48,-347,-2753,14,1,7,11,0,17538,7.6,20020,212,68,0,3,1,0,-3,-6,-20,-0.8
"8721","Blue","Red","Neither","Red",12,4,5,5,0,17512,7.4,20540,283,67,3122,3276,13,0,1,1,0,14390,6.6,17264,244,40,0,-1,4,4,4,39,27,0.800000000000001
"8722","Red","Neither","Red","Blue",11,1,3,1,0,15336,7,17953,253,43,-761,-10,14,1,4,5,0,16097,6.8,17963,219,52,0,-3,0,-1,-4,34,-9,0.2
"8723","Red","Blue","Red","Red",15,1,3,1,0,14143,6.2,15352,205,46,-6445,-4329,14,3,14,14,0,20588,7.4,19681,209,66,0,1,-2,-11,-13,-4,-20,-1.2
"8724","Blue","Red","Neither","Blue",17,2,5,4,0,16092,6.8,18020,222,47,262,611,15,0,5,7,0,15830,6.8,17409,191,62,0,2,2,0,-3,31,-15,0
"8725","Blue","Red","Blue","Blue",17,5,8,4,0,17505,7.2,19027,236,48,1014,850,18,2,7,5,0,16491,7,18177,201,60,0,-1,3,1,-1,35,-12,0.2
"8726","Red","Red","Red","Blue",17,1,4,4,0,15005,6.8,17143,213,47,-1022,-1253,12,2,6,7,0,16027,7,18396,230,43,0,5,-1,-2,-3,-17,4,-0.2
"8727","Red","Red","Neither","Red",53,5,5,5,0,15189,7,17359,195,48,-4907,-2701,18,3,11,8,1,20096,7.4,20060,250,51,-1,35,2,-6,-3,-55,-3,-0.4
"8728","Red","Neither","Neither","Red",14,1,8,8,0,16945,7.4,18652,218,53,1978,1936,26,1,5,7,0,14967,6.6,16716,188,44,0,-12,0,3,1,30,9,0.800000000000001
"8729","Red","Neither","Neither","Blue",20,3,12,20,0,18269,6.4,16542,198,35,1032,-617,17,3,10,9,0,17237,6.8,17159,202,36,0,3,0,2,11,-4,-1,-0.399999999999999
"8730","Blue","Red","Blue","Red",18,5,4,3,0,16697,7.4,19455,235,60,2799,2965,89,5,2,3,0,13898,6.8,16490,200,44,0,-71,0,2,0,35,16,0.600000000000001
"8731","Red","Blue","Neither","Blue",16,2,4,5,0,15179,6.8,16562,220,49,-2967,-4209,43,2,8,7,0,18146,7.6,20771,266,54,0,-27,0,-4,-2,-46,-5,-0.8
"8732","Red","Blue","Red","Blue",13,2,3,1,0,14664,6.8,16863,218,41,-1770,-1276,18,2,4,4,0,16434,7,18139,219,63,0,-5,0,-1,-3,-1,-22,-0.2
"8733","Blue","Blue","Neither","Blue",14,2,6,5,0,17375,7,17881,225,55,1825,243,50,4,5,8,0,15550,7,17638,199,44,0,-36,-2,1,-3,26,11,0
"8734","Blue","Blue","Neither","Red",12,4,9,8,0,17524,7,18825,258,30,2764,2121,16,1,4,3,0,14760,6.4,16704,208,34,0,-4,3,5,5,50,-4,0.6
"8735","Blue","Neither","Red","Red",16,0,10,9,0,18033,7.2,18634,201,52,1324,1692,13,3,8,8,0,16709,6.8,16942,185,56,0,3,-3,2,1,16,-4,0.4
"8736","Blue","Red","Neither","Blue",14,1,9,9,0,18880,7,19278,235,54,2690,2514,17,2,7,9,0,16190,6.6,16764,193,43,0,-3,-1,2,0,42,11,0.4
"8737","Blue","Blue","Neither","Red",43,2,10,17,0,18751,7.2,19155,232,52,1520,1168,15,5,6,8,0,17231,6.8,17987,232,51,0,28,-3,4,9,0,1,0.4
"8738","Blue","Neither","Blue","Red",35,4,6,4,0,16150,6.8,18167,213,57,-830,-448,14,1,7,5,0,16980,7,18615,226,52,0,21,3,-1,-1,-13,5,-0.2
"8739","Red","Blue","Neither","Blue",14,4,3,2,0,13769,6.2,15094,174,54,-4147,-3023,16,4,9,7,0,17916,7,18117,217,48,0,-2,0,-6,-5,-43,6,-0.8
"8740","Blue","Blue","Neither","Red",14,4,4,1,0,15202,7,18246,240,56,-947,1016,17,2,5,7,0,16149,6.8,17230,231,46,0,-3,2,-1,-6,9,10,0.2
"8741","Red","Blue","Red","Red",10,3,5,7,0,14885,6.4,15463,170,41,-3695,-4018,19,1,10,8,0,18580,7.2,19481,241,59,0,-9,2,-5,-1,-71,-18,-0.8
"8742","Red","Neither","Red","Red",18,3,7,6,0,15847,6.6,16305,199,36,-1252,-1190,16,5,6,6,0,17099,6.6,17495,231,51,0,2,-2,1,0,-32,-15,0
"8743","Blue","Neither","Neither","Blue",37,8,7,8,0,16708,7.2,19294,212,45,1371,1179,14,1,4,4,0,15337,6.8,18115,238,39,0,23,7,3,4,-26,6,0.4
"8744","Blue","Blue","Blue","Blue",15,3,7,8,0,17788,7,18965,248,53,1767,1408,11,1,5,4,0,16021,7,17557,221,56,0,4,2,2,4,27,-3,0
"8745","Blue","Red","Red","Blue",18,3,9,9,0,16988,6.6,17774,213,40,1605,755,15,2,5,4,0,15383,6.6,17019,203,48,0,3,1,4,5,10,-8,0
"8746","Blue","Blue","Neither","Blue",14,4,13,13,2,22049,7.4,19632,243,51,8532,5876,15,2,3,2,0,13517,5.8,13756,165,46,2,-1,2,10,11,78,5,1.6
"8747","Blue","Neither","Neither","Blue",17,0,7,11,0,16752,7,18525,226,42,-753,-299,14,1,9,6,0,17505,7,18824,225,51,0,3,-1,-2,5,1,-9,0
"8748","Blue","Blue","Blue","Blue",18,5,9,8,0,18318,7.2,19194,228,46,4446,3448,20,1,2,4,0,13872,6.4,15746,188,41,0,-2,4,7,4,40,5,0.8
"8749","Red","Neither","Red","Red",21,3,4,7,0,14655,6.6,16541,208,37,-3142,-2633,20,3,8,17,0,17797,7.2,19174,216,56,0,1,0,-4,-10,-8,-19,-0.600000000000001
"8750","Blue","Neither","Neither","Red",14,0,5,4,0,14321,6,15077,167,43,-2695,-2572,15,1,8,10,0,17016,7,17649,181,54,0,-1,-1,-3,-6,-14,-11,-1
"8751","Red","Red","Red","Red",17,2,4,4,0,14434,6.6,15829,183,40,-4603,-2667,17,4,8,11,1,19037,7,18496,212,48,-1,0,-2,-4,-7,-29,-8,-0.4
"8752","Red","Blue","Neither","Blue",14,5,12,10,0,18910,7.2,18538,203,47,1454,1187,15,1,9,14,0,17456,7,17351,185,40,0,-1,4,3,-4,18,7,0.2
"8753","Red","Blue","Neither","Red",15,0,5,5,0,15740,7,17449,206,56,-312,-473,13,2,4,5,0,16052,6.8,17922,229,47,0,2,-2,1,0,-23,9,0.2
"8754","Red","Red","Neither","Blue",20,0,6,5,0,15428,6.8,16724,201,46,-491,-1417,35,5,5,4,0,15919,6.8,18141,211,62,0,-15,-5,1,1,-10,-16,0
"8755","Red","Red","Red","Red",16,2,5,7,0,15577,6.8,17244,207,48,124,-46,23,3,4,5,0,15453,6.8,17290,220,52,0,-7,-1,1,2,-13,-4,0
"8756","Red","Red","Blue","Blue",19,1,8,10,0,17282,7,17712,222,48,-1008,-810,16,4,11,7,0,18290,7,18522,220,48,0,3,-3,-3,3,2,0,0
"8757","Blue","Blue","Neither","Red",17,4,7,10,0,17009,6.8,17881,222,40,1121,836,15,4,5,4,0,15888,6.8,17045,228,52,0,2,0,2,6,-6,-12,0
"8758","Red","Neither","Neither","Red",15,1,6,5,0,16345,6.8,17662,209,42,-2154,-2348,15,1,13,13,0,18499,7.4,20010,225,36,0,0,0,-7,-8,-16,6,-0.600000000000001
"8759","Blue","Red","Red","Red",12,5,5,7,0,16142,7.2,17532,237,44,-1711,-1086,17,5,9,12,0,17853,7.2,18618,195,56,0,-5,0,-4,-5,42,-12,0
"8760","Red","Blue","Neither","Blue",19,6,13,14,0,18839,7.2,18977,189,53,1144,944,16,3,7,7,0,17695,7,18033,228,40,0,3,3,6,7,-39,13,0.2
"8761","Blue","Blue","Neither","Blue",19,1,11,10,0,17570,7.2,18349,226,43,2414,2407,12,3,4,5,0,15156,6.4,15942,219,44,0,7,-2,7,5,7,-1,0.8
"8762","Red","Neither","Neither","Red",36,4,7,8,0,15265,6,14533,161,28,-2627,-2458,18,2,10,16,0,17892,6.6,16991,218,37,0,18,2,-3,-8,-57,-9,-0.6
"8763","Blue","Blue","Blue","Red",36,3,3,2,0,15581,7,18847,233,72,-353,-280,18,9,5,4,0,15934,7.4,19127,228,48,0,18,-6,-2,-2,5,24,-0.4
"8764","Red","Red","Neither","Red",13,3,7,7,0,16514,7.2,18198,211,52,1232,1358,14,2,5,3,0,15282,6.6,16840,215,48,0,-1,1,2,4,-4,4,0.600000000000001
"8765","Blue","Blue","Blue","Blue",19,7,4,3,0,16127,6.8,18248,235,64,1071,644,23,2,4,4,0,15056,6.6,17604,212,41,0,-4,5,0,-1,23,23,0.2
"8766","Blue","Blue","Neither","Red",39,3,10,10,0,17831,7.2,19052,198,48,2233,3109,14,2,6,9,0,15598,6.6,15943,204,40,0,25,1,4,1,-6,8,0.600000000000001
"8767","Blue","Blue","Neither","Blue",16,1,6,5,0,17002,7.2,19584,227,59,4376,4106,18,2,0,0,0,12626,6.2,15478,184,48,0,-2,-1,6,5,43,11,1
"8768","Blue","Neither","Neither","Red",13,4,6,4,0,16931,7.2,19352,222,50,1931,2084,30,1,1,1,0,15000,6.8,17268,222,67,0,-17,3,5,3,0,-17,0.4
"8769","Blue","Red","Red","Blue",18,0,11,11,0,19267,7.2,19780,257,50,2669,2743,10,0,5,4,0,16598,6.6,17037,205,41,0,8,0,6,7,52,9,0.600000000000001
"8770","Blue","Blue","Neither","Blue",33,5,10,11,0,17593,7,17874,190,41,2596,1052,20,4,4,5,0,14997,6.6,16822,207,52,0,13,1,6,6,-17,-11,0.4
"8771","Blue","Red","Neither","Red",15,0,9,6,0,16950,7,18151,218,32,1081,1757,16,3,6,8,0,15869,6.4,16394,183,59,0,-1,-3,3,-2,35,-27,0.6
"8772","Red","Red","Neither","Blue",14,2,4,2,0,13829,6.4,16293,171,48,-2523,-2080,15,1,6,6,0,16352,6.8,18373,222,52,0,-1,1,-2,-4,-51,-4,-0.399999999999999
"8773","Red","Red","Red","Blue",15,2,5,6,0,16478,6.8,17590,254,44,1207,-488,38,3,3,6,0,15271,7.2,18078,212,72,0,-23,-1,2,0,42,-28,-0.4
"8774","Blue","Blue","Neither","Red",16,4,5,4,0,16338,7.2,19137,234,60,1106,1309,18,1,3,1,0,15232,6.8,17828,228,60,0,-2,3,2,3,6,0,0.4
"8775","Blue","Blue","Red","Red",13,2,4,6,0,14972,6.8,17357,201,49,-266,-613,37,1,3,4,0,15238,7,17970,233,46,0,-24,1,1,2,-32,3,-0.2
"8776","Blue","Blue","Neither","Red",63,4,6,6,0,16152,7,18649,228,53,1069,1104,11,19,2,2,0,15083,6.8,17545,238,46,0,52,-15,4,4,-10,7,0.2
"8777","Red","Blue","Neither","Red",14,1,7,4,0,17209,6.8,17808,229,37,1710,1298,14,0,8,5,0,15499,6.4,16510,166,46,0,0,1,-1,-1,63,-9,0.399999999999999
"8778","Red","Red","Neither","Red",16,0,7,7,0,17084,7,17884,224,52,-100,-120,16,3,8,10,0,17184,7,18004,207,59,0,0,-3,-1,-3,17,-7,0
"8779","Blue","Red","Neither","Blue",33,4,3,2,0,15073,7.2,17942,198,56,-556,-442,24,1,5,3,0,15629,7.2,18384,226,48,0,9,3,-2,-1,-28,8,0
"8780","Blue","Neither","Neither","Blue",13,2,11,9,0,17795,7.4,18920,164,63,-274,304,14,1,9,9,0,18069,7,18616,237,46,0,-1,1,2,0,-73,17,0.4
"8781","Red","Red","Red","Red",19,3,6,3,0,16404,6.8,18053,231,40,-554,174,17,4,9,9,0,16958,6.8,17879,204,41,0,2,-1,-3,-6,27,-1,0
"8782","Red","Red","Neither","Blue",20,4,4,3,0,15119,6.8,18065,211,56,-542,-1235,21,4,6,4,0,15661,7.4,19300,224,54,0,-1,0,-2,-1,-13,2,-0.600000000000001
"8783","Blue","Neither","Neither","Red",16,4,8,11,0,17770,7,17974,228,55,1753,963,86,5,5,6,0,16017,6.8,17011,233,40,0,-70,-1,3,5,-5,15,0.2
"8784","Red","Neither","Red","Blue",14,0,3,2,0,15212,6.8,17204,202,59,-1718,-1922,17,1,6,8,0,16930,7,19126,201,64,0,-3,-1,-3,-6,1,-5,-0.2
"8785","Red","Blue","Neither","Blue",12,5,5,3,0,15781,6.8,17614,203,60,-1980,-1595,46,1,9,11,0,17761,7.2,19209,228,44,0,-34,4,-4,-8,-25,16,-0.4
"8786","Red","Red","Blue","Red",16,4,3,2,0,15524,6.6,17326,217,58,-645,-1495,41,1,6,5,0,16169,7.2,18821,200,70,0,-25,3,-3,-3,17,-12,-0.600000000000001
"8787","Blue","Neither","Neither","Red",16,2,7,4,0,15473,6.8,17556,195,48,-1174,-778,14,3,6,5,0,16647,7.2,18334,221,38,0,2,-1,1,-1,-26,10,-0.4
"8788","Red","Neither","Neither","Blue",16,0,10,10,0,18034,6.8,17170,211,43,1179,-675,16,2,9,11,0,16855,7,17845,222,32,0,0,-2,1,-1,-11,11,-0.2
"8789","Blue","Blue","Red","Blue",38,4,8,9,0,16646,7,17451,188,51,1308,1296,16,1,5,7,0,15338,6.4,16155,227,40,0,22,3,3,2,-39,11,0.6
"8790","Red","Blue","Neither","Blue",18,4,10,7,0,18185,7,19320,213,56,1340,1318,30,3,7,4,0,16845,6.8,18002,216,56,0,-12,1,3,3,-3,0,0.2
"8791","Red","Red","Neither","Blue",14,3,3,3,0,15761,7,18094,239,43,-983,-1574,15,2,6,11,0,16744,7.2,19668,218,73,0,-1,1,-3,-8,21,-30,-0.2
"8792","Blue","Blue","Blue","Blue",15,1,5,2,0,16243,7.4,19006,245,59,855,2880,17,3,3,4,0,15388,6.4,16126,204,50,0,-2,-2,2,-2,41,9,1
"8793","Red","Red","Blue","Red",20,6,8,10,1,18909,7.2,18843,237,40,3023,2115,18,3,6,7,0,15886,6.6,16728,211,44,1,2,3,2,3,26,-4,0.600000000000001
"8794","Red","Neither","Neither","Red",15,5,8,8,0,17014,6.6,17257,221,33,-426,-1055,17,2,8,8,0,17440,6.8,18312,204,46,0,-2,3,0,0,17,-13,-0.2
"8795","Blue","Blue","Blue","Blue",14,0,12,10,0,18820,7.4,19789,207,71,1991,2474,11,1,7,7,0,16829,6.8,17315,207,40,0,3,-1,5,3,0,31,0.600000000000001
"8796","Blue","Blue","Neither","Blue",8,1,8,7,0,18257,7,19371,246,60,3149,1513,15,1,4,1,0,15108,6.8,17858,227,61,0,-7,0,4,6,19,-1,0.2
"8797","Red","Neither","Red","Blue",36,1,1,0,0,13860,6.4,16122,203,49,-5214,-3160,13,4,9,10,1,19074,7.2,19282,233,43,-1,23,-3,-8,-10,-30,6,-0.8
"8798","Blue","Red","Neither","Red",22,5,4,4,0,14942,6.6,17678,200,51,-763,395,41,4,4,9,0,15705,6.8,17283,241,50,0,-19,1,0,-5,-41,1,-0.2
"8799","Red","Red","Neither","Red",15,3,3,3,0,14056,6.6,16342,193,50,-2129,-1542,18,2,7,12,0,16185,7,17884,217,34,0,-3,1,-4,-9,-24,16,-0.4
"8800","Blue","Blue","Neither","Red",19,2,11,10,0,18534,7.2,19784,208,56,2361,2489,16,2,4,6,0,16173,6.8,17295,233,48,0,3,0,7,4,-25,8,0.4
"8801","Red","Blue","Neither","Blue",15,2,6,4,0,16118,6.8,17602,200,48,-1209,-1556,17,3,8,7,0,17327,7.4,19158,251,42,0,-2,-1,-2,-3,-51,6,-0.600000000000001
"8802","Blue","Red","Blue","Red",17,4,5,7,0,17135,7.4,19139,242,52,1046,815,19,3,5,6,0,16089,7,18324,233,48,0,-2,1,0,1,9,4,0.4
"8803","Red","Red","Blue","Red",17,3,4,4,0,15293,6.8,17145,192,64,-1809,-1431,41,2,7,11,0,17102,7,18576,215,52,0,-24,1,-3,-7,-23,12,-0.2
"8804","Red","Red","Neither","Blue",21,1,5,5,0,15555,6.4,15866,200,35,-2286,-3935,16,3,9,7,0,17841,7.6,19801,220,82,0,5,-2,-4,-2,-20,-47,-1.2
"8805","Blue","Red","Neither","Red",18,3,13,11,0,19907,7.6,20865,231,52,3079,2098,17,1,7,7,0,16828,7,18767,186,75,0,1,2,6,4,45,-23,0.6
"8806","Blue","Blue","Neither","Red",46,1,4,4,0,15593,6.8,16199,204,4,-3101,-2897,13,1,10,8,0,18694,7,19096,223,48,0,33,0,-6,-4,-19,-44,-0.2
"8807","Blue","Blue","Neither","Blue",14,16,5,7,0,16305,7,18828,191,80,713,851,33,1,3,2,0,15592,6.8,17977,229,47,0,-19,15,2,5,-38,33,0.2
"8808","Blue","Red","Red","Blue",24,2,5,7,0,16344,7.2,19039,238,52,1108,19,38,2,3,1,0,15236,7,19020,244,54,0,-14,0,2,6,-6,-2,0.2
"8809","Blue","Blue","Neither","Red",17,0,10,5,0,18863,7.2,19070,228,68,4747,2924,11,0,3,5,0,14116,6.6,16146,189,43,0,6,0,7,0,39,25,0.600000000000001
"8810","Blue","Blue","Neither","Blue",18,5,10,11,0,18266,7.2,19333,239,40,3160,2461,17,4,4,6,0,15106,6.8,16872,206,47,0,1,1,6,5,33,-7,0.4
"8811","Red","Red","Neither","Blue",16,3,2,2,0,14528,6.8,16573,203,57,-2377,-2338,19,5,6,5,0,16905,7.2,18911,251,53,0,-3,-2,-4,-3,-48,4,-0.4
"8812","Blue","Red","Blue","Blue",20,2,7,6,0,17131,6.6,17701,229,36,1254,-81,13,2,6,3,0,15877,6.8,17782,199,62,0,7,0,1,3,30,-26,-0.2
"8813","Blue","Blue","Neither","Red",14,3,12,18,0,19273,7.2,18465,226,60,5784,4755,11,1,2,2,0,13489,6,13710,168,52,0,3,2,10,16,58,8,1.2
"8814","Blue","Red","Neither","Red",13,5,4,1,0,15555,7.2,19127,254,51,1019,1368,23,1,2,2,0,14536,7,17759,217,60,0,-10,4,2,-1,37,-9,0.2
"8815","Blue","Blue","Red","Blue",14,5,10,9,0,18265,7.2,19323,204,53,2520,3200,17,1,8,7,0,15745,6.4,16123,163,32,0,-3,4,2,2,41,21,0.8
"8816","Blue","Blue","Neither","Blue",16,1,5,6,0,15343,7,17430,210,56,1184,848,25,2,3,3,0,14159,6.4,16582,213,33,0,-9,-1,2,3,-3,23,0.6
"8817","Blue","Red","Neither","Blue",44,4,12,14,0,18631,7.4,19460,245,42,4089,3372,15,6,3,4,0,14542,6.4,16088,193,60,0,29,-2,9,10,52,-18,1
"8818","Red","Red","Neither","Blue",17,1,8,9,0,17245,6.8,17559,207,32,-1300,-1355,11,2,8,8,0,18545,7,18914,244,52,0,6,-1,0,1,-37,-20,-0.2
"8819","Blue","Neither","Neither","Blue",12,5,9,7,0,17670,7,18217,201,72,32,-952,20,1,8,9,0,17638,7.4,19169,247,52,0,-8,4,1,-2,-46,20,-0.4
"8820","Blue","Neither","Red","Blue",18,4,7,6,1,18100,7,18030,197,48,2690,236,15,3,3,3,0,15410,6.8,17794,211,60,1,3,1,4,3,-14,-12,0.2
"8821","Blue","Blue","Neither","Red",17,0,8,11,0,17499,7.4,18873,217,56,2282,1265,15,1,2,2,0,15217,7,17608,237,56,0,2,-1,6,9,-20,0,0.4
"8822","Red","Blue","Neither","Blue",14,5,9,11,0,16940,7,18041,191,40,-896,-393,19,3,8,8,0,17836,7,18434,235,45,0,-5,2,1,3,-44,-5,0
"8823","Blue","Red","Neither","Blue",17,3,7,9,0,17960,7,17948,226,71,2873,1850,55,4,5,9,0,15087,6.4,16098,193,51,0,-38,-1,2,0,33,20,0.6
"8824","Red","Red","Neither","Red",15,4,5,4,0,15637,6.6,16547,205,46,-1960,-709,21,2,7,8,1,17597,6.8,17256,223,43,-1,-6,2,-2,-4,-18,3,-0.2
"8825","Blue","Blue","Neither","Blue",84,3,9,4,0,18726,7.4,20142,257,51,2673,2723,38,2,6,11,0,16053,6.8,17419,196,52,0,46,1,3,-7,61,-1,0.600000000000001
"8826","Blue","Red","Red","Blue",38,3,6,11,0,17244,7.2,18750,221,51,1091,1084,15,2,6,12,0,16153,6.8,17666,235,48,0,23,1,0,-1,-14,3,0.4
"8827","Blue","Blue","Neither","Red",16,4,5,2,0,15038,6.8,17122,194,45,-2755,-869,22,2,9,11,0,17793,6.8,17991,218,46,0,-6,2,-4,-9,-24,-1,0
"8828","Red","Red","Neither","Red",15,1,8,8,0,17490,7.2,18680,198,52,-905,-29,11,1,10,12,0,18395,7.2,18709,196,64,0,4,0,-2,-4,2,-12,0
"8829","Red","Neither","Neither","Red",17,3,7,4,0,15970,6.8,17608,196,55,-2046,-691,15,2,10,10,0,18016,7,18299,226,40,0,2,1,-3,-6,-30,15,-0.2
"8830","Blue","Blue","Neither","Red",15,3,4,3,0,16435,7.4,19956,250,63,1527,1629,13,2,1,0,0,14908,7,18327,228,56,0,2,1,3,3,22,7,0.4
"8831","Blue","Red","Neither","Red",20,6,9,8,0,17562,6.6,17442,203,50,1975,812,19,3,5,5,0,15587,6.6,16630,208,42,0,1,3,4,3,-5,8,0
"8832","Red","Red","Neither","Red",13,3,7,8,0,16786,6.6,16781,189,60,-1739,-838,16,2,11,16,0,18525,7,17619,196,52,0,-3,1,-4,-8,-7,8,-0.4
"8833","Red","Neither","Neither","Blue",50,1,7,5,1,18193,7,18289,225,52,4939,2073,193,0,1,0,0,13254,6.6,16216,175,66,1,-143,1,6,5,50,-14,0.4
"8834","Red","Red","Neither","Blue",18,1,4,2,0,16061,7,17642,230,52,-717,-997,15,6,7,8,0,16778,7,18639,236,56,0,3,-5,-3,-6,-6,-4,0
"8835","Red","Neither","Neither","Red",17,3,10,10,0,17517,7.4,19291,179,56,-1567,505,15,3,12,13,0,19084,7,18786,219,32,0,2,0,-2,-3,-40,24,0.4
"8836","Blue","Blue","Neither","Blue",22,9,7,12,0,17696,7.2,18389,223,55,3650,2712,19,6,1,1,0,14046,6.2,15677,237,32,0,3,3,6,11,-14,23,1
"8837","Red","Red","Neither","Blue",14,2,6,5,0,15777,7,17772,215,37,-2930,136,14,1,11,8,0,18707,6.8,17636,215,42,0,0,1,-5,-3,0,-5,0.2
"8838","Red","Red","Neither","Red",14,1,5,3,0,14494,6.6,15666,181,36,-5290,-3110,12,2,17,14,0,19784,7.2,18776,192,48,0,2,-1,-12,-11,-11,-12,-0.600000000000001
"8839","Red","Blue","Neither","Blue",11,3,8,8,0,18385,7.2,19050,244,57,2957,1677,13,4,4,6,0,15428,6.8,17373,210,46,0,-2,-1,4,2,34,11,0.4
"8840","Red","Neither","Neither","Blue",44,3,3,3,0,15081,6.8,17777,206,50,-66,815,16,3,3,6,0,15147,7,16962,215,45,0,28,0,0,-3,-9,5,-0.2
"8841","Blue","Neither","Neither","Blue",15,0,7,8,0,16702,6.8,17865,203,54,1713,1391,15,4,3,6,0,14989,6.6,16474,228,42,0,0,-4,4,2,-25,12,0.2
"8842","Blue","Red","Blue","Red",19,6,6,5,0,17481,7.4,19040,248,39,1784,1193,18,5,4,3,0,15697,7,17847,216,60,0,1,1,2,2,32,-21,0.4
"8843","Blue","Neither","Neither","Blue",14,7,7,7,0,16445,7,18995,224,40,214,1568,20,2,6,5,0,16231,6.8,17427,215,53,0,-6,5,1,2,9,-13,0.2
"8844","Red","Red","Red","Red",14,4,5,4,0,14387,6.4,15777,158,48,-3214,-2195,16,2,7,10,0,17601,7,17972,226,42,0,-2,2,-2,-6,-68,6,-0.6
"8845","Blue","Blue","Blue","Blue",35,4,5,5,1,18261,7.4,19979,248,67,4062,2618,37,20,0,0,0,14199,6.8,17361,228,60,1,-2,-16,5,5,20,7,0.600000000000001
"8846","Blue","Blue","Blue","Blue",23,3,11,6,1,20151,7.4,20475,261,72,4296,3034,17,0,5,9,0,15855,6.8,17441,173,75,1,6,3,6,-3,88,-3,0.600000000000001
"8847","Blue","Red","Blue","Blue",40,0,7,7,0,16232,7,18631,200,52,319,1559,14,12,5,4,0,15913,6.8,17072,224,51,0,26,-12,2,3,-24,1,0.2
"8848","Blue","Red","Neither","Red",16,3,1,0,0,13775,7,17208,206,61,-2217,-715,18,4,6,6,0,15992,6.8,17923,242,40,0,-2,-1,-5,-6,-36,21,0.2
"8849","Red","Blue","Neither","Red",20,5,3,4,0,14771,6.8,17669,234,52,-916,190,19,5,3,5,0,15687,6.8,17479,242,42,0,1,0,0,-1,-8,10,0
"8850","Blue","Red","Blue","Blue",15,4,2,2,0,15538,6.8,18222,264,57,982,682,16,6,1,1,0,14556,6.8,17540,258,48,0,-1,-2,1,1,6,9,0
"8851","Red","Neither","Neither","Red",15,5,12,22,0,19390,7.2,18011,200,40,993,425,20,4,10,12,0,18397,7,17586,190,36,0,-5,1,2,10,10,4,0.2
"8852","Blue","Blue","Red","Red",16,7,6,8,0,16474,6.8,17494,209,36,-912,-739,19,6,6,12,0,17386,7,18233,244,60,0,-3,1,0,-4,-35,-24,-0.2
"8853","Blue","Blue","Neither","Blue",15,2,11,13,0,19267,7.6,20141,230,58,4538,3583,12,1,3,3,0,14729,6.4,16558,201,57,0,3,1,8,10,29,1,1.2
"8854","Red","Red","Red","Blue",26,3,6,5,0,16367,7,17910,218,56,-1761,-226,14,1,6,4,1,18128,7,18136,233,54,-1,12,2,0,1,-15,2,0
"8855","Blue","Red","Blue","Red",15,3,7,8,0,16066,6.8,18218,195,48,-1826,-3,61,2,9,11,0,17892,7,18221,183,52,0,-46,1,-2,-3,12,-4,-0.2
"8856","Red","Red","Neither","Red",18,5,3,3,0,14790,6.4,16619,217,37,-1967,-1292,19,2,8,11,0,16757,7,17911,204,52,0,-1,3,-5,-8,13,-15,-0.6
"8857","Red","Red","Neither","Red",15,0,1,1,0,14417,7,17488,237,61,-2984,-1466,13,1,6,10,0,17401,7,18954,248,54,0,2,-1,-5,-9,-11,7,0
"8858","Red","Red","Neither","Red",23,1,6,3,0,16365,6.8,18280,195,71,94,1896,18,3,8,8,0,16271,6.6,16384,191,50,0,5,-2,-2,-5,4,21,0.2
"8859","Blue","Red","Blue","Blue",56,6,7,9,0,16647,6.6,17867,214,60,-206,-363,16,5,6,10,0,16853,7,18230,238,39,0,40,1,1,-1,-24,21,-0.4
"8860","Red","Blue","Neither","Red",81,2,3,3,0,15058,6.8,17113,223,55,-2588,-497,14,0,7,3,1,17646,6.8,17610,223,44,-1,67,2,-4,0,0,11,0
"8861","Red","Red","Blue","Red",15,6,10,9,1,20419,7.6,20428,246,53,5113,4028,50,1,5,5,0,15306,6.6,16400,186,40,1,-35,5,5,4,60,13,1
"8862","Red","Blue","Neither","Blue",15,1,5,6,0,16224,6.8,18284,254,53,586,348,16,1,3,3,0,15638,6.8,17936,245,50,0,-1,0,2,3,9,3,0
"8863","Red","Blue","Neither","Blue",21,0,8,9,0,16338,6.4,16019,191,32,-577,-2221,15,2,6,5,0,16915,7.2,18240,204,64,0,6,-2,2,4,-13,-32,-0.8
"8864","Blue","Blue","Blue","Blue",46,0,10,7,3,19557,7,18070,191,51,4380,3242,9,2,2,4,1,15177,6,14828,184,49,2,37,-2,8,3,7,2,1
"8865","Red","Red","Neither","Red",16,1,4,1,0,14125,6.6,16758,170,44,-2858,-520,17,0,7,9,0,16983,7,17278,224,48,0,-1,1,-3,-8,-54,-4,-0.4
"8866","Blue","Red","Neither","Red",16,3,3,2,0,15125,6.6,17843,197,80,-712,977,15,4,5,9,0,15837,6.8,16866,216,42,0,1,-1,-2,-7,-19,38,-0.2
"8867","Red","Red","Red","Blue",14,7,7,11,0,17297,7,18422,228,51,-2526,-1811,17,3,10,11,1,19823,7.4,20233,221,47,-1,-3,4,-3,0,7,4,-0.4
"8868","Blue","Blue","Neither","Blue",54,4,7,6,0,16437,6.8,16958,195,48,-222,17,18,6,9,12,0,16659,6.8,16941,208,34,0,36,-2,-2,-6,-13,14,0
"8869","Blue","Red","Neither","Red",36,2,5,5,0,15689,6.6,16026,187,48,-1544,-792,38,4,7,6,1,17233,6.6,16818,180,53,-1,-2,-2,-2,-1,7,-5,0
"8870","Blue","Red","Red","Red",17,3,5,7,0,16281,6.8,17598,216,46,127,-941,16,6,7,10,0,16154,7,18539,194,48,0,1,-3,-2,-3,22,-2,-0.2
"8871","Blue","Red","Neither","Blue",17,1,10,11,0,17464,7,18187,217,35,1579,-171,11,3,4,5,0,15885,6.8,18358,205,68,0,6,-2,6,6,12,-33,0.2
"8872","Blue","Red","Blue","Blue",12,1,9,8,1,19978,7.4,19500,251,54,5201,1656,36,2,4,2,0,14777,7,17844,179,52,1,-24,-1,5,6,72,2,0.4
"8873","Blue","Blue","Neither","Blue",14,3,10,15,0,18142,7.2,18432,224,53,3680,2530,15,2,2,1,0,14462,6.6,15902,190,53,0,-1,1,8,14,34,0,0.600000000000001
"8874","Blue","Blue","Blue","Blue",40,4,8,6,1,18375,7.2,19454,222,51,4941,3427,15,2,1,2,0,13434,6.6,16027,200,48,1,25,2,7,4,22,3,0.600000000000001
"8875","Blue","Neither","Neither","Red",15,0,6,5,0,16507,7,18941,216,65,479,350,39,1,6,6,0,16028,7.2,18591,212,52,0,-24,-1,0,-1,4,13,-0.2
"8876","Blue","Blue","Neither","Red",18,0,3,6,0,14988,6.4,15830,214,52,-1093,-1958,13,5,4,4,0,16081,6.8,17788,237,44,0,5,-5,-1,2,-23,8,-0.399999999999999
"8877","Red","Blue","Neither","Red",76,6,5,4,0,16203,7,18321,228,51,2,-365,19,5,5,6,0,16201,7,18686,228,53,0,57,1,0,-2,0,-2,0
"8878","Blue","Neither","Neither","Red",20,3,5,5,0,16522,7,18641,236,57,1958,2380,15,2,4,5,0,14564,6.6,16261,195,44,0,5,1,1,0,41,13,0.4
"8879","Red","Red","Neither","Blue",13,5,12,11,0,18306,6.6,16973,214,34,1898,274,18,3,7,10,0,16408,6.4,16699,197,49,0,-5,2,5,1,17,-15,0.199999999999999
"8880","Red","Red","Neither","Blue",53,5,10,10,0,17573,7,17180,205,42,-81,-1466,15,7,8,6,0,17654,7,18646,227,57,0,38,-2,2,4,-22,-15,0
"8881","Blue","Blue","Blue","Blue",14,1,8,4,1,17827,7.2,19215,229,44,3073,1928,7,1,3,2,0,14754,6.8,17287,182,54,1,7,0,5,2,47,-10,0.4
"8882","Red","Blue","Neither","Blue",16,2,5,3,0,16182,7,17560,204,46,-320,-120,17,0,9,11,0,16502,7,17680,195,36,0,-1,2,-4,-8,9,10,0
"8883","Red","Blue","Neither","Red",22,2,3,3,0,15309,6.8,17455,245,49,-1069,-298,18,7,5,5,0,16378,6.8,17753,241,51,0,4,-5,-2,-2,4,-2,0
"8884","Red","Red","Neither","Red",68,2,4,8,0,15594,7,17492,233,52,366,1230,42,5,5,4,0,15228,6.8,16262,205,40,0,26,-3,-1,4,28,12,0.2
"8885","Blue","Neither","Neither","Blue",16,2,10,12,0,18340,7,18533,201,54,1899,896,16,2,9,9,0,16441,6.8,17637,198,40,0,0,0,1,3,3,14,0.2
"8886","Blue","Blue","Blue","Red",37,3,6,7,1,17486,7.2,17915,215,52,1389,490,17,3,5,5,0,16097,6.8,17425,198,71,1,20,0,1,2,17,-19,0.4
"8887","Blue","Neither","Neither","Blue",21,2,8,8,0,16911,6.6,17768,207,52,-1165,729,13,2,9,11,0,18076,6.6,17039,201,52,0,8,0,-1,-3,6,0,0
"8888","Red","Neither","Blue","Blue",18,6,7,5,1,18107,7,18102,236,46,2002,301,34,2,5,6,0,16105,6.6,17801,217,68,1,-16,4,2,-1,19,-22,0.4
"8889","Red","Neither","Neither","Red",16,6,7,4,0,16649,7.2,18909,230,48,-360,658,34,2,9,13,0,17009,6.8,18251,203,37,0,-18,4,-2,-9,27,11,0.4
"8890","Blue","Neither","Neither","Blue",40,1,9,7,0,18322,7.4,20963,258,68,4100,4903,38,11,3,1,0,14222,6.4,16060,204,41,0,2,-10,6,6,54,27,1
"8891","Red","Blue","Neither","Blue",16,0,9,6,0,17366,6.8,17609,213,51,629,-887,33,3,5,4,0,16737,7,18496,223,60,0,-17,-3,4,2,-10,-9,-0.2
"8892","Red","Red","Blue","Red",46,2,3,0,0,14984,7,18050,235,64,-1287,-746,19,3,6,3,0,16271,7,18796,237,58,0,27,-1,-3,-3,-2,6,0
"8893","Blue","Neither","Neither","Red",19,6,11,15,0,18945,7,18908,241,35,3107,2132,66,3,5,9,0,15838,6.8,16776,199,52,0,-47,3,6,6,42,-17,0.2
"8894","Red","Red","Neither","Red",15,5,8,6,0,17851,7.4,19947,257,44,1051,1224,17,4,5,4,0,16800,7.2,18723,247,68,0,-2,1,3,2,10,-24,0.2
"8895","Red","Red","Neither","Red",16,1,7,8,0,16900,6.8,16827,161,47,-1920,-3055,17,5,10,8,0,18820,7.2,19882,225,70,0,-1,-4,-3,0,-64,-23,-0.4
"8896","Red","Neither","Neither","Red",42,3,3,4,0,14923,7,17661,229,48,-1899,-2290,51,2,4,4,0,16822,7.2,19951,244,64,0,-9,1,-1,0,-15,-16,-0.2
"8897","Red","Red","Neither","Blue",14,4,5,3,0,14790,6.6,16593,185,42,-3951,-2608,32,2,11,15,0,18741,7.2,19201,225,51,0,-18,2,-6,-12,-40,-9,-0.600000000000001
"8898","Blue","Neither","Neither","Blue",16,2,7,7,0,18035,7,18668,250,48,1977,1635,13,2,6,13,0,16058,6.8,17033,183,47,0,3,0,1,-6,67,1,0.2
"8899","Blue","Blue","Neither","Blue",99,7,6,7,0,17193,7.4,18554,257,55,577,1371,22,3,7,8,0,16616,6.8,17183,228,47,0,77,4,-1,-1,29,8,0.600000000000001
"8900","Blue","Neither","Neither","Blue",15,4,13,11,0,19536,7.6,20584,217,58,5452,4510,17,2,3,3,0,14084,6.4,16074,178,44,0,-2,2,10,8,39,14,1.2
"8901","Red","Blue","Blue","Red",50,4,5,7,0,16444,7.4,18995,229,63,1415,1951,16,3,2,3,0,15029,6.8,17044,225,53,0,34,1,3,4,4,10,0.600000000000001
"8902","Red","Red","Neither","Red",20,2,1,2,0,13177,6.2,15610,177,48,-7314,-6034,21,6,11,13,0,20491,7.8,21644,258,68,0,-1,-4,-10,-11,-81,-20,-1.6
"8903","Blue","Blue","Neither","Blue",20,0,13,20,0,17564,6.6,15596,167,28,2032,1193,18,2,8,10,0,15532,6,14403,170,34,0,2,-2,5,10,-3,-6,0.6
"8904","Red","Blue","Red","Blue",16,0,10,12,0,17281,7,17509,203,39,-1125,-1326,13,1,8,6,1,18406,7,18835,229,40,-1,3,-1,2,6,-26,-1,0
"8905","Red","Red","Neither","Red",18,1,4,7,0,15818,6.8,17864,233,47,-60,1347,62,3,7,13,0,15878,6.6,16517,186,36,0,-44,-2,-3,-6,47,11,0.2
"8906","Red","Red","Neither","Red",17,2,5,8,0,16208,7,18110,218,54,-1656,-1363,12,3,7,7,0,17864,7.2,19473,242,73,0,5,-1,-2,1,-24,-19,-0.2
"8907","Red","Red","Blue","Blue",136,7,6,3,1,17174,7,18458,231,49,507,510,38,2,5,5,0,16667,7,17948,233,57,1,98,5,1,-2,-2,-8,0
"8908","Blue","Blue","Neither","Red",17,1,10,11,0,17920,7,18730,224,51,2536,746,37,4,5,5,0,15384,7,17984,220,48,0,-20,-3,5,6,4,3,0
"8909","Blue","Blue","Neither","Red",16,4,6,5,0,15882,7.2,18675,198,68,-1019,-361,15,3,7,5,0,16901,7,19036,240,56,0,1,1,-1,0,-42,12,0.2
"8910","Red","Red","Red","Red",14,1,6,6,0,15801,6.6,17010,209,49,-1603,-809,14,3,11,12,0,17404,7,17819,204,34,0,0,-2,-5,-6,5,15,-0.4
"8911","Red","Neither","Neither","Blue",39,5,10,13,0,18866,7.4,19651,252,51,3412,2086,18,3,5,8,0,15454,7,17565,207,49,0,21,2,5,5,45,2,0.4
"8912","Red","Blue","Blue","Blue",19,6,1,1,0,14056,6.6,16260,223,50,-1903,-2537,22,5,4,3,0,15959,7,18797,231,55,0,-3,1,-3,-2,-8,-5,-0.4
"8913","Red","Blue","Red","Red",42,8,5,4,0,15876,6.8,17206,224,39,-2266,-2047,20,5,10,9,0,18142,7.2,19253,221,60,0,22,3,-5,-5,3,-21,-0.4
"8914","Red","Neither","Blue","Blue",15,0,3,2,0,15567,7,18798,232,52,62,1348,12,0,3,5,0,15505,7,17450,237,56,0,3,0,0,-3,-5,-4,0
"8915","Red","Red","Red","Red",13,1,5,8,0,15979,6.8,16648,190,39,-3456,-1429,15,1,11,15,0,19435,7,18077,189,44,0,-2,0,-6,-7,1,-5,-0.2
"8916","Red","Blue","Neither","Red",16,2,6,4,0,16398,6.6,17974,236,53,768,505,56,5,5,5,0,15630,7,17469,218,49,0,-40,-3,1,-1,18,4,-0.4
"8917","Red","Red","Blue","Blue",48,2,4,3,0,15721,7.2,18756,213,64,-1050,89,18,0,4,6,0,16771,7.2,18667,238,56,0,30,2,0,-3,-25,8,0
"8918","Red","Red","Neither","Red",15,4,2,1,0,14206,6.6,16793,200,50,-3427,-1792,19,1,8,7,0,17633,7,18585,253,48,0,-4,3,-6,-6,-53,2,-0.4
"8919","Blue","Blue","Red","Blue",12,3,15,18,1,20844,7.2,18777,250,39,6672,3761,22,1,5,4,0,14172,6,15016,171,44,1,-10,2,10,14,79,-5,1.2
"8920","Blue","Blue","Neither","Blue",13,2,8,9,0,17428,7.2,19729,220,50,2087,2578,17,4,3,2,0,15341,6.8,17151,229,65,0,-4,-2,5,7,-9,-15,0.4
"8921","Blue","Red","Neither","Red",18,2,7,10,0,16879,7.2,18526,211,52,2053,1126,15,3,2,3,0,14826,6.8,17400,232,64,0,3,-1,5,7,-21,-12,0.4
"8922","Blue","Blue","Neither","Blue",24,0,8,9,1,17422,6.8,17192,211,24,2394,-1292,36,5,2,3,0,15028,7,18484,210,76,1,-12,-5,6,6,1,-52,-0.2
"8923","Red","Neither","Neither","Red",14,1,3,3,0,15255,7,18312,228,45,-112,233,39,1,3,3,0,15367,7,18079,234,56,0,-25,0,0,0,-6,-11,0
"8924","Red","Blue","Neither","Red",35,3,6,8,0,16978,7.2,19145,205,55,-1712,-394,20,2,9,16,0,18690,7.4,19539,208,56,0,15,1,-3,-8,-3,-1,-0.2
"8925","Red","Blue","Neither","Red",14,3,6,9,0,15738,6.6,16512,188,53,-2550,-1985,15,1,9,6,0,18288,7,18497,224,57,0,-1,2,-3,3,-36,-4,-0.4
"8926","Red","Red","Neither","Red",14,2,9,8,0,17079,7,18150,203,47,899,295,101,4,6,7,0,16180,7,17855,225,36,0,-87,-2,3,1,-22,11,0
"8927","Blue","Neither","Neither","Blue",16,2,1,1,0,14761,7,17655,230,56,-294,-1277,53,1,4,4,0,15055,7.2,18932,193,52,0,-37,1,-3,-3,37,4,-0.2
"8928","Blue","Blue","Red","Blue",17,3,12,10,0,19724,7.8,20621,263,49,4999,3308,19,4,4,4,0,14725,6.6,17313,148,73,0,-2,-1,8,6,115,-24,1.2
"8929","Red","Blue","Neither","Blue",16,4,8,12,0,17479,7.2,19021,243,48,2143,1315,17,5,3,4,0,15336,7,17706,203,44,0,-1,-1,5,8,40,4,0.2
"8930","Blue","Blue","Blue","Red",15,2,16,17,0,20344,7,18646,193,48,3175,1975,43,1,10,11,0,17169,6.6,16671,162,32,0,-28,1,6,6,31,16,0.4
"8931","Red","Red","Neither","Red",17,3,2,2,0,15141,7.2,18537,230,62,-2506,-1979,41,4,6,9,0,17647,7.6,20516,250,70,0,-24,-1,-4,-7,-20,-8,-0.399999999999999
"8932","Red","Red","Neither","Red",17,2,4,5,0,15793,6.8,17950,246,40,848,463,49,2,3,3,0,14945,7,17487,210,52,0,-32,0,1,2,36,-12,-0.2
"8933","Blue","Red","Neither","Blue",16,5,6,4,0,15653,6.6,16241,203,40,-2026,-1235,20,5,9,14,0,17679,7,17476,216,51,0,-4,0,-3,-10,-13,-11,-0.4
"8934","Blue","Blue","Neither","Blue",14,2,5,4,0,15836,7,18174,223,44,813,487,14,1,3,3,0,15023,6.8,17687,219,64,0,0,1,2,1,4,-20,0.2
"8935","Blue","Red","Red","Blue",17,0,4,4,0,14673,6.4,16034,183,47,-110,-1469,14,3,2,3,0,14783,6.8,17503,214,56,0,3,-3,2,1,-31,-9,-0.399999999999999
"8936","Blue","Red","Neither","Blue",18,5,10,11,0,18270,7,18656,249,41,3134,1069,41,3,4,1,0,15136,7,17587,217,52,0,-23,2,6,10,32,-11,0
"8937","Red","Neither","Red","Blue",19,5,13,19,0,19362,6.6,17316,195,28,965,1856,16,2,12,20,0,18397,6.4,15460,180,40,0,3,3,1,-1,15,-12,0.199999999999999
"8938","Red","Blue","Neither","Blue",14,4,5,6,0,15820,6.8,17954,200,59,40,1340,31,3,6,8,0,15780,6.6,16614,212,48,0,-17,1,-1,-2,-12,11,0.2
"8939","Blue","Blue","Red","Blue",18,2,5,5,0,16583,6.8,17825,219,60,961,-900,13,1,3,2,0,15622,7,18725,234,64,0,5,1,2,3,-15,-4,-0.2
"8940","Blue","Blue","Red","Blue",16,1,9,6,0,18558,7.2,19625,269,51,3958,3881,12,1,3,4,0,14600,6.4,15744,194,43,0,4,0,6,2,75,8,0.8
"8941","Blue","Red","Neither","Blue",17,3,6,7,0,17477,7,19006,232,64,1814,73,14,0,4,4,0,15663,7,18933,210,72,0,3,3,2,3,22,-8,0
"8942","Blue","Red","Red","Blue",14,2,3,2,0,14935,7,18365,198,59,-3469,-1687,13,3,7,9,0,18404,7.2,20052,263,72,0,1,-1,-4,-7,-65,-13,-0.2
"8943","Blue","Red","Blue","Blue",18,2,14,10,0,19203,7.4,20047,220,49,3548,3559,16,1,6,7,0,15655,6.6,16488,204,30,0,2,1,8,3,16,19,0.800000000000001
"8944","Blue","Neither","Neither","Blue",12,4,6,3,0,16701,6.8,17820,237,40,882,450,18,2,6,5,0,15819,6.8,17370,192,56,0,-6,2,0,-2,45,-16,0
"8945","Red","Red","Blue","Blue",68,2,13,19,0,17529,6.8,17038,138,40,1530,-1195,17,5,3,2,0,15999,6.8,18233,243,63,0,51,-3,10,17,-105,-23,0
"8946","Red","Neither","Neither","Red",19,4,4,5,0,15264,6.4,16327,208,44,-3212,-1661,19,5,8,10,0,18476,7,17988,217,42,0,0,-1,-4,-5,-9,2,-0.6
"8947","Red","Blue","Neither","Blue",55,2,8,7,0,17403,7.4,19112,215,47,1518,1874,17,1,6,9,0,15885,6.6,17238,192,40,0,38,1,2,-2,23,7,0.800000000000001
"8948","Blue","Red","Blue","Blue",18,3,4,2,0,15500,6.8,17374,218,56,-1006,-1606,45,3,6,5,0,16506,7.2,18980,221,48,0,-27,0,-2,-3,-3,8,-0.4
"8949","Red","Red","Neither","Red",26,2,2,5,0,12886,6,14091,165,32,-3117,-3799,13,4,5,4,0,16003,6.8,17890,206,60,0,13,-2,-3,1,-41,-28,-0.8
"8950","Blue","Blue","Neither","Blue",17,2,6,7,1,17780,7.2,18440,221,48,3170,2080,12,2,3,4,0,14610,6.4,16360,213,41,1,5,0,3,3,8,7,0.8
"8951","Blue","Red","Red","Red",17,1,3,2,0,15632,7,18400,232,72,-1822,-1467,16,4,7,6,0,17454,7.4,19867,244,52,0,1,-3,-4,-4,-12,20,-0.4
"8952","Blue","Blue","Neither","Blue",17,2,6,5,0,16230,6.8,17203,190,59,-726,-1249,16,1,7,12,0,16956,7.2,18452,230,53,0,1,1,-1,-7,-40,6,-0.4
"8953","Blue","Blue","Neither","Red",14,1,4,4,0,15346,7,18388,232,52,1342,1886,14,0,2,2,0,14004,6.6,16502,206,40,0,0,1,2,2,26,12,0.4
"8954","Red","Blue","Neither","Blue",21,3,3,4,0,15718,7,17991,250,53,1464,925,92,5,2,4,0,14254,6.6,17066,215,52,0,-71,-2,1,0,35,1,0.4
"8955","Blue","Blue","Neither","Blue",76,3,6,9,0,17620,7,19434,233,64,2387,1411,18,1,4,7,0,15233,6.8,18023,201,67,0,58,2,2,2,32,-3,0.2
"8956","Red","Red","Neither","Red",16,2,4,4,0,14958,6.8,16993,207,47,-4629,-3393,55,4,13,16,0,19587,7.4,20386,239,46,0,-39,-2,-9,-12,-32,1,-0.600000000000001
"8957","Red","Red","Neither","Red",17,1,2,2,0,14025,6.6,16510,205,51,-2846,-1964,22,2,6,4,0,16871,6.8,18474,218,64,0,-5,-1,-4,-2,-13,-13,-0.2
"8958","Blue","Blue","Blue","Blue",48,3,4,3,0,15656,7,17844,227,48,85,-706,18,3,3,3,0,15571,7,18550,217,63,0,30,0,1,0,10,-15,0
"8959","Red","Red","Red","Blue",20,1,9,10,0,17155,6.6,16245,183,32,-4473,-2976,15,4,14,16,1,21628,7,19221,214,51,-1,5,-3,-5,-6,-31,-19,-0.4
"8960","Blue","Blue","Neither","Blue",14,4,8,7,0,16595,7.2,18940,210,55,859,2681,21,1,3,7,0,15736,6.4,16259,203,39,0,-7,3,5,0,7,16,0.8
"8961","Blue","Blue","Red","Blue",20,5,9,13,0,17283,6.6,16810,205,28,-428,5,18,3,8,7,0,17711,6.6,16805,213,36,0,2,2,1,6,-8,-8,0
"8962","Red","Neither","Neither","Red",11,3,5,9,0,15388,6.4,15598,179,39,-4104,-3458,16,3,8,8,1,19492,7.2,19056,264,55,-1,-5,0,-3,1,-85,-16,-0.8
"8963","Red","Neither","Blue","Blue",15,4,11,9,0,17797,7,17892,191,36,354,248,18,2,10,11,0,17443,6.8,17644,198,44,0,-3,2,1,-2,-7,-8,0.2
"8964","Blue","Neither","Neither","Red",22,6,6,6,0,17170,7,18110,243,60,959,2183,17,6,7,10,0,16211,6.4,15927,194,36,0,5,0,-1,-4,49,24,0.6
"8965","Blue","Neither","Neither","Blue",15,0,4,5,0,16729,7,18725,227,48,1970,804,16,1,2,2,0,14759,6.8,17921,228,73,0,-1,-1,2,3,-1,-25,0.2
"8966","Red","Neither","Neither","Blue",11,1,8,6,0,17424,7.2,18146,224,37,-618,-669,17,2,9,8,0,18042,7,18815,223,57,0,-6,-1,-1,-2,1,-20,0.2
"8967","Red","Blue","Blue","Blue",19,2,8,12,0,16912,6.8,17022,213,57,106,-1098,26,4,7,6,0,16806,7,18120,179,60,0,-7,-2,1,6,34,-3,-0.2
"8968","Red","Red","Blue","Blue",64,4,12,18,1,19426,6.8,18749,218,37,4146,3141,21,4,6,8,0,15280,6.4,15608,191,44,1,43,0,6,10,27,-7,0.399999999999999
"8969","Red","Red","Neither","Blue",14,1,5,5,0,16062,6.8,17907,195,61,39,-1075,48,3,4,3,0,16023,7.2,18982,237,61,0,-34,-2,1,2,-42,0,-0.4
"8970","Blue","Red","Blue","Red",10,4,7,4,1,17440,7,18208,197,55,2367,1946,17,3,4,3,0,15073,6.6,16262,178,63,1,-7,1,3,1,19,-8,0.4
"8971","Red","Red","Neither","Blue",17,3,3,3,0,15273,6.6,16831,227,41,-2111,-1607,22,2,11,11,0,17384,6.8,18438,218,48,0,-5,1,-8,-8,9,-7,-0.2
"8972","Blue","Red","Red","Red",16,6,5,5,0,16571,7.2,19112,212,66,-528,1756,19,3,6,7,0,17099,6.6,17356,210,49,0,-3,3,-1,-2,2,17,0.600000000000001
"8973","Blue","Red","Blue","Blue",18,2,10,9,1,19204,7.2,20182,228,59,4424,4969,12,1,5,8,0,14780,6.4,15213,187,36,1,6,1,5,1,41,23,0.8
"8974","Red","Red","Red","Blue",15,0,2,2,0,15210,6.8,17457,222,45,262,-414,15,1,4,5,0,14948,7,17871,216,46,0,0,-1,-2,-3,6,-1,-0.2
"8975","Red","Neither","Neither","Blue",13,4,6,7,0,17190,6.8,17552,226,44,777,576,17,1,8,9,0,16413,6.6,16976,190,30,0,-4,3,-2,-2,36,14,0.2
"8976","Red","Red","Neither","Red",19,5,6,4,0,16839,7,18230,222,57,468,370,19,3,6,8,0,16371,6.8,17860,211,58,0,0,2,0,-4,11,-1,0.2
"8977","Red","Red","Red","Red",21,1,3,2,0,14552,6.6,16760,222,49,-3408,-1490,17,4,7,5,1,17960,7,18250,228,44,-1,4,-3,-4,-3,-6,5,-0.4
"8978","Blue","Blue","Neither","Red",14,0,10,13,0,19359,7.2,19182,243,53,4424,2663,53,4,4,5,0,14935,6.8,16519,189,62,0,-39,-4,6,8,54,-9,0.4
"8979","Blue","Blue","Blue","Blue",22,2,6,4,0,16043,7,18113,213,56,-76,1720,14,1,6,8,0,16119,6.6,16393,206,40,0,8,1,0,-4,7,16,0.4
"8980","Red","Red","Neither","Red",13,1,5,4,0,15723,6.4,15978,196,64,-5601,-4942,15,1,16,22,0,21324,7.6,20920,210,47,0,-2,0,-11,-18,-14,17,-1.2
"8981","Red","Neither","Neither","Red",13,3,6,9,0,17924,7,18749,248,46,870,703,17,1,6,9,0,17054,6.8,18046,241,39,0,-4,2,0,0,7,7,0.2
"8982","Blue","Red","Blue","Blue",15,4,4,2,0,15833,7.2,18396,250,52,904,1043,21,4,3,3,0,14929,6.8,17353,213,64,0,-6,0,1,-1,37,-12,0.4
"8983","Blue","Neither","Blue","Blue",16,2,6,7,0,16691,7.4,19203,226,60,1814,1762,12,2,3,3,0,14877,6.8,17441,214,55,0,4,0,3,4,12,5,0.600000000000001
"8984","Red","Red","Neither","Blue",21,3,1,3,0,15301,7,18098,249,72,166,-436,17,4,1,0,0,15135,6.8,18534,230,60,0,4,-1,0,3,19,12,0.2
"8985","Red","Neither","Red","Blue",18,3,7,6,0,16132,7,17360,207,48,-1211,-2257,35,2,8,9,0,17343,7.2,19617,244,52,0,-17,1,-1,-3,-37,-4,-0.2
"8986","Red","Neither","Red","Blue",14,1,7,7,0,17513,7.2,18336,228,51,1941,846,121,3,6,5,0,15572,6.6,17490,188,48,0,-107,-2,1,2,40,3,0.600000000000001
"8987","Blue","Blue","Neither","Red",16,5,7,9,0,17108,7,18548,230,59,990,1798,51,6,6,6,0,16118,6.6,16750,218,48,0,-35,-1,1,3,12,11,0.4
"8988","Blue","Blue","Blue","Red",23,3,6,8,0,17178,7,18411,234,74,2614,2285,16,2,5,2,0,14564,6.4,16126,170,52,0,7,1,1,6,64,22,0.6
"8989","Red","Red","Neither","Red",18,4,3,3,0,14511,6.6,16462,212,42,-342,-2245,18,2,4,1,0,14853,7.4,18707,212,43,0,0,2,-1,2,0,-1,-0.800000000000001
"8990","Red","Neither","Blue","Red",16,0,1,1,0,13199,6.2,15949,173,49,-6134,-4660,15,1,11,13,0,19333,7.6,20609,255,54,0,1,-1,-10,-12,-82,-5,-1.4
"8991","Blue","Red","Red","Red",52,2,6,12,1,17107,6.8,17665,215,43,-1661,-1259,19,3,5,4,2,18768,7,18924,239,71,-1,33,-1,1,8,-24,-28,-0.2
"8992","Red","Neither","Neither","Red",54,4,6,3,0,14731,6.2,15155,154,44,-6086,-3112,21,5,16,20,0,20817,7,18267,237,32,0,33,-1,-10,-17,-83,12,-0.8
"8993","Red","Red","Red","Blue",28,4,4,6,0,14937,6.8,16417,211,57,-2601,-3694,15,5,7,8,0,17538,7.4,20111,232,60,0,13,-1,-3,-2,-21,-3,-0.600000000000001
"8994","Red","Red","Neither","Red",13,1,1,1,0,13340,6.2,15466,223,32,-3586,-2271,37,1,10,16,0,16926,6.8,17737,189,32,0,-24,0,-9,-15,34,0,-0.6
"8995","Blue","Red","Blue","Red",15,3,9,11,1,19684,7.4,20073,217,60,3920,3302,19,1,4,3,0,15764,6.6,16771,219,48,1,-4,2,5,8,-2,12,0.800000000000001
"8996","Red","Red","Red","Red",14,3,2,2,0,15461,6.8,17683,206,60,-1912,-2257,16,2,7,7,0,17373,7.2,19940,243,55,0,-2,1,-5,-5,-37,5,-0.4
"8997","Blue","Blue","Neither","Blue",19,3,3,1,0,14700,6.8,17577,234,40,203,411,15,1,2,0,0,14497,6.8,17166,253,40,0,4,2,1,1,-19,0,0
"8998","Red","Blue","Red","Red",80,0,5,5,0,17026,7,18231,213,76,17,-403,15,2,7,6,0,17009,7,18634,218,68,0,65,-2,-2,-1,-5,8,0
"8999","Blue","Blue","Neither","Red",18,5,4,9,0,15357,6.8,17204,200,59,1273,1061,16,5,1,2,0,14084,6.4,16143,239,40,0,2,0,3,7,-39,19,0.399999999999999
"9000","Blue","Neither","Red","Blue",19,2,9,9,0,17498,7,17932,200,42,1023,19,16,2,7,6,0,16475,6.8,17913,196,32,0,3,0,2,3,4,10,0.2
"9001","Red","Red","Neither","Red",16,4,5,3,0,15140,6.4,15745,198,39,-3371,-2094,19,4,12,15,0,18511,7,17839,217,52,0,-3,0,-7,-12,-19,-13,-0.6
"9002","Blue","Blue","Neither","Red",17,0,5,7,0,16398,7,17450,218,52,455,524,34,3,5,10,0,15943,6.6,16926,184,56,0,-17,-3,0,-3,34,-4,0.4
"9003","Blue","Blue","Neither","Blue",12,3,8,7,0,16972,7,18007,184,44,891,1054,14,1,7,7,0,16081,6.6,16953,196,51,0,-2,2,1,0,-12,-7,0.4
"9004","Blue","Neither","Neither","Blue",17,1,9,5,0,17777,7.4,19414,238,48,3361,3545,13,4,2,1,0,14416,6.4,15869,208,44,0,4,-3,7,4,30,4,1
"9005","Blue","Blue","Neither","Blue",13,2,5,4,0,16184,7,18007,223,51,2813,1222,10,1,0,0,0,13371,6.6,16785,210,48,0,3,1,5,4,13,3,0.4
"9006","Red","Red","Red","Red",16,3,2,2,0,14085,6.4,15408,220,38,-3803,-4020,18,1,9,4,0,17888,7.2,19428,245,60,0,-2,2,-7,-2,-25,-22,-0.8
"9007","Red","Red","Neither","Red",18,1,3,7,0,13944,6.6,15850,185,48,-3179,-2574,20,8,8,7,0,17123,7,18424,230,48,0,-2,-7,-5,0,-45,0,-0.4
"9008","Blue","Neither","Blue","Red",12,3,5,9,0,16730,7,17875,246,52,913,14,13,1,5,6,0,15817,6.8,17861,205,55,0,-1,2,0,3,41,-3,0.2
"9009","Red","Blue","Red","Red",91,6,2,4,0,14507,6.4,16400,215,52,-2328,-1153,39,4,7,7,0,16835,6.8,17553,189,52,0,52,2,-5,-3,26,0,-0.399999999999999
"9010","Red","Red","Neither","Red",11,0,4,6,0,14327,6.6,16104,194,30,-3392,-2116,15,2,8,7,0,17719,6.8,18220,223,41,0,-4,-2,-4,-1,-29,-11,-0.2
"9011","Red","Blue","Neither","Red",13,10,8,8,0,17048,7,18361,230,61,171,1158,43,5,10,10,0,16877,6.8,17203,185,35,0,-30,5,-2,-2,45,26,0.2
"9012","Red","Neither","Neither","Blue",17,2,4,4,0,16103,7,17909,238,60,1119,-12,19,4,2,0,0,14984,6.8,17921,245,48,0,-2,-2,2,4,-7,12,0.2
"9013","Blue","Red","Neither","Red",16,5,5,6,0,16413,6.8,18104,225,50,-3036,-2088,16,3,10,8,0,19449,7.4,20192,251,69,0,0,2,-5,-2,-26,-19,-0.600000000000001
"9014","Blue","Neither","Blue","Blue",14,3,9,6,0,18122,7.2,19174,233,57,2195,554,15,0,5,4,0,15927,7.2,18620,200,54,0,-1,3,4,2,33,3,0
"9015","Blue","Neither","Red","Red",36,4,11,11,0,17166,6.8,17136,165,36,-1030,-319,16,5,13,8,0,18196,6.6,17455,203,44,0,20,-1,-2,3,-38,-8,0.2
"9016","Red","Red","Blue","Blue",17,5,3,5,0,15079,6.6,15930,212,44,607,-1168,55,3,3,5,0,14472,6.8,17098,210,38,0,-38,2,0,0,2,6,-0.2
"9017","Blue","Red","Blue","Blue",10,17,8,6,1,18766,6.8,17630,216,50,2343,-1514,41,1,7,13,0,16423,7.2,19144,202,55,1,-31,16,1,-7,14,-5,-0.4
"9018","Red","Red","Neither","Blue",40,4,1,3,0,13802,6.4,15735,212,40,-4177,-2986,15,3,8,9,0,17979,7,18721,247,43,0,25,1,-7,-6,-35,-3,-0.6
"9019","Blue","Blue","Red","Red",15,4,4,3,0,16044,7,18612,237,62,1223,2123,19,5,3,3,0,14821,6.6,16489,231,47,0,-4,-1,1,0,6,15,0.4
"9020","Red","Red","Red","Red",13,1,2,3,0,14535,6.6,16907,195,67,-6147,-1215,18,1,14,21,1,20682,7,18122,189,48,-1,-5,0,-12,-18,6,19,-0.4
"9021","Red","Blue","Blue","Red",14,3,8,7,0,16936,6.6,16881,209,56,-865,-480,16,2,11,12,0,17801,7,17361,188,43,0,-2,1,-3,-5,21,13,-0.4
"9022","Red","Neither","Neither","Blue",93,4,5,4,0,16082,6.6,17246,220,38,-974,-1306,16,5,7,9,0,17056,6.8,18552,228,52,0,77,-1,-2,-5,-8,-14,-0.2
"9023","Blue","Red","Red","Blue",15,3,10,11,0,18346,7,18224,228,36,3454,1882,16,3,4,5,0,14892,6.6,16342,192,52,0,-1,0,6,6,36,-16,0.4
"9024","Blue","Blue","Blue","Red",10,5,16,16,0,19437,7,18500,188,32,546,680,15,1,13,10,0,18891,7,17820,191,52,0,-5,4,3,6,-3,-20,0
"9025","Red","Red","Blue","Red",26,2,8,8,0,16145,7.2,19030,192,47,-1580,358,16,4,8,7,0,17725,7.2,18672,224,62,0,10,-2,0,1,-32,-15,0
"9026","Blue","Blue","Neither","Blue",23,2,6,7,0,16600,7.2,18185,238,53,1825,996,17,3,3,4,0,14775,6.8,17189,228,39,0,6,-1,3,3,10,14,0.4
"9027","Red","Neither","Neither","Red",23,3,11,12,0,17944,7,17835,214,30,901,144,21,7,6,5,0,17043,6.8,17691,230,53,0,2,-4,5,7,-16,-23,0.2
"9028","Blue","Red","Neither","Red",11,2,5,3,0,14439,6.4,16062,171,35,-3435,-1632,15,2,7,6,0,17874,6.8,17694,230,68,0,-4,0,-2,-3,-59,-33,-0.399999999999999
"9029","Blue","Red","Neither","Red",18,1,3,3,0,15008,6.8,17439,214,56,-3688,-2808,15,2,7,9,0,18696,7.4,20247,258,64,0,3,-1,-4,-6,-44,-8,-0.600000000000001
"9030","Red","Red","Neither","Blue",37,6,2,4,0,15262,6.6,17524,232,50,-1033,-104,55,7,7,10,0,16295,7,17628,211,59,0,-18,-1,-5,-6,21,-9,-0.4
"9031","Blue","Blue","Neither","Blue",42,3,7,4,0,16305,7,18269,217,48,1947,1867,13,14,3,2,0,14358,6.6,16402,180,56,0,29,-11,4,2,37,-8,0.4
"9032","Red","Red","Neither","Blue",61,0,3,4,0,13908,5.4,12798,167,38,-4561,-5031,16,2,13,20,0,18469,7,17829,187,58,0,45,-2,-10,-16,-20,-20,-1.6
"9033","Red","Blue","Neither","Blue",43,5,8,11,0,17554,7.2,19243,204,51,3255,1724,17,1,2,1,0,14299,6.8,17519,211,46,0,26,4,6,10,-7,5,0.4
"9034","Red","Neither","Neither","Red",18,1,7,8,0,15543,6.4,15357,193,44,-3333,-2568,13,5,10,12,0,18876,7,17925,234,40,0,5,-4,-3,-4,-41,4,-0.6
"9035","Blue","Blue","Neither","Blue",16,4,8,12,0,17519,7.2,19252,222,52,3272,1914,15,2,0,0,0,14247,6.6,17338,232,52,0,1,2,8,12,-10,0,0.600000000000001
"9036","Blue","Blue","Blue","Blue",12,2,11,11,0,17788,7,17625,178,50,1655,2014,17,2,7,12,0,16133,6.4,15611,195,22,0,-5,0,4,-1,-17,28,0.6
"9037","Blue","Red","Neither","Red",17,3,8,14,0,17261,6.8,17685,219,44,-112,-198,12,2,7,8,0,17373,7,17883,221,52,0,5,1,1,6,-2,-8,-0.2
"9038","Red","Red","Blue","Blue",18,4,5,5,0,16313,6.8,17999,234,45,-220,67,35,4,4,5,0,16533,7.2,17932,232,48,0,-17,0,1,0,2,-3,-0.4
"9039","Red","Red","Neither","Red",16,2,0,0,0,12774,6.6,15643,199,44,-4538,-2876,23,3,7,13,0,17312,6.8,18519,250,57,0,-7,-1,-7,-13,-51,-13,-0.2
"9040","Red","Red","Red","Red",26,2,4,3,0,16003,7.2,18376,229,61,-1515,-4,13,4,9,11,0,17518,7.2,18380,219,56,0,13,-2,-5,-8,10,5,0
"9041","Red","Blue","Neither","Blue",15,5,7,6,0,15472,6.8,17032,181,54,-1851,-1875,18,4,7,4,0,17323,7.2,18907,211,56,0,-3,1,0,2,-30,-2,-0.4
"9042","Blue","Red","Blue","Red",11,3,4,5,0,16697,7,19148,233,69,601,-303,42,5,6,9,0,16096,7.2,19451,230,53,0,-31,-2,-2,-4,3,16,-0.2
"9043","Blue","Blue","Neither","Blue",20,2,8,12,0,17065,7,18597,229,48,878,460,12,7,7,8,0,16187,6.8,18137,204,52,0,8,-5,1,4,25,-4,0.2
"9044","Red","Neither","Neither","Red",17,3,4,5,0,15374,7,17614,221,48,405,11,14,2,4,3,0,14969,6.8,17603,205,56,0,3,1,0,2,16,-8,0.2
"9045","Blue","Blue","Blue","Red",17,4,8,9,0,17882,6.8,17930,205,64,1667,1183,17,2,8,9,0,16215,6.8,16747,194,36,0,0,2,0,0,11,28,0
"9046","Blue","Neither","Neither","Blue",11,0,5,5,1,17803,7,18782,242,52,2197,1516,13,1,5,8,0,15606,6.8,17266,228,37,1,-2,-1,0,-3,14,15,0.2
"9047","Red","Red","Blue","Red",44,1,7,12,0,16548,6.8,17321,192,56,-2775,-2872,28,1,12,10,0,19323,7.4,20193,220,45,0,16,0,-5,2,-28,11,-0.600000000000001
"9048","Blue","Blue","Neither","Blue",11,0,14,9,0,19433,7,18610,213,46,4483,3132,13,1,5,5,0,14950,6.4,15478,176,49,0,-2,-1,9,4,37,-3,0.6
"9049","Blue","Blue","Red","Blue",21,5,8,7,1,17790,6.8,17688,190,56,1837,458,86,2,4,4,0,15953,6.8,17230,176,68,1,-65,3,4,3,14,-12,0
"9050","Red","Blue","Red","Blue",17,3,4,7,0,14719,6.6,16802,200,40,-2317,-1800,16,2,10,10,0,17036,7,18602,194,45,0,1,1,-6,-3,6,-5,-0.4
"9051","Red","Red","Neither","Red",14,2,7,3,0,16418,6.8,17424,199,52,-1517,-62,19,5,10,14,0,17935,6.8,17486,211,48,0,-5,-3,-3,-11,-12,4,0
"9052","Red","Red","Neither","Red",18,1,5,9,0,16566,7.2,18441,216,44,-418,-611,14,3,7,4,0,16984,7.2,19052,208,58,0,4,-2,-2,5,8,-14,0
"9053","Blue","Red","Blue","Blue",20,3,9,13,2,20356,7,17899,225,49,5305,382,42,3,5,10,0,15051,7,17517,184,49,2,-22,0,4,3,41,0,0
"9054","Red","Red","Blue","Red",13,2,10,8,0,18524,7,18597,194,58,85,1243,18,3,10,14,0,18439,6.6,17354,182,47,0,-5,-1,0,-6,12,11,0.4
"9055","Blue","Blue","Blue","Blue",20,4,7,8,0,17507,7.2,19641,250,64,2790,3073,169,2,3,3,0,14717,6.6,16568,209,47,0,-149,2,4,5,41,17,0.600000000000001
"9056","Red","Blue","Blue","Blue",54,2,8,6,0,16774,7.2,18465,240,48,300,-568,12,2,4,5,0,16474,7.4,19033,231,68,0,42,0,4,1,9,-20,-0.2
"9057","Red","Red","Blue","Red",16,6,3,2,0,15527,6.8,18231,223,48,-564,-298,19,4,4,7,0,16091,7,18529,246,67,0,-3,2,-1,-5,-23,-19,-0.2
"9058","Red","Red","Blue","Red",17,2,2,1,0,14154,6.8,17350,206,60,-3597,-2757,16,4,8,5,0,17751,7.2,20107,243,56,0,1,-2,-6,-4,-37,4,-0.4
"9059","Blue","Neither","Neither","Red",39,5,1,2,0,14783,7,18120,248,54,-2003,-1370,17,20,4,6,0,16786,7,19490,264,64,0,22,-15,-3,-4,-16,-10,0
"9060","Blue","Blue","Neither","Red",22,4,8,7,0,18070,7.2,19549,237,53,1263,590,50,1,6,9,0,16807,7.4,18959,205,72,0,-28,3,2,-2,32,-19,-0.2
"9061","Red","Blue","Neither","Red",18,4,6,9,0,15689,6.6,17178,171,63,-808,-266,13,3,7,9,0,16497,6.8,17444,211,52,0,5,1,-1,0,-40,11,-0.2
"9062","Red","Blue","Neither","Blue",41,4,9,10,0,17090,7.2,18470,216,44,989,755,17,2,6,5,0,16101,6.8,17715,213,56,0,24,2,3,5,3,-12,0.4
"9063","Red","Blue","Red","Blue",18,6,1,0,0,14524,6.4,16989,234,64,-2527,-1697,18,3,5,7,0,17051,7,18686,238,42,0,0,3,-4,-7,-4,22,-0.6
"9064","Red","Blue","Red","Blue",16,3,3,4,0,15496,6.6,16404,238,42,1559,131,15,1,2,3,0,13937,6.6,16273,197,54,0,1,2,1,1,41,-12,0
"9065","Blue","Neither","Neither","Blue",15,1,8,7,0,17972,7.4,19649,254,37,2455,2080,14,0,4,3,0,15517,6.8,17569,214,57,0,1,1,4,4,40,-20,0.600000000000001
"9066","Red","Neither","Neither","Red",39,4,4,5,0,15124,6.6,16323,185,50,-2588,-1355,16,6,8,9,0,17712,6.8,17678,217,43,0,23,-2,-4,-4,-32,7,-0.2
"9067","Blue","Red","Neither","Blue",15,6,4,7,0,16784,7.2,18335,267,47,992,-861,14,2,4,5,0,15792,7.2,19196,224,80,0,1,4,0,2,43,-33,0
"9068","Red","Red","Blue","Red",12,2,4,3,0,14157,6,15002,158,44,-3948,-4655,15,1,13,5,0,18105,7.4,19657,243,68,0,-3,1,-9,-2,-85,-24,-1.4
"9069","Blue","Blue","Neither","Red",14,2,12,10,0,19296,7.4,18995,222,56,3611,2136,15,1,5,7,0,15685,6.8,16859,180,46,0,-1,1,7,3,42,10,0.600000000000001
"9070","Blue","Blue","Neither","Blue",19,4,15,23,1,22134,7.6,20809,234,59,8151,5114,15,2,4,6,0,13983,6.2,15695,176,34,1,4,2,11,17,58,25,1.4
"9071","Blue","Red","Neither","Red",16,3,13,12,0,18734,7.2,19093,187,55,2355,884,14,1,9,8,0,16379,6.8,18209,200,56,0,2,2,4,4,-13,-1,0.4
"9072","Blue","Blue","Neither","Blue",12,3,7,6,0,17914,7,18528,240,62,3410,2524,38,1,4,7,0,14504,6.4,16004,187,48,0,-26,2,3,-1,53,14,0.6
"9073","Blue","Red","Neither","Red",15,3,10,12,0,17892,7,18432,197,52,1017,547,15,2,7,7,0,16875,7,17885,201,48,0,0,1,3,5,-4,4,0
"9074","Blue","Neither","Blue","Red",20,6,13,13,0,19969,7.2,19752,255,55,6763,6488,15,2,2,2,0,13206,5.8,13264,192,32,0,5,4,11,11,63,23,1.4
"9075","Red","Blue","Neither","Blue",14,3,4,4,0,16250,6.8,17320,236,49,-1497,-1252,17,3,8,13,0,17747,7.2,18572,225,64,0,-3,0,-4,-9,11,-15,-0.4
"9076","Red","Blue","Neither","Blue",18,2,5,7,0,15850,6.2,15600,210,51,29,-1552,65,4,6,8,0,15821,6.6,17152,222,31,0,-47,-2,-1,-1,-12,20,-0.399999999999999
"9077","Red","Blue","Neither","Red",16,2,6,4,0,16505,6.8,18233,245,50,1110,-225,16,2,4,3,0,15395,7.4,18458,212,58,0,0,0,2,1,33,-8,-0.600000000000001
"9078","Red","Red","Blue","Blue",22,1,9,16,0,18741,7.2,19102,243,44,3447,1976,15,3,3,6,0,15294,6.8,17126,210,68,0,7,-2,6,10,33,-24,0.4
"9079","Red","Red","Neither","Red",10,0,8,10,0,17051,7,17619,208,42,-530,485,13,3,10,9,0,17581,6.8,17134,191,40,0,-3,-3,-2,1,17,2,0.2
"9080","Blue","Blue","Neither","Blue",14,2,10,12,0,18936,7.2,19738,253,51,4798,5096,19,0,5,5,0,14138,6,14642,176,36,0,-5,2,5,7,77,15,1.2
"9081","Red","Neither","Neither","Red",39,1,7,7,0,15551,6.4,15956,176,42,-259,-576,14,2,6,6,0,15810,6.6,16532,173,49,0,25,-1,1,1,3,-7,-0.199999999999999
"9082","Red","Blue","Neither","Blue",19,0,6,4,0,16455,7.2,18317,217,56,-411,374,23,3,8,14,0,16866,7.2,17943,215,49,0,-4,-3,-2,-10,2,7,0
"9083","Red","Blue","Red","Blue",16,5,10,12,0,17357,7,18388,191,59,-310,570,27,2,8,9,0,17667,7.2,17818,194,56,0,-11,3,2,3,-3,3,-0.2
"9084","Red","Neither","Blue","Red",12,4,6,5,0,16293,7,18893,229,40,929,1008,15,2,4,5,0,15364,7,17885,227,54,0,-3,2,2,0,2,-14,0
"9085","Blue","Blue","Neither","Blue",30,3,6,5,0,16541,6.8,17961,211,51,1568,2039,20,3,4,5,0,14973,6.6,15922,208,46,0,10,0,2,0,3,5,0.2
"9086","Blue","Red","Neither","Blue",19,2,9,11,1,19477,7.2,18390,224,41,5099,2567,17,0,4,3,0,14378,6.2,15823,176,49,1,2,2,5,8,48,-8,1
"9087","Blue","Blue","Neither","Red",19,6,4,5,0,16331,7.2,18927,246,60,-462,542,18,5,5,8,0,16793,6.8,18385,273,49,0,1,1,-1,-3,-27,11,0.4
"9088","Red","Neither","Neither","Red",16,4,7,4,0,16115,7,17647,193,52,-3032,-1859,14,4,12,7,0,19147,7.2,19506,243,47,0,2,0,-5,-3,-50,5,-0.2
"9089","Red","Red","Neither","Blue",35,2,6,6,0,16575,7,18673,233,50,-134,-146,16,3,5,6,0,16709,7.2,18819,242,68,0,19,-1,1,0,-9,-18,-0.2
"9090","Red","Red","Neither","Blue",80,1,5,5,0,15161,6.6,17135,174,40,-106,-827,19,1,5,5,0,15267,6.8,17962,207,51,0,61,0,0,0,-33,-11,-0.2
"9091","Red","Blue","Blue","Red",17,3,3,6,0,15097,7,17461,226,40,-971,-1447,38,2,2,2,0,16068,7.2,18908,253,57,0,-21,1,1,4,-27,-17,-0.2
"9092","Red","Blue","Blue","Red",13,1,7,8,0,16514,6.8,17281,216,50,-594,-1344,9,2,6,11,0,17108,7,18625,242,55,0,4,-1,1,-3,-26,-5,-0.2
"9093","Blue","Red","Red","Blue",20,7,11,16,0,19770,7.2,19116,232,48,5120,3137,16,3,2,2,0,14650,6.4,15979,191,64,0,4,4,9,14,41,-16,0.8
"9094","Blue","Blue","Neither","Blue",16,12,9,8,0,17915,7,19615,225,56,1963,781,36,4,4,1,0,15952,7.2,18834,258,56,0,-20,8,5,7,-33,0,-0.2
"9095","Blue","Red","Red","Red",15,2,5,4,0,16450,7.2,18742,222,72,296,1046,12,4,5,8,0,16154,7,17696,220,60,0,3,-2,0,-4,2,12,0.2
"9096","Red","Red","Neither","Blue",12,2,6,5,0,16007,6.8,17907,221,40,1201,695,12,0,3,3,0,14806,6.8,17212,209,40,0,0,2,3,2,12,0,0
"9097","Red","Blue","Blue","Blue",17,4,4,4,0,16552,7.2,18731,227,57,334,145,16,3,5,9,0,16218,6.8,18586,225,56,0,1,1,-1,-5,2,1,0.4
"9098","Red","Neither","Neither","Red",17,2,5,4,0,15750,6.8,16898,216,49,259,473,38,4,5,6,0,15491,6.6,16425,200,43,0,-21,-2,0,-2,16,6,0.2
"9099","Blue","Blue","Blue","Blue",37,2,7,6,0,17162,7.6,20178,249,44,3035,3792,19,2,4,3,0,14127,6.6,16386,170,47,0,18,0,3,3,79,-3,1
"9100","Red","Blue","Blue","Red",49,4,10,9,0,17743,7,17923,194,50,-1223,-1046,17,0,13,10,0,18966,7.2,18969,198,61,0,32,4,-3,-1,-4,-11,-0.2
"9101","Red","Blue","Neither","Blue",48,1,5,5,0,15527,6.4,16705,185,44,625,-873,15,1,4,2,0,14902,7,17578,226,44,0,33,0,1,3,-41,0,-0.6
"9102","Red","Neither","Neither","Red",38,3,4,4,0,15585,7.2,18357,216,55,-2017,-659,12,3,9,12,0,17602,7.2,19016,220,49,0,26,0,-5,-8,-4,6,0
"9103","Blue","Neither","Blue","Red",17,2,7,5,0,17026,6.8,18847,254,40,2439,2360,17,1,2,2,0,14587,6.6,16487,230,41,0,0,1,5,3,24,-1,0.2
"9104","Blue","Blue","Neither","Blue",37,3,6,7,0,16149,7,18253,217,44,-549,-323,15,3,5,5,0,16698,6.8,18576,233,59,0,22,0,1,2,-16,-15,0.2
"9105","Red","Neither","Neither","Red",11,2,1,2,0,13728,6.8,17193,204,48,-3675,-2454,83,1,6,5,0,17403,7.2,19647,240,56,0,-72,1,-5,-3,-36,-8,-0.4
"9106","Blue","Blue","Neither","Red",19,2,8,7,0,18003,7.4,20207,248,77,3034,1983,15,4,3,2,0,14969,7,18224,211,52,0,4,-2,5,5,37,25,0.4
"9107","Blue","Blue","Neither","Blue",16,1,7,10,0,16497,7,17789,201,57,787,-575,17,3,6,2,0,15710,7,18364,232,42,0,-1,-2,1,8,-31,15,0
"9108","Red","Neither","Neither","Red",15,14,9,10,0,17666,6.4,17054,195,50,846,-28,37,2,6,8,0,16820,6.8,17082,247,40,0,-22,12,3,2,-52,10,-0.399999999999999
"9109","Blue","Red","Blue","Blue",19,5,6,8,0,16711,7,17375,217,52,-927,-200,18,3,9,10,0,17638,6.8,17575,229,46,0,1,2,-3,-2,-12,6,0.2
"9110","Red","Blue","Neither","Blue",14,4,5,5,0,15414,6.8,17454,208,48,-599,-288,16,1,6,5,0,16013,6.8,17742,218,50,0,-2,3,-1,0,-10,-2,0
"9111","Red","Red","Neither","Red",18,3,13,17,0,19372,7,18078,201,47,1734,1173,15,2,10,17,0,17638,6.6,16905,195,40,0,3,1,3,0,6,7,0.4
"9112","Red","Red","Red","Red",18,2,4,6,0,15207,6.6,16955,213,44,-5324,-2914,16,1,12,12,1,20531,7.2,19869,205,64,-1,2,1,-8,-6,8,-20,-0.600000000000001
"9113","Blue","Red","Neither","Red",17,3,7,11,0,16378,6.4,16097,189,48,-4552,-4208,16,5,15,20,0,20930,7.4,20305,234,56,0,1,-2,-8,-9,-45,-8,-1
"9114","Blue","Blue","Neither","Blue",84,3,7,9,0,16683,7.2,19168,223,60,1828,2134,17,1,2,4,0,14855,6.8,17034,224,44,0,67,2,5,5,-1,16,0.4
"9115","Blue","Neither","Blue","Red",16,2,7,7,0,17215,7,18989,256,47,324,2076,19,5,7,13,0,16891,6.6,16913,234,42,0,-3,-3,0,-6,22,5,0.4
"9116","Red","Red","Neither","Red",17,4,7,7,0,17177,6.8,18796,228,68,-1885,-210,20,3,9,10,0,19062,7.2,19006,236,56,0,-3,1,-2,-3,-8,12,-0.4
"9117","Red","Blue","Neither","Blue",18,3,9,13,0,17682,6.6,17214,195,51,724,241,40,3,7,9,0,16958,6.6,16973,229,48,0,-22,0,2,4,-34,3,0
"9118","Red","Neither","Neither","Red",13,1,10,10,0,16744,7,19007,183,42,-645,426,13,1,6,3,0,17389,7,18581,224,52,0,0,0,4,7,-41,-10,0
"9119","Red","Red","Blue","Red",17,2,8,10,0,17812,7,19113,234,41,2554,2046,13,3,5,4,0,15258,6.6,17067,212,35,0,4,-1,3,6,22,6,0.4
"9120","Red","Red","Red","Red",15,3,1,1,0,14971,6.6,17477,255,55,-1390,-446,16,2,6,4,0,16361,6.8,17923,226,52,0,-1,1,-5,-3,29,3,-0.2
"9121","Red","Blue","Neither","Red",64,4,7,13,0,17432,7,17080,200,52,-399,-1348,29,4,9,11,0,17831,7,18428,203,48,0,35,0,-2,2,-3,4,0
"9122","Blue","Red","Blue","Red",12,1,3,3,0,15341,6.8,18065,215,59,-85,1665,16,3,5,9,0,15426,6.6,16400,202,40,0,-4,-2,-2,-6,13,19,0.2
"9123","Blue","Red","Neither","Blue",17,3,6,6,0,17357,7.2,19151,234,51,4111,2823,22,1,1,0,0,13246,6.6,16328,208,53,0,-5,2,5,6,26,-2,0.600000000000001
"9124","Red","Red","Neither","Red",17,6,2,2,0,14747,6.8,18401,245,47,-1356,-501,17,2,4,3,0,16103,7,18902,261,48,0,0,4,-2,-1,-16,-1,-0.2
"9125","Red","Blue","Neither","Red",15,3,6,9,0,15368,6.4,16039,169,55,71,-679,16,2,5,2,0,15297,6.4,16718,198,51,0,-1,1,1,7,-29,4,0
"9126","Blue","Blue","Neither","Blue",18,2,5,5,0,15931,7,17840,231,49,393,111,16,2,2,3,0,15538,6.8,17729,255,51,0,2,0,3,2,-24,-2,0.2
"9127","Red","Neither","Red","Red",15,1,8,5,0,17188,6.6,17474,229,35,809,645,11,1,8,10,0,16379,6.6,16829,191,47,0,4,0,0,-5,38,-12,0
"9128","Blue","Blue","Neither","Red",19,3,7,12,0,17737,7,18873,220,48,1126,549,51,0,6,10,0,16611,7.2,18324,228,55,0,-32,3,1,2,-8,-7,-0.2
"9129","Blue","Blue","Red","Red",16,3,4,3,0,15024,7,17340,217,49,-1243,-1261,15,3,4,6,0,16267,7,18601,221,62,0,1,0,0,-3,-4,-13,0
"9130","Blue","Neither","Blue","Red",15,15,12,11,0,19659,7.2,19474,241,48,3745,1627,27,3,5,6,0,15914,7,17847,230,53,0,-12,12,7,5,11,-5,0.2
"9131","Red","Red","Blue","Blue",14,1,8,8,0,17562,6.8,18086,203,49,1269,739,14,2,7,9,0,16293,6.8,17347,199,48,0,0,-1,1,-1,4,1,0
"9132","Red","Blue","Red","Red",11,1,3,5,0,14527,6.4,16646,221,44,-4267,-2746,15,2,8,8,1,18794,7.2,19392,238,68,-1,-4,-1,-5,-3,-17,-24,-0.8
"9133","Red","Red","Red","Red",13,2,3,6,0,14509,6.8,16800,191,52,-1749,-1247,16,3,2,3,0,16258,6.8,18047,251,65,0,-3,-1,1,3,-60,-13,0
"9134","Blue","Neither","Blue","Blue",17,1,9,8,0,18650,7.4,20053,234,55,4128,3128,17,2,2,2,0,14522,6.6,16925,243,45,0,0,-1,7,6,-9,10,0.800000000000001
"9135","Blue","Neither","Neither","Blue",40,1,7,8,0,15818,6.6,16786,205,36,656,-439,19,3,4,3,0,15162,6.8,17225,200,53,0,21,-2,3,5,5,-17,-0.2
"9136","Red","Red","Blue","Red",19,1,5,4,0,15550,6.8,17793,218,43,-1324,-615,16,4,5,7,0,16874,6.8,18408,257,64,0,3,-3,0,-3,-39,-21,0
"9137","Red","Red","Red","Blue",14,3,7,9,0,16655,7.2,18948,208,50,791,1064,34,1,5,6,0,15864,6.8,17884,212,58,0,-20,2,2,3,-4,-8,0.4
"9138","Blue","Red","Neither","Red",19,4,2,2,0,14790,6.8,18612,223,71,-3075,-244,16,0,6,7,0,17865,7,18856,266,47,0,3,4,-4,-5,-43,24,-0.2
"9139","Blue","Neither","Neither","Blue",22,2,7,10,0,17755,7.2,19403,254,48,2864,3193,14,3,3,3,0,14891,6.4,16210,221,41,0,8,-1,4,7,33,7,0.8
"9140","Blue","Blue","Blue","Blue",16,1,8,7,1,17973,7,17436,223,44,2038,1029,11,2,5,6,0,15935,6.4,16407,207,44,1,5,-1,3,1,16,0,0.6
"9141","Red","Red","Blue","Blue",17,2,5,10,0,14566,6.4,16031,182,37,-2061,-2046,11,0,6,7,0,16627,7,18077,200,50,0,6,2,-1,3,-18,-13,-0.6
"9142","Blue","Blue","Neither","Blue",19,2,5,8,0,15983,6.8,17134,219,50,544,-289,13,5,4,6,0,15439,6.8,17423,218,49,0,6,-3,1,2,1,1,0
"9143","Red","Blue","Neither","Red",13,2,6,4,0,15655,6.8,17386,203,53,-693,-919,14,1,5,5,0,16348,7,18305,234,56,0,-1,1,1,-1,-31,-3,-0.2
"9144","Blue","Red","Neither","Blue",17,2,8,7,0,17840,6.8,18356,233,40,3047,1616,19,6,3,3,0,14793,6.6,16740,229,54,0,-2,-4,5,4,4,-14,0.2
"9145","Red","Blue","Blue","Blue",17,0,4,3,0,16018,7.2,18223,215,68,-599,192,17,5,5,10,0,16617,6.8,18031,242,48,0,0,-5,-1,-7,-27,20,0.4
"9146","Blue","Red","Red","Red",19,1,1,1,0,13719,6.4,15044,213,31,-3247,-3783,14,2,6,5,0,16966,7.2,18827,237,58,0,5,-1,-5,-4,-24,-27,-0.8
"9147","Blue","Neither","Neither","Red",14,1,9,9,0,17633,7.2,18808,206,54,1703,1809,16,1,6,7,0,15930,6.8,16999,210,40,0,-2,0,3,2,-4,14,0.4
"9148","Blue","Neither","Red","Blue",24,3,6,12,1,17552,6.8,16611,201,45,1189,-821,97,5,6,5,0,16363,6.8,17432,191,55,1,-73,-2,0,7,10,-10,0
"9149","Blue","Blue","Neither","Blue",15,4,16,14,0,20236,6.8,18074,203,40,3424,1464,15,1,7,6,0,16812,6.6,16610,169,48,0,0,3,9,8,34,-8,0.2
"9150","Blue","Blue","Red","Red",16,3,2,4,0,14558,6.8,17024,206,63,-2564,-1959,18,3,7,8,0,17122,7.2,18983,222,48,0,-2,0,-5,-4,-16,15,-0.4
"9151","Red","Blue","Neither","Red",11,1,4,3,0,15080,7,18378,208,56,-401,-439,37,1,3,3,0,15481,7.4,18817,232,53,0,-26,0,1,0,-24,3,-0.4
"9152","Blue","Neither","Blue","Blue",19,2,10,12,0,19621,7.6,19733,209,56,6703,5604,18,3,2,2,0,12918,5.8,14129,140,58,0,1,-1,8,10,69,-2,1.8
"9153","Blue","Neither","Neither","Red",22,3,3,3,0,15970,7,18425,245,59,24,-286,18,1,5,1,0,15946,6.8,18711,249,53,0,4,2,-2,2,-4,6,0.2
"9154","Red","Blue","Red","Red",16,2,4,2,0,15581,7,18725,239,58,-460,935,12,4,5,4,0,16041,7,17790,223,46,0,4,-2,-1,-2,16,12,0
"9155","Blue","Red","Neither","Blue",21,2,13,14,1,21278,7.4,20007,253,38,6968,4379,12,2,3,2,0,14310,6.6,15628,185,55,1,9,0,10,12,68,-17,0.800000000000001
"9156","Blue","Blue","Neither","Blue",14,5,6,8,0,17352,6.8,18631,257,63,1963,804,45,2,3,7,0,15389,6.8,17827,210,52,0,-31,3,3,1,47,11,0
"9157","Blue","Red","Blue","Blue",14,2,4,6,0,15289,7,16623,210,52,-1041,-1114,10,1,7,5,0,16330,6.8,17737,196,52,0,4,1,-3,1,14,0,0.2
"9158","Blue","Red","Blue","Blue",15,4,7,6,1,17819,7.2,19319,236,44,2979,1183,18,1,2,1,0,14840,7,18136,223,72,1,-3,3,5,5,13,-28,0.2
"9159","Blue","Neither","Blue","Blue",22,15,7,9,0,16723,7,17883,233,34,1489,604,41,5,3,3,0,15234,7,17279,228,65,0,-19,10,4,6,5,-31,0
"9160","Red","Blue","Neither","Blue",35,3,8,11,0,17857,7.2,19272,239,51,2374,1332,16,3,4,3,0,15483,7,17940,239,52,0,19,0,4,8,0,-1,0.2
"9161","Red","Red","Blue","Blue",16,1,7,10,0,16940,6.8,16731,232,40,1523,-576,14,3,5,6,0,15417,6.8,17307,185,58,0,2,-2,2,4,47,-18,0
"9162","Red","Blue","Neither","Red",16,4,9,9,0,17059,7,18302,214,52,977,1247,16,1,6,5,0,16082,6.6,17055,203,52,0,0,3,3,4,11,0,0.4
"9163","Red","Red","Neither","Blue",78,1,4,5,0,15593,6.6,17750,225,46,-416,-1639,54,3,6,6,0,16009,7.2,19389,221,51,0,24,-2,-2,-1,4,-5,-0.600000000000001
"9164","Blue","Red","Neither","Red",24,3,6,12,0,17074,7.2,18861,242,64,519,1436,62,3,5,7,0,16555,6.6,17425,232,52,0,-38,0,1,5,10,12,0.600000000000001
"9165","Blue","Red","Red","Blue",17,0,7,4,0,16466,6.8,16798,185,52,59,-305,12,4,6,10,0,16407,7,17103,210,53,0,5,-4,1,-6,-25,-1,-0.2
"9166","Blue","Blue","Blue","Red",14,2,12,11,0,19082,7.2,18970,226,52,4305,2244,38,1,3,2,0,14777,6.6,16726,216,44,0,-24,1,9,9,10,8,0.600000000000001
"9167","Blue","Blue","Red","Blue",40,3,6,8,0,16961,6.8,17778,238,48,-33,-998,15,13,6,4,0,16994,7,18776,213,58,0,25,-10,0,4,25,-10,-0.2
"9168","Red","Red","Red","Blue",18,3,5,4,0,16864,7,18195,247,51,874,-554,17,2,5,5,0,15990,7.2,18749,232,56,0,1,1,0,-1,15,-5,-0.2
"9169","Red","Neither","Neither","Red",18,1,5,6,0,14988,6.6,16513,200,40,-2824,-2021,16,4,9,10,0,17812,6.8,18534,222,56,0,2,-3,-4,-4,-22,-16,-0.2
"9170","Blue","Neither","Neither","Red",39,2,13,13,0,18886,7.2,18539,188,56,845,1049,13,1,10,7,0,18041,7,17490,214,39,0,26,1,3,6,-26,17,0.2
"9171","Blue","Neither","Neither","Blue",16,2,2,6,0,15223,6.8,17348,213,64,-713,-897,12,2,6,3,0,15936,6.8,18245,228,44,0,4,0,-4,3,-15,20,0
"9172","Blue","Blue","Blue","Red",26,4,5,6,0,15947,7,18280,219,64,402,890,14,5,3,3,0,15545,7,17390,237,55,0,12,-1,2,3,-18,9,0
"9173","Red","Red","Neither","Blue",15,2,4,1,0,14473,6.8,17358,185,53,-2485,-1570,31,2,5,2,0,16958,7.2,18928,263,54,0,-16,0,-1,-1,-78,-1,-0.4
"9174","Red","Blue","Neither","Blue",12,4,7,5,0,17214,7,19173,235,48,1746,2273,14,4,4,6,0,15468,6.8,16900,205,56,0,-2,0,3,-1,30,-8,0.2
"9175","Red","Red","Neither","Red",39,1,3,6,0,14515,6.6,16542,175,64,-4152,-1948,18,9,9,14,0,18667,7,18490,253,40,0,21,-8,-6,-8,-78,24,-0.4
"9176","Red","Blue","Red","Red",21,3,7,8,0,15463,6.8,16652,161,72,-1846,-1362,44,3,6,3,1,17309,7,18014,194,48,-1,-23,0,1,5,-33,24,-0.2
"9177","Red","Red","Neither","Red",21,5,4,7,0,15032,6.6,16564,203,44,-4481,-1530,22,8,10,19,1,19513,7,18094,245,45,-1,-1,-3,-6,-12,-42,-1,-0.4
"9178","Red","Red","Neither","Red",13,0,4,4,0,14979,6.6,16961,194,46,-4686,-2937,14,1,13,13,0,19665,7.4,19898,208,47,0,-1,-1,-9,-9,-14,-1,-0.800000000000001
"9179","Red","Red","Neither","Red",17,1,1,2,0,13863,6.8,17182,219,40,-1336,-1242,16,3,2,1,0,15199,7,18424,226,75,0,1,-2,-1,1,-7,-35,-0.2
"9180","Blue","Red","Neither","Blue",80,4,4,7,0,15736,7.2,18522,216,56,2112,2566,17,2,1,2,0,13624,6.6,15956,197,60,0,63,2,3,5,19,-4,0.600000000000001
"9181","Red","Neither","Neither","Blue",11,1,5,5,0,15978,6.8,17338,225,50,455,-1138,15,2,6,7,0,15523,7,18476,191,40,0,-4,-1,-1,-2,34,10,-0.2
"9182","Red","Red","Neither","Blue",22,2,9,10,0,18400,7.2,18909,221,60,2746,1975,39,1,7,10,0,15654,6.6,16934,164,52,0,-17,1,2,0,57,8,0.600000000000001
"9183","Red","Blue","Blue","Red",38,6,6,6,0,15573,6.8,18078,194,43,-4673,-1225,19,2,10,10,1,20246,7.2,19303,246,50,-1,19,4,-4,-4,-52,-7,-0.4
"9184","Red","Blue","Red","Red",15,2,4,7,0,15520,7,17369,207,59,-1949,-1983,37,2,6,10,0,17469,7.2,19352,230,56,0,-22,0,-2,-3,-23,3,-0.2
"9185","Red","Red","Neither","Blue",17,2,2,3,0,13367,6.4,15834,157,52,-4081,-1994,19,5,9,11,0,17448,7.2,17828,216,44,0,-2,-3,-7,-8,-59,8,-0.8
"9186","Blue","Blue","Neither","Red",14,2,10,7,0,17687,6.8,18625,213,56,2159,2100,15,2,5,5,0,15528,6.8,16525,180,52,0,-1,0,5,2,33,4,0
"9187","Blue","Red","Red","Red",19,3,11,8,0,17663,6.6,16879,193,30,16,-639,15,4,8,6,0,17647,7,17518,227,42,0,4,-1,3,2,-34,-12,-0.4
"9188","Red","Neither","Neither","Red",22,0,6,5,0,16108,6.4,16262,211,42,-1701,-771,16,2,10,16,0,17809,6.8,17033,190,52,0,6,-2,-4,-11,21,-10,-0.399999999999999
"9189","Blue","Blue","Red","Red",13,3,3,5,0,14697,6.6,16968,229,44,-780,-1068,15,2,3,3,0,15477,7,18036,236,59,0,-2,1,0,2,-7,-15,-0.4
"9190","Red","Neither","Red","Red",11,6,5,4,0,15106,7,17323,200,36,-2793,83,21,3,9,12,0,17899,6.8,17240,215,35,0,-10,3,-4,-8,-15,1,0.2
"9191","Red","Neither","Neither","Blue",16,2,7,12,0,16175,6.6,16320,202,45,1426,524,13,0,3,2,0,14749,6.6,15796,204,53,0,3,2,4,10,-2,-8,0
"9192","Blue","Blue","Neither","Blue",12,2,10,10,0,18787,7,18529,231,48,1876,1668,56,3,8,10,0,16911,6.8,16861,203,28,0,-44,-1,2,0,28,20,0.2
"9193","Blue","Neither","Red","Red",12,3,9,10,0,17460,7,17575,217,40,2338,1009,14,1,3,3,0,15122,6.6,16566,192,52,0,-2,2,6,7,25,-12,0.4
"9194","Red","Neither","Blue","Red",18,1,9,5,0,16835,6.8,17752,200,48,606,533,13,3,5,6,0,16229,6.8,17219,211,55,0,5,-2,4,-1,-11,-7,0
"9195","Red","Blue","Blue","Red",15,4,8,11,0,17351,6.6,16649,204,44,-780,63,26,4,10,14,0,18131,6.8,16586,193,52,0,-11,0,-2,-3,11,-8,-0.2
"9196","Blue","Red","Neither","Blue",17,2,6,4,0,16412,7,17900,235,47,1211,751,14,6,2,2,0,15201,6.6,17149,249,52,0,3,-4,4,2,-14,-5,0.4
"9197","Blue","Neither","Blue","Red",17,0,5,8,0,15040,6.8,18066,197,44,-1964,-963,11,1,4,4,0,17004,7.2,19029,260,72,0,6,-1,1,4,-63,-28,-0.4
"9198","Red","Red","Neither","Red",14,3,5,3,0,16293,6.8,17793,218,55,1006,1171,17,2,4,5,0,15287,6.6,16622,207,52,0,-3,1,1,-2,11,3,0.2
"9199","Red","Blue","Red","Red",16,6,6,5,0,16249,6.8,18007,221,40,444,1056,23,3,4,4,0,15805,7,16951,213,51,0,-7,3,2,1,8,-11,-0.2
"9200","Blue","Blue","Neither","Red",13,2,2,2,0,15312,7,18210,250,61,-961,-725,16,4,4,3,0,16273,7.2,18935,250,56,0,-3,-2,-2,-1,0,5,-0.2
"9201","Blue","Blue","Neither","Blue",14,3,6,6,0,16432,7,18560,240,44,1804,1547,33,2,3,3,0,14628,6.8,17013,200,43,0,-19,1,3,3,40,1,0.2
"9202","Blue","Blue","Blue","Blue",40,3,8,10,0,18122,7.4,20449,247,68,2696,3081,12,14,3,3,0,15426,6.8,17368,222,54,0,28,-11,5,7,25,14,0.600000000000001
"9203","Red","Red","Neither","Red",85,2,6,7,0,16223,6.8,17056,196,36,-605,-782,13,2,9,7,0,16828,7,17838,203,56,0,72,0,-3,0,-7,-20,-0.2
"9204","Red","Blue","Neither","Red",13,2,6,7,0,16326,6.8,17923,236,40,-1114,-417,33,2,8,12,0,17440,7,18340,241,47,0,-20,0,-2,-5,-5,-7,-0.2
"9205","Red","Red","Neither","Red",14,1,0,0,0,13561,6.6,16518,220,51,-1958,-1775,15,3,5,4,0,15519,7,18293,223,37,0,-1,-2,-5,-4,-3,14,-0.4
"9206","Blue","Red","Neither","Red",12,2,5,3,0,15897,6.8,18131,219,53,-453,659,49,1,6,10,0,16350,7,17472,188,48,0,-37,1,-1,-7,31,5,-0.2
"9207","Red","Red","Blue","Red",15,2,6,6,0,16005,6.6,17346,188,58,-1205,-1042,17,4,8,6,0,17210,7.2,18388,232,34,0,-2,-2,-2,0,-44,24,-0.600000000000001
"9208","Red","Blue","Neither","Blue",16,1,5,6,0,15907,6.6,16474,211,67,-393,-2719,19,5,6,9,0,16300,7,19193,211,56,0,-3,-4,-1,-3,0,11,-0.4
"9209","Red","Neither","Neither","Blue",13,6,9,12,0,17440,7,18112,213,36,3422,1091,44,1,2,1,0,14018,6.8,17021,216,56,0,-31,5,7,11,-3,-20,0.2
"9210","Red","Neither","Neither","Red",12,3,1,2,0,14257,6.6,17053,230,44,-3234,-2889,17,3,5,9,0,17491,7.2,19942,247,68,0,-5,0,-4,-7,-17,-24,-0.600000000000001
"9211","Red","Neither","Red","Red",15,1,7,11,0,15723,6.4,15809,159,44,-4307,-2260,17,0,10,13,1,20030,7,18069,253,40,-1,-2,1,-3,-2,-94,4,-0.6
"9212","Red","Red","Neither","Red",52,2,2,1,0,14817,6.4,16953,212,60,-3264,-1507,16,2,10,11,0,18081,7,18460,211,40,0,36,0,-8,-10,1,20,-0.6
"9213","Red","Red","Neither","Red",14,1,0,0,0,14713,7,17547,261,53,-388,-1004,10,4,1,1,0,15101,7,18551,264,56,0,4,-3,-1,-1,-3,-3,0
"9214","Red","Neither","Red","Red",27,7,6,11,0,16319,6.6,17353,214,39,52,554,18,8,6,6,0,16267,6.6,16799,235,36,0,9,-1,0,5,-21,3,0
"9215","Red","Blue","Neither","Red",38,1,10,14,0,18294,7.4,18581,204,43,1058,527,12,1,8,12,0,17236,7,18054,210,46,0,26,0,2,2,-6,-3,0.4
"9216","Red","Red","Neither","Red",14,2,3,2,0,14415,6.8,17890,213,61,-3505,-1473,18,3,7,9,0,17920,7.2,19363,226,70,0,-4,-1,-4,-7,-13,-9,-0.4
"9217","Red","Neither","Neither","Blue",15,1,10,17,0,17634,6.6,16665,193,35,2031,1004,18,1,6,6,0,15603,6.4,15661,196,38,0,-3,0,4,11,-3,-3,0.199999999999999
"9218","Blue","Blue","Red","Red",18,1,6,7,0,17062,7.2,20216,235,64,2436,2608,12,5,2,3,0,14626,7,17608,203,60,0,6,-4,4,4,32,4,0.2
"9219","Red","Red","Neither","Blue",16,3,12,20,0,19098,7,18390,230,36,1769,2294,16,2,9,14,0,17329,6.4,16096,166,60,0,0,1,3,6,64,-24,0.6
"9220","Red","Red","Neither","Blue",10,2,8,8,0,17237,7,18392,213,41,-1133,-714,57,0,12,12,0,18370,7.4,19106,196,46,0,-47,2,-4,-4,17,-5,-0.4
"9221","Blue","Red","Neither","Blue",17,3,10,8,0,18093,7.4,18871,222,42,1864,1877,18,3,6,7,0,16229,6.6,16994,189,62,0,-1,0,4,1,33,-20,0.800000000000001
"9222","Red","Neither","Red","Blue",15,4,7,9,0,16276,6.6,17546,215,40,273,-1195,16,3,7,2,0,16003,7.2,18741,196,48,0,-1,1,0,7,19,-8,-0.600000000000001
"9223","Blue","Neither","Neither","Blue",18,1,6,6,0,16471,6.8,17952,246,36,1450,763,18,2,5,3,0,15021,6.8,17189,200,40,0,0,-1,1,3,46,-4,0
"9224","Red","Red","Neither","Blue",18,0,6,5,0,15246,6.4,15419,151,42,-4370,-4504,16,5,11,12,0,19616,7.2,19923,235,51,0,2,-5,-5,-7,-84,-9,-0.8
"9225","Blue","Neither","Blue","Red",18,4,8,10,1,18656,7.2,19071,229,45,3761,1269,37,3,2,2,0,14895,6.6,17802,241,52,1,-19,1,6,8,-12,-7,0.600000000000001
"9226","Blue","Blue","Blue","Blue",18,4,5,5,0,16951,7.2,18681,270,43,1341,-85,77,4,1,1,0,15610,7.2,18766,254,76,0,-59,0,4,4,16,-33,0
"9227","Blue","Red","Red","Red",16,1,7,8,0,17830,7,18550,214,55,1299,8,12,3,5,4,0,16531,7.2,18542,217,64,0,4,-2,2,4,-3,-9,-0.2
"9228","Red","Red","Neither","Blue",46,2,11,13,0,16886,6.6,16618,172,39,-2107,-1458,14,0,8,8,0,18993,7.2,18076,189,60,0,32,2,3,5,-17,-21,-0.600000000000001
"9229","Red","Blue","Red","Blue",18,4,4,5,0,16122,6.8,17673,223,44,385,-1446,16,5,3,2,0,15737,7.2,19119,240,64,0,2,-1,1,3,-17,-20,-0.4
"9230","Blue","Red","Neither","Blue",19,2,7,7,1,19367,7.2,19595,259,61,4507,2090,11,3,6,2,0,14860,6.8,17505,202,45,1,8,-1,1,5,57,16,0.4
"9231","Blue","Red","Blue","Blue",18,1,9,8,1,20027,7.2,19439,257,55,6790,4889,17,3,2,4,0,13237,6.2,14550,165,49,1,1,-2,7,4,92,6,1
"9232","Red","Neither","Blue","Blue",22,3,12,16,0,19784,7,18582,241,41,1680,473,19,5,10,16,0,18104,7,18109,197,35,0,3,-2,2,0,44,6,0
"9233","Blue","Blue","Red","Red",41,3,3,3,0,15118,7.2,18628,222,63,-769,891,13,3,5,9,0,15887,7,17737,208,56,0,28,0,-2,-6,14,7,0.2
"9234","Blue","Neither","Neither","Blue",14,3,6,6,0,16195,7,17940,214,35,2254,1870,14,1,3,1,0,13941,6.2,16070,193,56,0,0,2,3,5,21,-21,0.8
"9235","Blue","Red","Neither","Red",17,5,2,2,0,15423,6.8,18333,227,60,699,753,16,2,2,3,0,14724,6.8,17580,232,46,0,1,3,0,-1,-5,14,0
"9236","Red","Red","Neither","Blue",38,1,9,8,0,18174,7,18815,232,55,3242,2227,34,3,5,7,0,14932,6.8,16588,191,40,0,4,-2,4,1,41,15,0.2
"9237","Blue","Red","Red","Blue",17,1,7,6,0,16649,7,17555,212,52,1535,220,11,2,4,4,0,15114,7,17335,222,53,0,6,-1,3,2,-10,-1,0
"9238","Blue","Red","Neither","Blue",14,0,9,9,0,16818,6.6,16998,208,44,-141,222,14,0,8,11,0,16959,6.8,16776,164,48,0,0,0,1,-2,44,-4,-0.2
"9239","Red","Red","Red","Red",16,5,5,8,0,15829,6.8,17626,236,53,-3567,-1828,18,4,10,11,1,19396,7.2,19454,234,49,-1,-2,1,-5,-3,2,4,-0.4
"9240","Red","Red","Red","Red",15,1,3,3,0,15604,7,18013,227,65,-557,625,16,1,4,6,0,16161,6.8,17388,216,57,0,-1,0,-1,-3,11,8,0.2
"9241","Blue","Red","Neither","Red",15,3,4,3,0,14927,6.4,16195,195,44,-2597,-1718,20,3,11,10,0,17524,7,17913,221,46,0,-5,0,-7,-7,-26,-2,-0.6
"9242","Blue","Red","Neither","Blue",39,0,5,4,0,16247,6.8,17790,189,52,-820,-575,16,5,7,6,0,17067,7,18365,222,57,0,23,-5,-2,-2,-33,-5,-0.2
"9243","Blue","Blue","Neither","Blue",35,18,14,11,0,20070,7.2,20194,211,65,4235,3837,42,3,5,8,0,15835,6.6,16357,188,34,0,-7,15,9,3,23,31,0.600000000000001
"9244","Red","Red","Neither","Blue",18,4,5,6,0,16166,7,17990,198,47,180,-192,18,4,4,2,0,15986,7,18182,212,80,0,0,0,1,4,-14,-33,0
"9245","Red","Neither","Neither","Red",37,17,3,2,0,15630,7,18378,254,48,-1092,-324,36,3,5,7,0,16722,7,18702,264,44,0,1,14,-2,-5,-10,4,0
"9246","Blue","Blue","Neither","Blue",20,2,8,11,1,18744,6.8,18677,210,55,2858,1988,14,2,7,7,0,15886,6.8,16689,174,56,1,6,0,1,4,36,-1,0
"9247","Red","Red","Red","Blue",18,3,5,4,0,15815,7,18120,202,56,-2234,-1264,18,3,9,8,0,18049,7.4,19384,258,48,0,0,0,-4,-4,-56,8,-0.4
"9248","Blue","Red","Neither","Blue",25,2,6,6,0,16246,7,17593,193,45,-766,-577,15,3,7,9,0,17012,7.2,18170,204,61,0,10,-1,-1,-3,-11,-16,-0.2
"9249","Red","Red","Red","Blue",13,2,5,4,0,15701,7,17899,212,42,-662,-951,14,3,6,3,0,16363,7,18850,243,52,0,-1,-1,-1,1,-31,-10,0
"9250","Red","Red","Neither","Red",14,0,8,5,0,16024,7,17294,212,46,-2370,-2104,18,3,12,10,0,18394,7.4,19398,194,61,0,-4,-3,-4,-5,18,-15,-0.4
"9251","Red","Red","Neither","Blue",82,4,6,2,0,15539,6.8,17438,202,48,-4311,-2532,19,4,13,14,0,19850,7.4,19970,234,55,0,63,0,-7,-12,-32,-7,-0.600000000000001
"9252","Blue","Blue","Neither","Blue",16,4,11,8,0,19038,7.4,20256,252,46,4090,2523,14,3,2,3,0,14948,7,17733,214,68,0,2,1,9,5,38,-22,0.4
"9253","Blue","Blue","Red","Blue",58,2,5,10,0,14492,6.4,16087,176,48,-2828,-1814,16,3,7,4,0,17320,6.6,17901,217,54,0,42,-1,-2,6,-41,-6,-0.199999999999999
"9254","Red","Red","Neither","Blue",14,2,3,6,0,15193,6.8,17054,232,57,-1810,-2661,16,0,8,2,0,17003,7,19715,235,65,0,-2,2,-5,4,-3,-8,-0.2
"9255","Red","Red","Neither","Blue",15,1,4,0,0,13362,6.4,15531,155,34,-4968,-4165,12,3,8,4,0,18330,7.2,19696,240,67,0,3,-2,-4,-4,-85,-33,-0.8
"9256","Blue","Blue","Neither","Blue",14,2,1,1,0,14832,7,17330,228,60,-196,-282,18,2,3,4,0,15028,7,17612,226,48,0,-4,0,-2,-3,2,12,0
"9257","Blue","Blue","Neither","Blue",16,4,9,12,0,17664,7,17554,221,46,2946,1011,13,5,2,4,0,14718,6.6,16543,236,46,0,3,-1,7,8,-15,0,0.4
"9258","Blue","Blue","Neither","Red",45,5,6,8,0,17046,7.4,19783,217,67,307,2085,16,7,7,7,0,16739,7,17698,256,40,0,29,-2,-1,1,-39,27,0.4
"9259","Red","Neither","Neither","Blue",38,4,3,3,0,15984,6.8,18306,261,49,1916,632,16,0,0,0,0,14068,6.8,17674,224,72,0,22,4,3,3,37,-23,0
"9260","Blue","Red","Neither","Blue",13,1,12,18,0,18748,6.8,17354,195,45,1212,77,13,1,9,8,0,17536,7,17277,193,52,0,0,0,3,10,2,-7,-0.2
"9261","Blue","Red","Red","Blue",17,3,5,6,0,16733,7.2,19698,231,62,1901,1126,14,4,1,1,0,14832,7,18572,239,68,0,3,-1,4,5,-8,-6,0.2
"9262","Red","Blue","Neither","Red",58,2,6,12,0,15417,6.4,15374,154,51,-4032,-2866,35,4,12,11,0,19449,7,18240,232,52,0,23,-2,-6,1,-78,-1,-0.6
"9263","Red","Blue","Red","Blue",18,3,10,7,0,18302,7.2,18149,215,40,2617,1172,15,4,6,4,0,15685,6.8,16977,178,63,0,3,-1,4,3,37,-23,0.4
"9264","Blue","Neither","Neither","Red",79,2,3,2,0,15471,6.8,18349,219,51,-251,560,14,2,3,7,0,15722,7,17789,255,52,0,65,0,0,-5,-36,-1,-0.2
"9265","Blue","Blue","Neither","Blue",36,7,6,11,0,16612,6.8,17712,218,56,1094,287,18,2,4,4,0,15518,6.8,17425,221,60,0,18,5,2,7,-3,-4,0
"9266","Blue","Neither","Neither","Blue",57,5,6,3,0,16601,7,18618,242,52,1235,1010,15,3,4,5,0,15366,6.8,17608,201,44,0,42,2,2,-2,41,8,0.2
"9267","Blue","Blue","Blue","Blue",52,1,9,13,0,18159,6.6,16870,217,59,5302,3045,13,0,1,2,0,12857,6,13825,147,48,0,39,1,8,11,70,11,0.6
"9268","Red","Red","Neither","Red",17,2,5,9,0,14690,6.4,15168,188,40,-5426,-3115,14,0,7,9,2,20116,7,18283,245,43,-2,3,2,-2,0,-57,-3,-0.6
"9269","Blue","Red","Neither","Blue",15,2,9,9,0,16963,7,18341,245,37,2609,681,17,3,3,2,0,14354,7,17660,209,52,0,-2,-1,6,7,36,-15,0
"9270","Red","Red","Neither","Blue",12,6,5,4,0,16116,6.8,16953,233,43,-89,-953,16,2,8,3,0,16205,6.8,17906,213,52,0,-4,4,-3,1,20,-9,0
"9271","Red","Red","Neither","Red",19,4,5,5,0,15341,6.4,15896,188,32,-3588,-1795,14,6,12,13,0,18929,6.6,17691,230,44,0,5,-2,-7,-8,-42,-12,-0.199999999999999
"9272","Red","Red","Neither","Red",14,5,2,2,0,14177,6.4,15427,196,54,-2115,-2872,18,2,8,18,0,16292,7,18299,200,43,0,-4,3,-6,-16,-4,11,-0.6
"9273","Red","Red","Red","Blue",17,4,7,11,0,17308,7.2,18538,213,44,1589,-197,16,3,4,1,0,15719,7,18735,232,70,0,1,1,3,10,-19,-26,0.2
"9274","Red","Red","Neither","Blue",24,1,4,5,0,15758,6.4,16906,211,50,628,-558,52,1,5,9,0,15130,6.8,17464,205,37,0,-28,0,-1,-4,6,13,-0.399999999999999
"9275","Red","Blue","Neither","Blue",13,1,8,14,0,17275,6.8,16684,204,55,-604,-1254,37,5,10,16,0,17879,7,17938,186,52,0,-24,-4,-2,-2,18,3,-0.2
"9276","Red","Blue","Neither","Blue",11,1,7,4,0,16505,6.6,17778,206,39,-1861,-1195,13,0,10,11,0,18366,7,18973,221,44,0,-2,1,-3,-7,-15,-5,-0.4
"9277","Red","Red","Neither","Blue",16,4,8,13,0,18093,7.2,18506,238,51,2774,1134,40,6,3,3,0,15319,6.8,17372,230,47,0,-24,-2,5,10,8,4,0.4
"9278","Red","Neither","Neither","Red",11,2,7,5,0,15939,6.6,16482,205,31,-1323,-1025,15,0,9,6,0,17262,6.8,17507,167,34,0,-4,2,-2,-1,38,-3,-0.2
"9279","Red","Blue","Neither","Red",59,1,0,0,0,14457,7,18824,230,72,-832,541,20,0,1,1,0,15289,7,18283,267,63,0,39,1,-1,-1,-37,9,0
"9280","Blue","Neither","Blue","Red",39,0,11,12,2,20920,7.2,19263,243,36,5418,3077,12,0,5,8,0,15502,6.8,16186,173,47,2,27,0,6,4,70,-11,0.4
"9281","Blue","Red","Neither","Blue",19,1,7,8,0,16688,7.2,19162,233,60,3060,2469,32,0,0,0,0,13628,6.8,16693,222,57,0,-13,1,7,8,11,3,0.4
"9282","Red","Red","Neither","Red",14,1,2,1,0,14873,6.8,17781,205,72,-2304,31,15,1,7,9,0,17177,7,17750,238,44,0,-1,0,-5,-8,-33,28,-0.2
"9283","Red","Red","Neither","Red",21,0,4,4,0,15259,7,17666,214,63,-1396,-92,14,6,7,7,0,16655,6.6,17758,250,48,0,7,-6,-3,-3,-36,15,0.4
"9284","Blue","Blue","Neither","Blue",14,0,10,9,0,18096,7.2,19349,242,46,3738,4262,11,4,3,4,0,14358,6.4,15087,198,47,0,3,-4,7,5,44,-1,0.8
"9285","Blue","Red","Blue","Blue",15,2,5,5,0,16153,6.8,17913,227,35,1184,-80,42,3,3,3,0,14969,7,17993,208,70,0,-27,-1,2,2,19,-35,-0.2
"9286","Blue","Red","Blue","Blue",16,2,7,10,1,19036,7.2,19444,248,60,2346,751,37,1,9,14,0,16690,7.4,18693,197,53,1,-21,1,-2,-4,51,7,-0.2
"9287","Red","Neither","Neither","Red",16,5,10,12,0,17788,6.8,17829,159,59,-275,-739,20,4,11,7,0,18063,7,18568,212,55,0,-4,1,-1,5,-53,4,-0.2
"9288","Blue","Neither","Red","Blue",42,2,8,6,0,16532,7.2,18420,229,40,1558,785,34,2,3,2,0,14974,7,17635,206,56,0,8,0,5,4,23,-16,0.2
"9289","Red","Red","Neither","Blue",27,2,3,4,0,15742,7,17970,214,64,-750,-276,18,2,6,6,0,16492,7.2,18246,232,52,0,9,0,-3,-2,-18,12,-0.2
"9290","Blue","Neither","Neither","Blue",105,6,4,0,0,15960,7.4,18912,253,60,1479,2350,15,3,3,3,0,14481,6.4,16562,228,40,0,90,3,1,-3,25,20,1
"9291","Red","Red","Neither","Red",15,0,6,6,0,16132,6.8,18331,199,57,-1850,-1016,16,2,8,9,0,17982,7.4,19347,243,54,0,-1,-2,-2,-3,-44,3,-0.600000000000001
"9292","Red","Neither","Neither","Blue",73,0,9,10,0,17350,7.2,18836,202,45,620,874,16,2,8,8,0,16730,6.6,17962,211,49,0,57,-2,1,2,-9,-4,0.600000000000001
"9293","Red","Red","Neither","Red",15,2,3,2,0,13875,6.6,16394,209,36,-3866,-1987,23,3,8,10,0,17741,7.2,18381,227,47,0,-8,-1,-5,-8,-18,-11,-0.600000000000001
"9294","Blue","Neither","Blue","Red",17,3,1,1,0,14969,6.8,17547,252,48,1089,33,49,2,1,0,0,13880,6.8,17514,212,47,0,-32,1,0,1,40,1,0
"9295","Blue","Blue","Blue","Red",36,3,9,6,0,17195,7.2,18590,178,75,827,1271,17,1,7,7,0,16368,6.8,17319,201,46,0,19,2,2,-1,-23,29,0.4
"9296","Red","Red","Red","Blue",16,4,4,3,0,15347,7,17655,234,46,-1374,-1041,22,0,5,7,0,16721,6.8,18696,238,57,0,-6,4,-1,-4,-4,-11,0.2
"9297","Blue","Blue","Neither","Red",15,2,10,13,0,18290,7.6,20250,248,44,3943,4243,15,2,3,4,0,14347,6.4,16007,200,51,0,0,0,7,9,48,-7,1.2
"9298","Red","Neither","Blue","Red",17,3,5,5,0,16176,7.2,18728,221,60,543,1065,10,4,3,4,0,15633,6.8,17663,257,51,0,7,-1,2,1,-36,9,0.4
"9299","Red","Blue","Red","Blue",15,2,6,7,0,16148,6.8,15943,200,45,-1106,-1434,15,2,6,9,0,17254,6.6,17377,216,70,0,0,0,0,-2,-16,-25,0.2
"9300","Blue","Blue","Blue","Blue",14,1,3,4,0,15612,7,18702,214,72,-1011,-309,18,2,4,6,0,16623,7.2,19011,239,65,0,-4,-1,-1,-2,-25,7,-0.2
"9301","Blue","Red","Blue","Red",18,2,5,7,0,16104,7,17890,231,48,1039,589,16,5,4,3,0,15065,6.8,17301,205,47,0,2,-3,1,4,26,1,0.2
"9302","Red","Red","Neither","Red",50,1,8,8,0,15372,6.8,16833,161,40,-3616,-3352,12,2,9,4,0,18988,7.6,20185,248,64,0,38,-1,-1,4,-87,-24,-0.8
"9303","Red","Red","Neither","Red",16,6,4,5,0,15694,6.8,18453,242,59,217,709,17,3,4,4,0,15477,7,17744,214,60,0,-1,3,0,1,28,-1,-0.2
"9304","Blue","Neither","Blue","Red",18,5,9,11,0,17578,7.2,18250,209,43,1641,1439,18,4,7,10,0,15937,7,16811,175,56,0,0,1,2,1,34,-13,0.2
"9305","Blue","Blue","Red","Blue",19,2,10,11,0,18436,7,18039,209,47,1990,-86,16,4,5,4,0,16446,6.8,18125,226,48,0,3,-2,5,7,-17,-1,0.2
"9306","Red","Red","Blue","Blue",13,1,7,7,0,16620,7.2,18824,211,48,273,255,13,2,4,7,0,16347,7,18569,226,67,0,0,-1,3,0,-15,-19,0.2
"9307","Red","Blue","Blue","Blue",18,3,5,4,0,16419,7,19317,248,57,1994,2643,16,5,2,3,0,14425,6.6,16674,238,36,0,2,-2,3,1,10,21,0.4
"9308","Blue","Red","Neither","Red",34,3,5,5,0,16384,7.4,19826,229,61,759,2511,17,2,5,7,0,15625,6.6,17315,205,55,0,17,1,0,-2,24,6,0.800000000000001
"9309","Red","Red","Blue","Red",16,8,3,3,0,15330,7,18294,230,57,-2105,-1066,24,5,8,8,0,17435,7.2,19360,225,60,0,-8,3,-5,-5,5,-3,-0.2
"9310","Blue","Blue","Blue","Blue",47,3,10,18,0,19008,7.2,19021,239,68,4319,2388,13,3,1,2,0,14689,6.6,16633,240,56,0,34,0,9,16,-1,12,0.600000000000001
"9311","Red","Neither","Red","Red",62,2,5,7,0,16238,7,18854,260,36,428,374,82,2,2,1,0,15810,7.2,18480,232,80,0,-20,0,3,6,28,-44,-0.2
"9312","Blue","Neither","Neither","Red",17,1,5,7,0,16094,6.8,17711,219,41,956,1998,15,1,4,4,0,15138,6.6,15713,183,36,0,2,0,1,3,36,5,0.2
"9313","Red","Neither","Neither","Red",15,0,5,5,0,15099,6.8,17734,156,45,-5206,-1622,13,2,14,8,1,20305,7,19356,226,39,-1,2,-2,-9,-3,-70,6,-0.2
"9314","Red","Red","Red","Red",19,3,2,0,0,14143,6.6,16647,183,55,-5891,-3716,12,2,10,7,1,20034,7.4,20363,264,48,-1,7,1,-8,-7,-81,7,-0.800000000000001
"9315","Red","Blue","Red","Red",106,4,3,4,0,14385,6.4,15780,195,42,-4413,-3109,16,1,10,12,0,18798,7,18889,234,41,0,90,3,-7,-8,-39,1,-0.6
"9316","Red","Red","Red","Red",54,2,3,6,0,14725,6.8,17291,204,43,-1680,-1155,21,3,4,3,0,16405,7.4,18446,258,56,0,33,-1,-1,3,-54,-13,-0.600000000000001
"9317","Red","Red","Neither","Red",19,4,6,7,0,16543,7,18558,245,48,192,-656,18,4,5,7,0,16351,7.2,19214,245,56,0,1,0,1,0,0,-8,-0.2
"9318","Red","Red","Neither","Red",16,2,2,4,0,14505,6.8,18139,230,51,-1183,-182,42,3,3,4,0,15688,7,18321,253,48,0,-26,-1,-1,0,-23,3,-0.2
"9319","Red","Neither","Neither","Blue",18,4,7,5,0,16681,7,18270,265,39,1403,389,44,4,4,5,0,15278,7,17881,224,35,0,-26,0,3,0,41,4,0
"9320","Red","Red","Red","Blue",14,1,6,11,0,15844,6.8,16801,197,47,-151,-895,17,0,7,5,0,15995,6.8,17696,205,60,0,-3,1,-1,6,-8,-13,0
"9321","Blue","Red","Neither","Blue",18,5,5,7,0,15843,7,17530,233,35,380,-245,17,7,5,5,0,15463,7,17775,221,51,0,1,-2,0,2,12,-16,0
"9322","Blue","Blue","Neither","Blue",23,1,9,12,0,17913,7.4,19102,218,53,3453,1775,10,0,2,2,0,14460,6.8,17327,215,57,0,13,1,7,10,3,-4,0.600000000000001
"9323","Red","Red","Neither","Red",14,1,3,4,0,15057,6.8,17267,218,64,-3443,-1347,16,3,6,10,1,18500,7.2,18614,219,68,-1,-2,-2,-3,-6,-1,-4,-0.4
"9324","Blue","Red","Neither","Blue",19,6,5,5,0,14630,6.6,16527,177,28,-2167,-2045,18,4,9,10,0,16797,7,18572,214,41,0,1,2,-4,-5,-37,-13,-0.4
"9325","Blue","Neither","Neither","Blue",16,20,4,4,0,16156,6.8,17794,260,46,152,-722,49,5,4,3,0,16004,7,18516,249,55,0,-33,15,0,1,11,-9,-0.2
"9326","Red","Blue","Red","Red",17,1,2,1,0,13352,6.6,16455,188,44,-3059,-2718,12,1,5,3,0,16411,7,19173,252,48,0,5,0,-3,-2,-64,-4,-0.4
"9327","Red","Blue","Neither","Blue",37,2,4,4,0,16042,7,17865,240,68,-236,711,16,2,5,8,0,16278,6.8,17154,241,44,0,21,0,-1,-4,-1,24,0.2
"9328","Blue","Red","Blue","Red",45,2,5,5,0,15420,6.8,16996,176,50,-2178,-1407,14,2,8,7,0,17598,7,18403,219,34,0,31,0,-3,-2,-43,16,-0.2
"9329","Red","Red","Red","Red",15,2,2,0,0,15080,6.8,17979,262,56,-1267,427,13,5,5,6,0,16347,7,17552,255,48,0,2,-3,-3,-6,7,8,-0.2
"9330","Blue","Blue","Neither","Red",52,3,4,5,0,15766,7,18750,232,60,-1035,582,18,4,7,7,0,16801,7,18168,202,55,0,34,-1,-3,-2,30,5,0
"9331","Blue","Red","Blue","Blue",18,4,11,16,1,20639,7.2,18457,207,61,4639,3197,15,3,8,10,0,16000,6.2,15260,159,55,1,3,1,3,6,48,6,1
"9332","Red","Red","Neither","Red",14,3,0,0,0,13345,6.6,15982,230,42,-5508,-3648,38,3,9,10,1,18853,7.2,19630,235,57,-1,-24,0,-9,-10,-5,-15,-0.600000000000001
"9333","Blue","Blue","Neither","Red",17,7,10,9,0,17712,7,19043,207,42,2370,3795,18,3,7,6,0,15342,6.4,15248,186,38,0,-1,4,3,3,21,4,0.6
"9334","Blue","Blue","Neither","Blue",11,4,11,13,0,18866,7,18926,225,41,3992,2506,19,1,4,3,0,14874,6.4,16420,189,45,0,-8,3,7,10,36,-4,0.6
"9335","Blue","Blue","Red","Blue",20,2,11,11,0,19035,7.4,19997,232,43,2739,1170,16,2,4,5,0,16296,7.2,18827,268,44,0,4,0,7,6,-36,-1,0.2
"9336","Blue","Red","Neither","Red",13,4,3,3,0,15292,6.8,17170,223,55,-2513,-2247,14,3,9,8,0,17805,7.2,19417,231,44,0,-1,1,-6,-5,-8,11,-0.4
"9337","Blue","Red","Neither","Blue",76,1,1,1,0,15082,6.8,17854,239,51,1389,894,15,2,1,0,0,13693,6.4,16960,209,56,0,61,-1,0,1,30,-5,0.399999999999999
"9338","Blue","Red","Neither","Red",14,1,6,7,0,15818,6.6,16894,162,53,-1492,-1925,13,2,8,5,0,17310,7.2,18819,214,56,0,1,-1,-2,2,-52,-3,-0.600000000000001
"9339","Red","Red","Blue","Blue",15,3,11,10,0,18145,7.2,18705,211,40,-139,-652,14,3,10,8,0,18284,7.2,19357,236,50,0,1,0,1,2,-25,-10,0
"9340","Blue","Red","Neither","Blue",11,3,5,2,0,15934,7,18258,251,52,943,505,16,0,3,2,0,14991,7,17753,231,56,0,-5,3,2,0,20,-4,0
"9341","Blue","Blue","Red","Blue",18,2,8,12,0,17846,7,18097,192,67,2425,824,15,1,5,4,0,15421,6.8,17273,215,48,0,3,1,3,8,-23,19,0.2
"9342","Blue","Red","Blue","Blue",12,2,6,9,0,17025,6.8,17699,207,56,1128,-45,17,1,5,4,0,15897,7,17744,226,52,0,-5,1,1,5,-19,4,-0.2
"9343","Red","Blue","Blue","Red",20,3,11,9,0,17598,7.2,18935,225,52,1380,1402,15,1,8,8,0,16218,6.8,17533,192,44,0,5,2,3,1,33,8,0.4
"9344","Red","Red","Blue","Blue",14,4,4,2,0,16220,7,18251,239,54,688,415,22,1,3,4,0,15532,7,17836,221,57,0,-8,3,1,-2,18,-3,0
"9345","Red","Blue","Neither","Red",13,4,11,13,0,18395,6.6,16701,206,31,2933,1905,12,1,6,6,0,15462,6.2,14796,167,39,0,1,3,5,7,39,-8,0.399999999999999
"9346","Red","Neither","Blue","Red",36,2,6,4,0,15727,6.2,15909,171,49,-2467,-1494,15,3,12,13,0,18194,7,17403,202,35,0,21,-1,-6,-9,-31,14,-0.8
"9347","Blue","Red","Red","Red",19,5,4,3,0,15832,7.2,18431,257,52,755,436,17,4,3,4,0,15077,7,17995,217,60,0,2,1,1,-1,40,-8,0.2
"9348","Blue","Blue","Neither","Blue",19,0,10,12,0,18549,7.2,19419,203,63,4378,3157,9,6,2,2,0,14171,6.6,16262,214,44,0,10,-6,8,10,-11,19,0.600000000000001
"9349","Red","Blue","Neither","Blue",14,2,8,5,0,16589,6.8,17707,221,44,-1302,-90,18,6,10,14,0,17891,7,17797,207,50,0,-4,-4,-2,-9,14,-6,-0.2
"9350","Blue","Red","Neither","Blue",11,1,5,4,0,14945,6.8,17524,168,48,-145,850,16,3,2,2,0,15090,6.6,16674,233,48,0,-5,-2,3,2,-65,0,0.2
"9351","Blue","Red","Blue","Blue",14,8,9,6,1,19279,7.6,19873,230,69,4305,3750,203,1,4,4,0,14974,6.4,16123,182,42,1,-189,7,5,2,48,27,1.2
"9352","Blue","Neither","Neither","Red",16,1,5,5,0,15871,6.6,16394,200,56,-3162,-23,15,8,11,15,1,19033,6.4,16417,195,36,-1,1,-7,-6,-10,5,20,0.199999999999999
"9353","Blue","Blue","Blue","Red",12,2,8,7,1,18790,7.2,18604,224,48,1726,-196,72,4,9,13,0,17064,7.2,18800,195,51,1,-60,-2,-1,-6,29,-3,0
"9354","Red","Red","Blue","Blue",18,4,9,8,0,16616,7,17642,182,39,350,689,19,5,7,5,0,16266,6.8,16953,206,52,0,-1,-1,2,3,-24,-13,0.2
"9355","Blue","Red","Neither","Red",19,1,5,7,0,15701,6.8,16610,186,60,-2760,-2274,16,2,9,9,0,18461,7.2,18884,247,50,0,3,-1,-4,-2,-61,10,-0.4
"9356","Red","Red","Neither","Red",18,1,9,9,0,17556,7.2,18967,214,59,805,1723,12,3,7,12,0,16751,6.8,17244,230,36,0,6,-2,2,-3,-16,23,0.4
"9357","Red","Blue","Neither","Red",12,4,1,1,0,13591,6.6,16284,201,56,-3754,-2371,13,4,8,6,0,17345,7.2,18655,256,56,0,-1,0,-7,-5,-55,0,-0.600000000000001
"9358","Blue","Blue","Red","Blue",35,1,10,8,0,17637,7,18484,198,64,2216,949,15,1,4,2,0,15421,6.8,17535,236,39,0,20,0,6,6,-38,25,0.2
"9359","Blue","Red","Neither","Blue",17,2,7,4,0,17047,7,19573,224,54,3135,1888,15,4,2,1,0,13912,6.8,17685,201,50,0,2,-2,5,3,23,4,0.2
"9360","Red","Blue","Blue","Red",16,3,9,14,0,17821,7.2,18702,215,46,1855,1520,16,0,5,4,0,15966,6.6,17182,233,57,0,0,3,4,10,-18,-11,0.600000000000001
"9361","Red","Red","Neither","Blue",25,3,5,7,0,15694,7,18079,209,53,-451,591,24,4,4,5,0,16145,7,17488,241,63,0,1,-1,1,2,-32,-10,0
"9362","Red","Red","Red","Blue",17,0,8,8,0,16640,6.6,16726,222,43,-1939,-2911,14,1,9,15,0,18579,7.4,19637,233,56,0,3,-1,-1,-7,-11,-13,-0.800000000000001
"9363","Blue","Blue","Neither","Red",19,2,4,4,0,16235,7,18651,260,58,584,370,16,2,3,7,0,15651,7,18281,221,68,0,3,0,1,-3,39,-10,0
"9364","Red","Neither","Blue","Red",30,1,3,2,0,14423,7.2,17518,188,59,-2911,-286,12,1,9,12,0,17334,6.8,17804,201,38,0,18,0,-6,-10,-13,21,0.4
"9365","Red","Neither","Neither","Red",18,8,6,4,0,15911,6.6,17205,224,36,-194,-1106,17,4,6,7,0,16105,7.2,18311,193,48,0,1,4,0,-3,31,-12,-0.600000000000001
"9366","Red","Red","Neither","Red",13,1,3,3,0,14232,6.8,17038,186,56,-3082,-646,15,3,9,14,0,17314,6.8,17684,208,48,0,-2,-2,-6,-11,-22,8,0
"9367","Red","Neither","Neither","Blue",19,3,5,2,0,15429,6.6,16825,227,48,-1480,-1366,53,1,8,10,0,16909,6.8,18191,218,42,0,-34,2,-3,-8,9,6,-0.2
"9368","Red","Red","Neither","Red",12,4,2,1,0,14349,7,17864,199,62,-2289,-277,20,1,5,4,0,16638,7.2,18141,246,57,0,-8,3,-3,-3,-47,5,-0.2
"9369","Blue","Blue","Red","Red",18,2,10,15,0,17877,6.8,17302,186,43,-920,-1562,19,3,12,9,0,18797,7.2,18864,231,40,0,-1,-1,-2,6,-45,3,-0.4
"9370","Blue","Red","Neither","Red",12,3,8,8,0,15968,6.4,15868,145,42,-1912,-19,15,3,10,13,0,17880,6.6,15887,191,33,0,-3,0,-2,-5,-46,9,-0.199999999999999
"9371","Blue","Blue","Blue","Blue",16,2,7,5,1,17931,7,18404,210,65,-546,-104,12,4,8,13,0,18477,7,18508,217,50,1,4,-2,-1,-8,-7,15,0
"9372","Red","Red","Neither","Red",15,3,9,10,0,17082,7.2,18101,223,36,188,-498,15,1,7,11,0,16894,7,18599,215,72,0,0,2,2,-1,8,-36,0.2
"9373","Red","Blue","Red","Red",15,5,7,6,0,17147,7,18525,205,52,-142,-1193,15,5,8,2,0,17289,7.4,19718,242,59,0,0,0,-1,4,-37,-7,-0.4
"9374","Blue","Red","Neither","Blue",16,5,12,14,0,18338,7,18468,211,43,3054,2510,18,0,4,2,0,15284,6.6,15958,190,61,0,-2,5,8,12,21,-18,0.4
"9375","Red","Blue","Red","Red",31,4,4,3,0,15367,6.6,17109,214,54,-2572,-2642,45,0,9,12,0,17939,7,19751,198,70,0,-14,4,-5,-9,16,-16,-0.4
"9376","Blue","Blue","Neither","Blue",47,3,2,3,0,14408,6.6,16534,212,49,-1147,-1842,15,2,4,4,0,15555,6.8,18376,218,52,0,32,1,-2,-1,-6,-3,-0.2
"9377","Blue","Red","Neither","Blue",49,1,5,6,0,14991,6.8,17977,193,43,-274,-406,17,3,4,3,0,15265,7,18383,217,56,0,32,-2,1,3,-24,-13,-0.2
"9378","Blue","Neither","Blue","Red",37,6,5,6,0,16144,7,17907,226,65,2237,1009,33,2,1,1,0,13907,6.8,16898,226,53,0,4,4,4,5,0,12,0.2
"9379","Red","Red","Neither","Blue",16,1,6,6,0,15186,6.8,16381,204,24,-2666,-1972,38,4,8,14,0,17852,7,18353,218,57,0,-22,-3,-2,-8,-14,-33,-0.2
"9380","Blue","Blue","Neither","Blue",15,1,7,11,0,17072,7,19087,227,52,1782,1234,11,3,3,1,0,15290,7,17853,212,61,0,4,-2,4,10,15,-9,0
"9381","Red","Blue","Red","Blue",14,3,2,2,0,15381,6.6,16972,249,52,-2545,-1960,15,4,6,6,1,17926,7,18932,243,56,-1,-1,-1,-4,-4,6,-4,-0.4
"9382","Blue","Blue","Neither","Red",137,1,0,0,0,13610,6.6,16594,199,46,-1817,-1854,18,2,3,1,0,15427,7,18448,238,53,0,119,-1,-3,-1,-39,-7,-0.4
"9383","Blue","Neither","Neither","Blue",16,7,7,9,0,16535,7,17582,230,33,443,-1176,21,2,4,3,0,16092,7,18758,216,64,0,-5,5,3,6,14,-31,0
"9384","Red","Neither","Red","Red",10,1,3,4,0,15145,6.6,16768,200,32,-3472,-3059,102,0,11,6,0,18617,7.4,19827,227,63,0,-92,1,-8,-2,-27,-31,-0.800000000000001
"9385","Red","Neither","Neither","Red",17,2,8,4,0,15686,6.8,17245,195,35,-2594,-1150,15,2,8,9,0,18280,7,18395,236,60,0,2,0,0,-5,-41,-25,-0.2
"9386","Blue","Blue","Neither","Blue",18,2,10,14,0,17379,7,18458,200,52,1138,-7,17,2,5,3,0,16241,7,18465,246,44,0,1,0,5,11,-46,8,0
"9387","Red","Red","Neither","Blue",15,2,10,12,0,18051,6.8,17921,201,41,-2224,-2008,15,3,15,13,0,20275,7.4,19929,226,48,0,0,-1,-5,-1,-25,-7,-0.600000000000001
"9388","Blue","Blue","Neither","Red",14,7,3,3,0,16075,7.2,19032,251,63,597,559,15,4,2,3,0,15478,7,18473,244,44,0,-1,3,1,0,7,19,0.2
"9389","Blue","Blue","Blue","Blue",38,4,3,6,0,14854,7,16846,212,44,-630,-865,17,1,3,2,0,15484,7,17711,203,68,0,21,3,0,4,9,-24,0
"9390","Blue","Blue","Neither","Blue",41,5,4,5,0,15770,7,17426,229,60,669,-483,20,2,2,1,0,15101,7,17909,261,43,0,21,3,2,4,-32,17,0
"9391","Blue","Neither","Neither","Red",38,2,7,8,0,16308,7.2,17911,199,48,-1464,-1575,15,3,8,3,0,17772,7.4,19486,250,48,0,23,-1,-1,5,-51,0,-0.2
"9392","Red","Blue","Neither","Red",18,2,3,4,0,15008,7,18344,211,56,-37,1144,17,3,3,3,0,15045,6.8,17200,221,47,0,1,-1,0,1,-10,9,0.2
"9393","Blue","Neither","Neither","Red",18,0,5,5,0,15238,6.8,17288,184,60,-719,825,16,2,5,4,0,15957,6.8,16463,211,44,0,2,-2,0,1,-27,16,0
"9394","Blue","Blue","Blue","Blue",12,2,4,2,0,15534,7,18339,223,64,-483,-442,14,2,4,5,0,16017,7.2,18781,266,52,0,-2,0,0,-3,-43,12,-0.2
"9395","Red","Blue","Neither","Blue",40,3,8,6,0,16707,6.6,17154,217,44,-164,343,13,13,8,12,0,16871,6.8,16811,174,49,0,27,-10,0,-6,43,-5,-0.2
"9396","Red","Red","Neither","Red",19,3,3,5,0,17200,7,18695,237,57,1266,612,14,1,4,3,0,15934,7,18083,239,55,0,5,2,-1,2,-2,2,0
"9397","Red","Neither","Neither","Red",12,3,3,3,0,14830,6.6,17313,221,48,-4299,-3010,34,3,11,17,0,19129,7.4,20323,228,64,0,-22,0,-8,-14,-7,-16,-0.800000000000001
"9398","Blue","Blue","Red","Blue",14,3,6,7,0,16620,6.8,16713,212,52,1156,168,18,3,6,6,0,15464,6.6,16545,200,39,0,-4,0,0,1,12,13,0.2
"9399","Blue","Blue","Blue","Blue",17,2,9,12,0,17611,7,18390,232,45,3878,3016,18,2,2,4,0,13733,6.4,15374,205,44,0,-1,0,7,8,27,1,0.6
"9400","Blue","Blue","Red","Red",16,1,9,12,0,17908,7,17505,220,55,1717,775,10,0,7,9,0,16191,6.6,16730,212,35,0,6,1,2,3,8,20,0.4
"9401","Blue","Blue","Neither","Blue",15,1,7,9,0,17791,7,19243,244,71,2037,2483,14,4,5,5,0,15754,6.6,16760,209,36,0,1,-3,2,4,35,35,0.4
"9402","Red","Red","Red","Red",16,1,2,3,0,15509,7,18064,235,58,-1098,-966,138,3,6,4,0,16607,7.2,19030,204,68,0,-122,-2,-4,-1,31,-10,-0.2
"9403","Blue","Neither","Neither","Blue",18,2,6,4,0,16304,6.8,17893,209,50,-794,-951,13,3,5,3,0,17098,7.2,18844,220,73,0,5,-1,1,1,-11,-23,-0.4
"9404","Red","Blue","Neither","Blue",14,5,7,14,0,16594,7,18266,217,51,611,290,18,1,3,1,0,15983,6.8,17976,239,60,0,-4,4,4,13,-22,-9,0.2
"9405","Red","Red","Neither","Red",27,4,4,3,0,14732,6.6,16332,186,47,-2749,-3335,15,3,7,6,0,17481,7.6,19667,222,76,0,12,1,-3,-3,-36,-29,-1
"9406","Blue","Red","Blue","Red",15,0,9,5,0,17149,6.8,17767,211,35,-417,-1028,39,4,8,6,0,17566,7,18795,215,61,0,-24,-4,1,-1,-4,-26,-0.2
"9407","Blue","Red","Red","Blue",17,2,7,9,0,18408,7.4,20063,250,60,4119,2320,15,1,1,1,0,14289,6.8,17743,234,51,0,2,1,6,8,16,9,0.600000000000001
"9408","Red","Red","Red","Red",14,2,0,0,0,14211,6.6,17270,232,59,-3051,-2114,21,6,5,3,1,17262,7.2,19384,250,55,-1,-7,-4,-5,-3,-18,4,-0.600000000000001
"9409","Blue","Blue","Blue","Blue",15,16,3,4,0,15698,7,18088,253,56,-451,-1374,43,5,2,1,0,16149,7.2,19462,255,75,0,-28,11,1,3,-2,-19,-0.2
"9410","Red","Blue","Neither","Blue",41,1,7,8,0,15956,6.6,17062,200,44,-916,-1466,12,1,8,6,0,16872,7.2,18528,204,52,0,29,0,-1,2,-4,-8,-0.600000000000001
"9411","Blue","Blue","Neither","Blue",16,5,12,24,0,20289,7.2,20144,245,48,7039,4860,54,1,1,1,0,13250,6.4,15284,152,60,0,-38,4,11,23,93,-12,0.8
"9412","Blue","Red","Neither","Red",16,3,7,5,0,16948,7,17861,207,48,-2581,-1304,94,3,12,12,0,19529,7.2,19165,252,48,0,-78,0,-5,-7,-45,0,-0.2
"9413","Red","Red","Neither","Red",55,1,4,7,0,15900,7,17743,187,68,-688,-230,13,3,5,4,0,16588,6.8,17973,236,51,0,42,-2,-1,3,-49,17,0.2
"9414","Red","Red","Red","Red",12,2,4,3,0,15690,6.8,18165,223,40,-2802,-1606,17,3,10,16,0,18492,7.4,19771,227,44,0,-5,-1,-6,-13,-4,-4,-0.600000000000001
"9415","Blue","Blue","Blue","Blue",34,3,5,5,0,17018,7.4,20337,262,60,1496,1664,16,2,3,2,0,15522,7.2,18673,253,59,0,18,1,2,3,9,1,0.2
"9416","Blue","Blue","Blue","Blue",18,3,10,12,1,19639,7.2,19616,241,57,2778,1130,22,5,6,8,0,16861,7.2,18486,240,54,1,-4,-2,4,4,1,3,0
"9417","Blue","Blue","Neither","Blue",13,1,6,6,0,16019,6.6,17728,193,47,-612,-167,16,1,6,8,0,16631,7,17895,218,51,0,-3,0,0,-2,-25,-4,-0.4
"9418","Red","Red","Neither","Red",41,0,2,3,0,14525,7,18541,214,72,-3207,-1327,27,17,9,9,0,17732,7.2,19868,241,52,0,14,-17,-7,-6,-27,20,-0.2
"9419","Red","Blue","Red","Red",19,3,4,7,0,14931,6.4,16059,199,46,-2698,-2458,17,2,6,11,0,17629,7,18517,239,49,0,2,1,-2,-4,-40,-3,-0.6
"9420","Blue","Blue","Blue","Blue",22,3,10,7,1,20540,7.6,20655,256,55,6921,4411,12,3,2,1,0,13619,6.6,16244,186,40,1,10,0,8,6,70,15,1
"9421","Blue","Red","Neither","Blue",40,5,2,3,0,14895,6.8,17420,236,52,773,320,16,3,1,0,0,14122,6.8,17100,212,48,0,24,2,1,3,24,4,0
"9422","Red","Red","Neither","Red",16,1,2,3,0,14584,6.4,16269,198,50,-4788,-2570,49,4,14,20,0,19372,7.2,18839,214,44,0,-33,-3,-12,-17,-16,6,-0.8
"9423","Blue","Red","Neither","Blue",14,3,5,3,0,15757,6.8,17869,229,52,603,-461,85,1,2,0,0,15154,7,18330,246,67,0,-71,2,3,3,-17,-15,-0.2
"9424","Red","Red","Neither","Blue",15,3,7,5,0,16477,7.2,18750,198,56,435,564,14,3,4,2,0,16042,7,18186,258,64,0,1,0,3,3,-60,-8,0.2
"9425","Red","Red","Neither","Blue",16,3,5,5,0,15048,6.4,16614,182,48,384,872,18,5,2,2,0,14664,6.6,15742,229,48,0,-2,-2,3,3,-47,0,-0.199999999999999
"9426","Blue","Blue","Neither","Blue",17,3,7,10,0,17197,7.2,18431,224,64,2348,1047,19,2,4,4,0,14849,6.6,17384,206,49,0,-2,1,3,6,18,15,0.600000000000001
"9427","Red","Red","Blue","Red",19,5,7,7,0,16956,6.8,18758,223,64,314,611,16,8,7,7,0,16642,7.2,18147,235,57,0,3,-3,0,0,-12,7,-0.4
"9428","Red","Neither","Red","Blue",16,18,4,3,0,14958,6.6,16928,184,42,-5089,-4890,53,1,11,7,1,20047,7.8,21818,243,63,-1,-37,17,-7,-4,-59,-21,-1.2
"9429","Red","Blue","Neither","Red",13,1,5,5,0,17006,7.2,18416,245,52,-1682,-1153,15,2,9,12,0,18688,7.2,19569,260,47,0,-2,-1,-4,-7,-15,5,0
"9430","Blue","Neither","Neither","Blue",89,2,11,14,0,19866,7.6,20339,202,53,3128,2919,15,2,7,5,0,16738,6.8,17420,202,48,0,74,0,4,9,0,5,0.8
"9431","Red","Neither","Red","Blue",105,1,6,3,0,15720,6.8,17660,187,43,-1862,-1326,13,3,7,6,0,17582,7.2,18986,240,52,0,92,-2,-1,-3,-53,-9,-0.4
"9432","Red","Neither","Neither","Red",15,3,10,7,0,17938,7,18477,150,29,-1415,-1826,72,5,13,7,0,19353,7.6,20303,196,60,0,-57,-2,-3,0,-46,-31,-0.6
"9433","Red","Neither","Neither","Blue",12,3,7,6,0,17197,7.2,18196,238,45,1125,-141,38,0,6,6,0,16072,7,18337,205,65,0,-26,3,1,0,33,-20,0.2
"9434","Blue","Neither","Neither","Red",38,3,3,4,0,14343,6.6,16877,209,39,-3049,-2220,19,1,7,9,0,17392,7.2,19097,241,51,0,19,2,-4,-5,-32,-12,-0.600000000000001
"9435","Red","Red","Neither","Red",22,1,2,0,0,14485,6.8,17588,233,64,-1422,-861,68,0,6,7,0,15907,7,18449,235,56,0,-46,1,-4,-7,-2,8,-0.2
"9436","Blue","Red","Neither","Red",17,3,6,6,0,17671,7,18649,250,56,2135,1254,59,4,3,4,0,15536,7,17395,231,52,0,-42,-1,3,2,19,4,0
"9437","Red","Neither","Neither","Red",16,1,4,6,0,15430,6.8,16509,207,40,-2763,-1881,17,0,10,13,0,18193,7,18390,218,47,0,-1,1,-6,-7,-11,-7,-0.2
"9438","Red","Red","Blue","Blue",13,2,3,3,0,15072,7,17479,233,52,-1247,-2320,41,2,5,6,0,16319,7.4,19799,222,76,0,-28,0,-2,-3,11,-24,-0.4
"9439","Red","Blue","Blue","Red",15,0,1,1,0,13815,6.8,16570,219,51,-4898,-3736,20,2,10,13,0,18713,7.4,20306,261,40,0,-5,-2,-9,-12,-42,11,-0.600000000000001
"9440","Red","Red","Neither","Red",15,2,7,5,0,17080,7,18513,219,54,-758,-516,34,2,12,10,0,17838,7.2,19029,209,64,0,-19,0,-5,-5,10,-10,-0.2
"9441","Blue","Blue","Neither","Red",18,4,7,7,0,17103,7,19263,221,56,2481,2112,18,4,2,2,0,14622,7,17151,210,52,0,0,0,5,5,11,4,0
"9442","Red","Blue","Red","Blue",19,3,10,10,0,18312,6.8,18057,239,46,1250,-226,17,4,7,5,0,17062,6.8,18283,206,57,0,2,-1,3,5,33,-11,0
"9443","Blue","Blue","Neither","Blue",14,1,7,2,0,15924,7,17965,211,45,961,1114,13,2,4,3,0,14963,6.6,16851,199,38,0,1,-1,3,-1,12,7,0.4
"9444","Red","Neither","Neither","Red",16,1,4,3,0,15122,6.8,17880,216,53,-1740,-46,15,2,7,7,0,16862,7,17926,195,53,0,1,-1,-3,-4,21,0,-0.2
"9445","Red","Red","Blue","Red",19,2,11,14,0,18361,7,18709,234,43,1531,1680,12,2,7,13,0,16830,6.8,17029,207,44,0,7,0,4,1,27,-1,0.2
"9446","Blue","Red","Neither","Blue",23,8,4,3,0,15888,6.8,17305,229,57,-209,-732,17,7,6,8,0,16097,6.8,18037,232,43,0,6,1,-2,-5,-3,14,0
"9447","Red","Red","Blue","Red",16,2,5,6,0,15717,6.6,16971,196,60,-646,-960,16,3,8,8,0,16363,6.8,17931,222,31,0,0,-1,-3,-2,-26,29,-0.2
"9448","Blue","Red","Neither","Blue",17,5,9,11,0,19153,7.4,20631,262,51,4003,2755,18,2,3,3,0,15150,7.2,17876,225,55,0,-1,3,6,8,37,-4,0.2
"9449","Blue","Neither","Blue","Red",17,4,9,7,0,17530,6.8,18078,238,48,2063,1430,40,2,6,3,0,15467,6.8,16648,189,48,0,-23,2,3,4,49,0,0
"9450","Blue","Neither","Neither","Blue",14,4,10,9,0,18389,7,18618,227,64,5191,4111,14,2,3,3,0,13198,6.2,14507,162,40,0,0,2,7,6,65,24,0.8
"9451","Red","Red","Neither","Blue",16,2,7,8,0,17381,7.2,18931,258,42,2389,892,18,2,2,2,0,14992,7,18039,216,56,0,-2,0,5,6,42,-14,0.2
"9452","Blue","Red","Neither","Red",49,4,4,6,0,15091,7.2,18237,215,39,-1516,-441,16,7,3,3,0,16607,7,18678,267,54,0,33,-3,1,3,-52,-15,0.2
"9453","Red","Red","Neither","Red",12,2,2,1,0,15097,7,18355,223,72,-2575,-982,12,3,8,9,0,17672,7.2,19337,226,44,0,0,-1,-6,-8,-3,28,-0.2
"9454","Blue","Blue","Neither","Blue",15,1,7,6,0,16272,7,18613,232,48,1471,806,12,1,3,3,0,14801,6.8,17807,239,45,0,3,0,4,3,-7,3,0.2
"9455","Blue","Blue","Blue","Red",11,3,6,6,0,16618,7,17861,206,69,-702,746,16,1,8,11,0,17320,6.4,17115,206,38,0,-5,2,-2,-5,0,31,0.6
"9456","Red","Red","Red","Red",15,2,2,1,0,14826,6.6,16327,222,37,-1635,-1544,17,4,8,12,0,16461,6.8,17871,210,50,0,-2,-2,-6,-11,12,-13,-0.2
"9457","Blue","Blue","Blue","Blue",14,3,11,8,0,19354,7.2,20036,251,48,5462,3677,15,0,2,2,0,13892,6.8,16359,192,51,0,-1,3,9,6,59,-3,0.4
"9458","Blue","Neither","Neither","Blue",21,2,7,12,0,17380,6.8,18705,232,50,2615,2028,14,3,4,3,0,14765,6.6,16677,181,56,0,7,-1,3,9,51,-6,0.2
"9459","Blue","Neither","Neither","Blue",15,2,5,9,0,16952,7.2,19223,239,52,790,83,14,4,3,3,0,16162,7.2,19140,251,76,0,1,-2,2,6,-12,-24,0
"9460","Blue","Neither","Neither","Blue",84,2,4,11,0,16316,6.6,17968,241,62,1193,1453,14,3,5,5,0,15123,6.4,16515,208,44,0,70,-1,-1,6,33,18,0.199999999999999
"9461","Red","Red","Red","Red",11,0,0,0,0,13608,6.6,16690,229,52,-4785,-3229,13,1,8,11,0,18393,7.2,19919,239,64,0,-2,-1,-8,-11,-10,-12,-0.600000000000001
"9462","Red","Blue","Neither","Blue",19,4,8,9,0,16227,6.6,16987,197,48,-3055,-2672,19,2,14,15,0,19282,7.2,19659,214,44,0,0,2,-6,-6,-17,4,-0.600000000000001
"9463","Blue","Blue","Neither","Blue",20,2,8,5,0,16285,6.4,16278,183,48,-1655,-1008,16,3,10,9,0,17940,6.6,17286,189,36,0,4,-1,-2,-4,-6,12,-0.199999999999999
"9464","Blue","Blue","Neither","Blue",11,2,15,19,0,19407,7.4,19360,217,42,1259,550,11,2,10,11,0,18148,7,18810,193,54,0,0,0,5,8,24,-12,0.4
"9465","Red","Neither","Neither","Red",11,1,8,10,0,17208,7.2,18713,231,45,-737,667,12,1,8,10,0,17945,6.8,18046,239,29,0,-1,0,0,0,-8,16,0.4
"9466","Red","Red","Blue","Blue",63,2,2,1,0,15915,7.2,18778,245,65,-255,-545,15,1,5,7,0,16170,7.2,19323,197,63,0,48,1,-3,-6,48,2,0
"9467","Blue","Neither","Neither","Blue",20,3,13,12,0,19012,7.2,18944,210,54,2194,1814,19,2,6,9,0,16818,6.8,17130,195,49,0,1,1,7,3,15,5,0.4
"9468","Blue","Neither","Blue","Blue",20,1,13,14,1,20861,7,18819,213,45,5245,2754,14,0,5,7,0,15616,6.4,16065,195,40,1,6,1,8,7,18,5,0.6
"9469","Red","Red","Neither","Blue",16,6,5,5,0,16051,6.8,16995,235,48,-290,-1061,17,6,5,7,0,16341,6.8,18056,245,35,0,-1,0,0,-2,-10,13,0
"9470","Red","Blue","Red","Red",18,2,5,9,0,16380,6.8,18331,229,46,-115,480,13,1,3,3,1,16495,7,17851,225,54,-1,5,1,2,6,4,-8,-0.2
"9471","Red","Red","Blue","Blue",16,3,4,4,0,15420,6.6,16188,185,61,-634,-1526,21,3,4,4,0,16054,6.8,17714,236,52,0,-5,0,0,0,-51,9,-0.2
"9472","Blue","Blue","Neither","Blue",12,5,8,11,0,18320,7,18926,244,56,3461,1985,20,3,4,2,0,14859,6.6,16941,217,36,0,-8,2,4,9,27,20,0.4
"9473","Blue","Blue","Blue","Blue",18,2,6,5,0,16604,7,17994,240,56,867,420,16,4,6,3,0,15737,6.8,17574,205,40,0,2,-2,0,2,35,16,0.2
"9474","Red","Neither","Neither","Red",13,3,4,5,0,15610,7,18203,184,63,-215,155,14,1,5,5,0,15825,7,18048,221,43,0,-1,2,-1,0,-37,20,0
"9475","Red","Red","Neither","Blue",17,0,10,8,0,17403,7,18532,181,40,1515,1112,16,5,5,7,0,15888,7,17420,231,44,0,1,-5,5,1,-50,-4,0
"9476","Blue","Blue","Neither","Red",17,2,7,7,0,16030,6.8,17738,180,66,-114,433,15,1,5,4,0,16144,6.8,17305,233,40,0,2,1,2,3,-53,26,0
"9477","Red","Red","Neither","Red",11,0,2,2,0,14756,6.8,17221,217,50,-1942,-407,10,3,6,6,0,16698,6.6,17628,212,69,0,1,-3,-4,-4,5,-19,0.2
"9478","Red","Neither","Neither","Red",13,2,4,3,0,14156,6.6,16075,177,43,-3906,-2509,13,0,7,7,1,18062,7.2,18584,233,48,-1,0,2,-3,-4,-56,-5,-0.600000000000001
"9479","Red","Neither","Neither","Blue",18,4,7,7,0,16927,6.8,17042,223,42,-498,-861,21,3,8,7,0,17425,7,17903,228,51,0,-3,1,-1,0,-5,-9,-0.2
"9480","Blue","Blue","Neither","Blue",16,2,7,11,0,17365,6.8,17243,223,56,2208,-313,13,2,3,6,0,15157,6.8,17556,192,56,0,3,0,4,5,31,0,0
"9481","Blue","Neither","Neither","Blue",17,1,4,2,0,15226,6.8,17774,168,67,-1667,-654,16,0,5,6,0,16893,6.8,18428,227,55,0,1,1,-1,-4,-59,12,0
"9482","Red","Red","Neither","Red",18,2,8,7,0,17123,6.8,17730,190,51,1110,974,16,3,7,9,0,16013,6.8,16756,161,52,0,2,-1,1,-2,29,-1,0
"9483","Red","Blue","Neither","Red",12,2,3,2,0,14663,6.8,17795,206,59,-1984,-715,13,1,7,9,0,16647,7,18510,205,52,0,-1,1,-4,-7,1,7,-0.2
"9484","Red","Red","Blue","Blue",44,4,9,8,0,17897,7.2,19344,217,53,1692,1998,12,3,6,8,0,16205,7,17346,206,44,0,32,1,3,0,11,9,0.2
"9485","Red","Red","Red","Red",15,4,2,2,0,13418,5.8,13877,175,32,-5710,-4952,94,1,11,15,0,19128,7.2,18829,213,63,0,-79,3,-9,-13,-38,-31,-1.4
"9486","Red","Red","Blue","Red",14,7,6,7,0,15928,6.8,17872,195,43,806,371,15,3,6,7,0,15122,6.8,17501,200,44,0,-1,4,0,0,-5,-1,0
"9487","Red","Red","Blue","Red",12,5,3,2,0,15111,6.8,17710,210,68,-3620,-2690,17,4,12,9,0,18731,7.2,20400,236,45,0,-5,1,-9,-7,-26,23,-0.4
"9488","Blue","Neither","Neither","Blue",19,2,8,8,0,17101,7,18836,237,45,3056,1805,15,3,2,2,0,14045,6.6,17031,194,48,0,4,-1,6,6,43,-3,0.4
"9489","Blue","Blue","Neither","Red",38,1,8,10,0,17194,7.2,19279,200,71,2562,3016,14,3,5,4,0,14632,6.4,16263,184,44,0,24,-2,3,6,16,27,0.8
"9490","Blue","Red","Blue","Blue",16,4,6,2,0,16565,7,17877,214,51,824,521,15,4,5,2,0,15741,6.8,17356,212,45,0,1,0,1,0,2,6,0.2
"9491","Red","Blue","Red","Red",18,4,8,10,0,16943,6.8,17157,208,37,-1074,-1632,141,4,10,10,0,18017,7,18789,229,56,0,-123,0,-2,0,-21,-19,-0.2
"9492","Blue","Blue","Neither","Blue",13,2,7,8,0,17568,7.2,19108,241,56,1975,802,16,1,4,5,0,15593,7,18306,229,48,0,-3,1,3,3,12,8,0.2
"9493","Red","Red","Red","Red",27,4,6,10,0,17250,7.2,18763,206,60,86,467,65,2,8,9,0,17164,7,18296,197,60,0,-38,2,-2,1,9,0,0.2
"9494","Blue","Red","Blue","Blue",17,3,4,5,0,16559,7,17552,216,52,1928,257,12,5,2,1,0,14631,6.6,17295,248,48,0,5,-2,2,4,-32,4,0.4
"9495","Red","Red","Neither","Red",14,1,1,0,0,14351,6.6,17173,218,60,-982,-1614,19,0,3,2,0,15333,7.4,18787,219,48,0,-5,1,-2,-2,-1,12,-0.800000000000001
"9496","Red","Neither","Neither","Blue",29,3,2,4,0,14735,6.6,16525,236,40,-1751,-2530,31,5,5,6,0,16486,7,19055,223,68,0,-2,-2,-3,-2,13,-28,-0.4
"9497","Blue","Blue","Blue","Blue",14,5,9,17,0,18070,7.2,19270,235,55,3828,2447,16,1,1,0,0,14242,6.6,16823,214,68,0,-2,4,8,17,21,-13,0.600000000000001
"9498","Red","Blue","Neither","Blue",18,5,4,5,0,15449,6.8,17026,206,52,423,-315,18,3,3,1,0,15026,6.6,17341,254,44,0,0,2,1,4,-48,8,0.2
"9499","Blue","Red","Neither","Blue",24,4,8,6,0,17581,7,18639,243,45,1839,312,122,1,5,2,0,15742,7.2,18327,221,45,0,-98,3,3,4,22,0,-0.2
"9500","Red","Red","Blue","Red",40,1,4,3,0,15505,6.8,18109,215,40,-875,-363,12,4,6,4,0,16380,7.2,18472,232,48,0,28,-3,-2,-1,-17,-8,-0.4
"9501","Blue","Red","Neither","Blue",14,12,8,12,0,16873,6.8,17879,215,45,375,296,40,1,8,14,0,16498,7,17583,202,40,0,-26,11,0,-2,13,5,-0.2
"9502","Red","Red","Neither","Red",49,3,4,7,0,14755,6.2,15569,213,39,-4095,-1033,15,0,10,19,0,18850,6.6,16602,199,56,0,34,3,-6,-12,14,-17,-0.399999999999999
"9503","Blue","Neither","Neither","Blue",16,1,10,11,0,18081,7,18813,207,63,2273,1714,14,0,6,10,0,15808,6.8,17099,220,41,0,2,1,4,1,-13,22,0.2
"9504","Blue","Neither","Neither","Red",84,3,5,7,0,15791,7,17342,192,57,-1892,-580,11,1,9,12,0,17683,7.2,17922,205,40,0,73,2,-4,-5,-13,17,-0.2
"9505","Red","Blue","Neither","Red",10,4,1,0,0,13480,6.4,16396,215,52,-3137,-2097,22,1,6,10,0,16617,7,18493,233,49,0,-12,3,-5,-10,-18,3,-0.6
"9506","Blue","Neither","Neither","Blue",12,2,8,10,0,17946,7.2,18778,204,48,2401,727,15,0,7,5,0,15545,6.8,18051,187,51,0,-3,2,1,5,17,-3,0.4
"9507","Blue","Blue","Red","Red",10,9,10,10,0,17754,7,18278,195,52,292,1026,124,0,10,12,0,17462,6.8,17252,190,40,0,-114,9,0,-2,5,12,0.2
"9508","Blue","Red","Neither","Red",14,1,4,3,0,16172,6.8,17632,221,48,-1460,-1134,15,1,9,15,0,17632,7.2,18766,223,56,0,-1,0,-5,-12,-2,-8,-0.4
"9509","Red","Red","Neither","Blue",16,0,2,0,0,14828,7.2,18414,237,68,-507,343,14,3,2,3,0,15335,7,18071,260,40,0,2,-3,0,-3,-23,28,0.2
"9510","Blue","Red","Neither","Red",17,1,7,5,0,16589,7,18188,188,57,-3242,-950,14,3,10,11,1,19831,7.2,19138,253,54,-1,3,-2,-3,-6,-65,3,-0.2
"9511","Blue","Red","Neither","Red",12,2,3,5,0,15521,7,17703,210,63,-1079,233,48,1,7,14,0,16600,7,17470,215,44,0,-36,1,-4,-9,-5,19,0
"9512","Blue","Blue","Neither","Blue",17,3,6,9,0,16198,6.8,17866,226,44,1873,1987,18,2,3,4,0,14325,6.4,15879,179,44,0,-1,1,3,5,47,0,0.399999999999999
"9513","Red","Red","Neither","Red",36,6,1,1,0,13125,6.2,15273,167,59,-4596,-2815,17,5,10,11,0,17721,7.2,18088,243,46,0,19,1,-9,-10,-76,13,-1
"9514","Blue","Blue","Neither","Red",30,4,7,10,0,16065,6.8,17018,200,53,1322,148,40,5,3,2,0,14743,6.6,16870,213,35,0,-10,-1,4,8,-13,18,0.2
"9515","Blue","Neither","Neither","Blue",15,3,6,5,0,16940,7.2,17909,246,38,566,-57,16,4,7,11,0,16374,7.2,17966,219,37,0,-1,-1,-1,-6,27,1,0
"9516","Red","Red","Blue","Blue",15,3,7,9,1,17655,6.4,16585,203,52,-134,-1518,16,2,9,16,0,17789,7,18103,217,53,1,-1,1,-2,-7,-14,-1,-0.6
"9517","Red","Blue","Neither","Blue",11,3,8,9,0,16707,6.8,17380,193,44,-724,1250,17,4,6,7,1,17431,6.4,16130,216,36,-1,-6,-1,2,2,-23,8,0.399999999999999
"9518","Red","Neither","Neither","Red",86,1,6,5,0,15214,7,17796,171,48,-3709,-1635,18,1,11,10,0,18923,7.2,19431,228,40,0,68,0,-5,-5,-57,8,-0.2
"9519","Blue","Red","Neither","Blue",15,3,12,13,0,19835,7.4,19690,223,48,4675,3054,13,2,5,5,0,15160,6.8,16636,169,48,0,2,1,7,8,54,0,0.600000000000001
"9520","Blue","Red","Red","Red",18,2,1,3,0,14289,6.8,17513,246,41,-1222,-874,11,4,3,3,0,15511,6.8,18387,248,60,0,7,-2,-2,0,-2,-19,0
"9521","Red","Blue","Neither","Blue",20,6,8,8,0,16846,7.4,19790,224,54,2487,1963,24,5,2,1,0,14359,6.8,17827,223,48,0,-4,1,6,7,1,6,0.600000000000001
"9522","Red","Red","Blue","Red",14,3,6,3,0,15488,6.8,17274,196,60,-4858,-1631,19,5,12,15,1,20346,6.8,18905,214,70,-1,-5,-2,-6,-12,-18,-10,0
"9523","Blue","Red","Neither","Blue",16,2,7,8,0,16855,6.8,17721,218,62,-1678,-959,14,1,10,14,0,18533,7,18680,232,48,0,2,1,-3,-6,-14,14,-0.2
"9524","Blue","Blue","Neither","Red",17,2,5,4,0,16660,7,19188,217,55,785,1439,18,2,5,6,0,15875,6.8,17749,200,48,0,-1,0,0,-2,17,7,0.2
"9525","Red","Blue","Neither","Blue",14,1,10,9,0,18611,7.6,20169,225,68,2819,3222,17,2,5,6,0,15792,6.8,16947,211,49,0,-3,-1,5,3,14,19,0.8
"9526","Red","Red","Blue","Red",17,0,8,5,0,18233,7.4,19767,256,56,363,-533,78,2,8,13,0,17870,7.6,20300,239,52,0,-61,-2,0,-8,17,4,-0.199999999999999
"9527","Red","Neither","Blue","Blue",38,2,6,10,0,16616,6.6,17450,215,56,930,2011,15,0,5,7,0,15686,6.2,15439,168,60,0,23,2,1,3,47,-4,0.399999999999999
"9528","Blue","Red","Neither","Red",17,2,6,8,0,16107,7.2,17763,231,39,-621,-23,16,5,7,9,0,16728,6.8,17786,216,43,0,1,-3,-1,-1,15,-4,0.4
"9529","Blue","Red","Red","Blue",28,2,7,12,0,16674,6.8,17188,204,47,111,-199,23,1,5,5,0,16563,7,17387,221,48,0,5,1,2,7,-17,-1,-0.2
"9530","Blue","Blue","Red","Blue",16,3,7,12,0,16671,6.8,17285,216,48,2644,1400,14,5,2,1,0,14027,6.4,15885,228,52,0,2,-2,5,11,-12,-4,0.399999999999999
"9531","Blue","Blue","Neither","Red",17,2,9,6,0,17261,7,18577,219,56,1704,2023,15,1,6,8,0,15557,6.6,16554,182,42,0,2,1,3,-2,37,14,0.4
"9532","Blue","Blue","Blue","Red",14,2,6,4,0,16886,7.2,18724,242,64,2881,2005,141,1,2,2,0,14005,6.8,16719,186,48,0,-127,1,4,2,56,16,0.4
"9533","Red","Blue","Blue","Blue",60,2,10,7,0,18226,7.2,18871,211,53,1063,1153,16,9,7,8,0,17163,7,17718,229,52,0,44,-7,3,-1,-18,1,0.2
"9534","Blue","Blue","Neither","Blue",16,2,11,13,0,18136,7,18077,194,55,649,343,15,3,6,8,0,17487,7,17734,239,44,0,1,-1,5,5,-45,11,0
"9535","Red","Red","Blue","Blue",15,1,1,0,0,14712,7,17631,253,62,-132,-1473,12,2,0,0,0,14844,7,19104,264,68,0,3,-1,1,0,-11,-6,0
"9536","Blue","Red","Blue","Blue",15,2,7,4,0,16420,7,18391,224,49,-1250,-1034,17,2,8,6,0,17670,7.2,19425,239,55,0,-2,0,-1,-2,-15,-6,-0.2
"9537","Blue","Red","Neither","Red",17,2,9,9,0,17678,6.8,17263,190,40,-1213,848,15,3,10,19,1,18891,6.6,16415,182,37,-1,2,-1,-1,-10,8,3,0.2
"9538","Red","Red","Neither","Red",29,3,9,10,0,17126,6.8,17604,195,52,1386,679,18,2,7,4,0,15740,6.6,16925,202,48,0,11,1,2,6,-7,4,0.2
"9539","Red","Neither","Red","Red",16,3,4,4,0,15001,6.6,16275,205,37,-5120,-4011,46,3,14,16,0,20121,7.4,20286,233,64,0,-30,0,-10,-12,-28,-27,-0.800000000000001
"9540","Red","Red","Red","Blue",16,1,4,2,0,15416,7.2,18403,214,51,-2219,-677,15,3,6,7,0,17635,7.2,19080,237,56,0,1,-2,-2,-5,-23,-5,0
"9541","Red","Red","Neither","Blue",18,3,5,3,0,15177,6.6,16094,206,33,-2399,-2317,15,3,8,7,0,17576,7,18411,243,47,0,3,0,-3,-4,-37,-14,-0.4
"9542","Red","Red","Neither","Blue",14,0,4,2,0,15853,6.8,18455,229,64,20,-1382,18,2,4,3,0,15833,7.4,19837,232,69,0,-4,-2,0,-1,-3,-5,-0.600000000000001
"9543","Red","Blue","Neither","Red",16,5,8,10,0,17513,7,18498,234,44,834,861,26,1,5,7,0,16679,6.8,17637,215,60,0,-10,4,3,3,19,-16,0.2
"9544","Red","Red","Red","Red",15,6,8,9,0,16345,7,17692,206,43,-1208,-213,18,5,8,9,0,17553,7,17905,223,56,0,-3,1,0,0,-17,-13,0
"9545","Red","Red","Neither","Red",13,11,5,6,0,14826,6.8,16490,176,40,-2907,-3389,38,0,9,2,0,17733,7.4,19879,229,65,0,-25,11,-4,4,-53,-25,-0.600000000000001
"9546","Red","Red","Neither","Blue",16,2,7,7,0,16440,6.8,17181,197,37,-635,-1449,11,5,6,8,0,17075,7,18630,246,49,0,5,-3,1,-1,-49,-12,-0.2
"9547","Blue","Blue","Neither","Blue",18,3,4,4,0,16571,7.2,18893,258,52,1749,1270,20,3,3,3,0,14822,6.6,17623,232,49,0,-2,0,1,1,26,3,0.600000000000001
"9548","Red","Red","Neither","Red",17,3,4,10,0,15928,6.8,17242,204,56,-2760,-1949,12,3,10,13,0,18688,7.2,19191,233,55,0,5,0,-6,-3,-29,1,-0.4
"9549","Red","Neither","Blue","Blue",14,5,7,11,0,17759,7.2,18043,246,36,-695,-2159,15,1,10,6,0,18454,7.4,20202,214,64,0,-1,4,-3,5,32,-28,-0.2
"9550","Blue","Red","Neither","Red",18,2,2,1,0,13995,7,17605,176,71,-1171,-854,51,5,4,6,0,15166,7,18459,218,64,0,-33,-3,-2,-5,-42,7,0
"9551","Blue","Red","Blue","Blue",16,4,5,5,0,16607,7,17949,223,68,-1001,-543,54,2,8,10,0,17608,7,18492,229,41,0,-38,2,-3,-5,-6,27,0
"9552","Blue","Blue","Red","Red",15,0,19,22,0,22173,7.4,20408,234,45,7154,6032,12,0,4,5,0,15019,6,14376,189,38,0,3,0,15,17,45,7,1.4
"9553","Red","Red","Neither","Red",15,4,3,1,0,14114,6.8,17331,215,36,-3063,-2014,19,5,7,12,0,17177,7.4,19345,227,60,0,-4,-1,-4,-11,-12,-24,-0.600000000000001
"9554","Blue","Blue","Blue","Red",78,18,6,4,1,18704,7.6,20796,260,67,3917,2196,39,0,3,1,0,14787,7,18600,216,60,1,39,18,3,3,44,7,0.6
"9555","Blue","Neither","Neither","Blue",13,0,6,8,0,18236,7.2,19626,234,76,3586,3431,13,1,3,4,0,14650,6.6,16195,221,47,0,0,-1,3,4,13,29,0.600000000000001
"9556","Red","Red","Neither","Red",16,6,5,4,0,15437,7,17811,195,68,-2205,-1308,17,4,7,6,0,17642,7.2,19119,270,40,0,-1,2,-2,-2,-75,28,-0.2
"9557","Red","Blue","Neither","Red",18,3,7,7,0,15842,6.6,17223,216,35,-3572,-1330,21,5,10,10,1,19414,7,18553,225,36,-1,-3,-2,-3,-3,-9,-1,-0.4
"9558","Blue","Blue","Red","Red",33,5,4,5,0,16476,6.6,17137,225,50,896,-140,13,5,4,1,0,15580,6.8,17277,227,54,0,20,0,0,4,-2,-4,-0.2
"9559","Blue","Red","Blue","Red",16,5,8,9,0,17075,7,17360,198,49,399,-182,15,2,7,6,0,16676,7,17542,219,65,0,1,3,1,3,-21,-16,0
"9560","Blue","Blue","Neither","Blue",108,2,10,6,0,18327,7.2,18553,219,62,2980,1865,10,3,5,3,0,15347,6.8,16688,233,43,0,98,-1,5,3,-14,19,0.4
"9561","Red","Red","Neither","Red",16,3,5,6,0,15432,7,17869,225,46,-2228,-745,17,2,8,8,0,17660,7,18614,247,56,0,-1,1,-3,-2,-22,-10,0
"9562","Red","Red","Red","Red",18,2,2,3,0,14510,6.8,17801,247,36,-1456,-251,79,3,3,5,0,15966,7,18052,252,56,0,-61,-1,-1,-2,-5,-20,-0.2
"9563","Red","Blue","Neither","Red",15,3,2,1,0,14426,6.6,17051,210,60,-2709,-1468,12,4,8,9,0,17135,7,18519,239,48,0,3,-1,-6,-8,-29,12,-0.4
"9564","Blue","Blue","Neither","Red",15,0,11,9,1,19632,7,18732,222,60,4648,2498,12,0,5,7,0,14984,6.4,16234,181,37,1,3,0,6,2,41,23,0.6
"9565","Blue","Blue","Neither","Red",13,1,9,17,0,17923,7,17698,189,54,-37,-100,14,1,8,9,0,17960,7,17798,202,60,0,-1,0,1,8,-13,-6,0
"9566","Blue","Neither","Neither","Blue",21,3,4,3,0,16297,6.8,17730,237,62,1772,1255,17,1,4,4,0,14525,6.6,16475,202,36,0,4,2,0,-1,35,26,0.2
"9567","Blue","Red","Neither","Blue",15,0,9,9,1,20026,7.2,19142,246,51,6773,5215,82,2,3,4,0,13253,6.2,13927,148,32,1,-67,-2,6,5,98,19,1
"9568","Red","Blue","Neither","Blue",17,4,5,3,0,15926,6.6,16415,247,48,-299,-1889,36,2,4,4,0,16225,7,18304,230,49,0,-19,2,1,-1,17,-1,-0.4
"9569","Blue","Blue","Red","Red",20,3,4,5,0,15579,6.8,18054,203,67,-2227,-1077,15,4,8,6,0,17806,7.2,19131,254,53,0,5,-1,-4,-1,-51,14,-0.4
"9570","Blue","Neither","Neither","Red",37,4,3,4,0,15270,7,18043,235,55,-1429,1040,85,5,7,8,0,16699,6.4,17003,204,39,0,-48,-1,-4,-4,31,16,0.6
"9571","Red","Blue","Neither","Red",12,2,4,4,0,15994,7,18031,229,64,-2519,-1610,15,4,10,15,0,18513,7.2,19641,238,39,0,-3,-2,-6,-11,-9,25,-0.2
"9572","Red","Red","Red","Blue",13,3,3,3,0,16064,7.2,18651,247,56,1117,472,17,2,3,0,0,14947,6.8,18179,229,54,0,-4,1,0,3,18,2,0.4
"9573","Blue","Blue","Neither","Blue",20,4,8,12,0,16796,6.6,16424,185,48,700,1221,15,3,8,14,0,16096,6.2,15203,175,28,0,5,1,0,-2,10,20,0.399999999999999
"9574","Blue","Red","Red","Red",14,2,5,4,0,15553,6.6,15768,203,40,-977,-2180,17,0,7,5,0,16530,7,17948,222,54,0,-3,2,-2,-1,-19,-14,-0.4
"9575","Red","Neither","Red","Red",41,0,4,4,0,14838,6,15075,180,44,-6265,-3518,14,13,17,24,0,21103,7,18593,194,28,0,27,-13,-13,-20,-14,16,-1
"9576","Blue","Red","Neither","Red",15,6,4,4,0,15506,6.6,17801,229,50,-154,663,19,2,4,7,0,15660,6.6,17138,222,44,0,-4,4,0,-3,7,6,0
"9577","Red","Red","Neither","Red",41,3,6,3,0,16531,7.4,19310,226,59,-1114,-398,37,3,10,10,0,17645,7.4,19708,199,58,0,4,0,-4,-7,27,1,0
"9578","Red","Neither","Neither","Blue",14,3,7,9,0,16000,6.4,16324,190,44,-2111,-2875,16,4,12,11,0,18111,7.2,19199,221,51,0,-2,-1,-5,-2,-31,-7,-0.8
"9579","Red","Red","Neither","Red",12,1,6,5,0,16281,6.8,17569,209,53,-2082,-2125,14,0,11,9,0,18363,7.4,19694,206,64,0,-2,1,-5,-4,3,-11,-0.600000000000001
"9580","Blue","Blue","Neither","Blue",16,3,7,7,0,17442,6.8,17426,236,36,153,-519,18,3,8,8,0,17289,6.8,17945,226,48,0,-2,0,-1,-1,10,-12,0
"9581","Blue","Neither","Blue","Blue",16,2,10,12,0,18692,7.4,19767,248,48,2830,1589,12,2,6,4,0,15862,6.8,18178,210,39,0,4,0,4,8,38,9,0.600000000000001
"9582","Blue","Blue","Red","Red",19,1,5,4,0,17028,7,18519,235,60,1761,2297,15,5,6,9,0,15267,6.6,16222,177,36,0,4,-4,-1,-5,58,24,0.4
"9583","Red","Blue","Neither","Red",53,2,0,0,0,13787,6.8,17848,225,52,-2153,-1344,14,4,3,3,0,15940,7.2,19192,237,56,0,39,-2,-3,-3,-12,-4,-0.4
"9584","Blue","Blue","Blue","Red",17,0,5,3,0,17956,7,18251,271,50,4594,2745,18,3,2,6,0,13362,6.4,15506,187,33,0,-1,-3,3,-3,84,17,0.6
"9585","Red","Blue","Red","Red",21,2,2,6,0,15476,6.8,17429,237,64,-781,-1559,17,6,5,3,0,16257,7.2,18988,227,48,0,4,-4,-3,3,10,16,-0.4
"9586","Blue","Blue","Blue","Red",16,2,4,3,0,15875,6.8,18309,234,65,455,1305,15,4,4,6,0,15420,6.4,17004,233,42,0,1,-2,0,-3,1,23,0.399999999999999
"9587","Blue","Blue","Blue","Blue",17,0,8,9,0,17030,6.8,17359,206,43,-493,-986,15,4,9,13,0,17523,7.2,18345,186,44,0,2,-4,-1,-4,20,-1,-0.4
"9588","Red","Neither","Neither","Red",20,2,3,1,0,14719,6.6,16759,214,43,-2418,-2255,38,1,6,7,0,17137,7,19014,240,64,0,-18,1,-3,-6,-26,-21,-0.4
"9589","Blue","Red","Blue","Red",23,1,7,8,1,17617,6.6,17519,199,47,241,307,25,3,4,7,1,17376,6.6,17212,214,58,0,-2,-2,3,1,-15,-11,0
"9590","Red","Neither","Blue","Blue",15,4,5,6,0,16457,7,18669,229,60,1023,1754,19,2,4,7,0,15434,6.6,16915,219,53,0,-4,2,1,-1,10,7,0.4
"9591","Red","Red","Red","Blue",15,4,5,9,0,15885,6.6,16674,203,40,-75,-1566,14,2,6,1,0,15960,7,18240,211,68,0,1,2,-1,8,-8,-28,-0.4
"9592","Blue","Neither","Blue","Blue",14,0,10,10,1,19107,7.4,20103,230,56,3799,2856,11,2,4,3,0,15308,6.8,17247,210,56,1,3,-2,6,7,20,0,0.600000000000001
"9593","Blue","Neither","Neither","Red",19,8,7,10,0,16507,6.4,16273,212,42,1114,-1294,18,4,4,5,0,15393,6.8,17567,221,55,0,1,4,3,5,-9,-13,-0.399999999999999
"9594","Blue","Blue","Neither","Red",14,8,6,11,0,16538,7.2,18707,235,55,1585,1348,14,3,4,4,0,14953,6.6,17359,189,44,0,0,5,2,7,46,11,0.600000000000001
"9595","Red","Red","Neither","Red",32,4,3,3,0,15067,6.6,15937,186,39,-2968,-3336,21,1,10,11,0,18035,7.4,19273,214,57,0,11,3,-7,-8,-28,-18,-0.800000000000001
"9596","Red","Neither","Neither","Blue",13,3,7,11,0,16571,6.4,15773,178,44,-1624,-3004,21,2,13,15,0,18195,7.2,18777,207,32,0,-8,1,-6,-4,-29,12,-0.8
"9597","Red","Red","Neither","Red",40,2,5,6,0,16530,7.4,19242,231,51,-1347,-1433,13,15,8,6,0,17877,7.6,20675,231,79,0,27,-13,-3,0,0,-28,-0.199999999999999
"9598","Blue","Blue","Neither","Red",13,2,6,9,0,16239,7,18439,203,52,36,-234,19,3,6,3,0,16203,7.2,18673,224,50,0,-6,-1,0,6,-21,2,-0.2
"9599","Red","Red","Red","Blue",14,4,6,7,0,16624,6.8,18473,208,52,115,-256,15,4,4,6,0,16509,7,18729,239,68,0,-1,0,2,1,-31,-16,-0.2
"9600","Red","Blue","Red","Red",20,4,7,7,0,15890,6.4,16536,201,39,-3280,-2301,20,4,11,14,0,19170,7.4,18837,223,47,0,0,0,-4,-7,-22,-8,-1
"9601","Blue","Red","Neither","Blue",15,2,13,23,0,18957,7.4,19663,222,68,2842,1659,15,3,4,7,0,16115,6.8,18004,238,64,0,0,-1,9,16,-16,4,0.600000000000001
"9602","Blue","Blue","Neither","Red",19,4,11,10,0,18307,7.2,19247,228,54,3223,2804,14,2,5,3,0,15084,6.6,16443,198,40,0,5,2,6,7,30,14,0.600000000000001
"9603","Blue","Blue","Blue","Red",14,1,2,2,0,16394,7.4,20016,264,85,1447,1753,13,3,3,1,0,14947,6.8,18263,227,54,0,1,-2,-1,1,37,31,0.600000000000001
"9604","Blue","Red","Blue","Red",47,2,3,3,0,15096,6.2,15306,212,50,-2483,-1696,14,20,12,16,0,17579,6.6,17002,144,41,0,33,-18,-9,-13,68,9,-0.399999999999999
"9605","Blue","Blue","Neither","Blue",18,4,3,5,0,15200,6.8,17127,230,56,662,33,15,4,3,3,0,14538,6.6,17094,202,47,0,3,0,0,2,28,9,0.2
"9606","Blue","Blue","Neither","Red",23,5,3,3,0,14684,6.8,16985,217,49,-2212,-1666,37,1,5,4,0,16896,7.2,18651,258,57,0,-14,4,-2,-1,-41,-8,-0.4
"9607","Blue","Blue","Neither","Blue",13,0,8,7,0,16228,6.6,16387,194,44,-412,22,16,0,8,9,0,16640,6.6,16365,208,51,0,-3,0,0,-2,-14,-7,0
"9608","Blue","Blue","Neither","Blue",12,2,9,10,0,18101,7.2,19775,213,74,1645,1489,15,2,7,5,0,16456,6.8,18286,187,47,0,-3,0,2,5,26,27,0.4
"9609","Red","Red","Blue","Blue",16,2,14,15,1,21055,7.2,19573,219,52,6744,5355,16,3,3,3,0,14311,6,14218,166,53,1,0,-1,11,12,53,-1,1.2
"9610","Red","Red","Red","Blue",15,1,4,2,0,13933,6.4,16078,199,39,-2215,-1879,17,1,5,6,0,16148,6.8,17957,212,48,0,-2,0,-1,-4,-13,-9,-0.399999999999999
"9611","Blue","Neither","Blue","Blue",16,2,11,13,0,19497,7.2,18445,221,55,3611,2847,15,0,7,9,0,15886,6.4,15598,165,40,0,1,2,4,4,56,15,0.8
"9612","Blue","Red","Neither","Red",15,3,3,1,0,15236,7.2,18474,236,41,-297,548,15,2,4,4,0,15533,7,17926,205,54,0,0,1,-1,-3,31,-13,0.2
"9613","Red","Blue","Neither","Blue",16,4,5,5,0,16700,7.2,18574,242,52,1928,1297,15,3,3,1,0,14772,6.6,17277,243,47,0,1,1,2,4,-1,5,0.600000000000001
"9614","Blue","Blue","Blue","Blue",37,3,5,11,0,16506,7,17981,213,52,2663,864,16,2,1,0,0,13843,6.6,17117,224,46,0,21,1,4,11,-11,6,0.4
"9615","Blue","Blue","Neither","Blue",36,8,7,11,0,16482,6.6,16880,222,46,1086,756,21,4,4,6,0,15396,6.4,16124,212,58,0,15,4,3,5,10,-12,0.199999999999999
"9616","Blue","Red","Neither","Red",16,4,3,2,0,15694,7,17920,241,48,764,-29,18,2,4,1,0,14930,7,17949,221,47,0,-2,2,-1,1,20,1,0
"9617","Blue","Neither","Blue","Blue",18,3,7,9,0,16276,7,17562,195,40,-1216,-629,16,3,8,10,0,17492,7,18191,210,76,0,2,0,-1,-1,-15,-36,0
"9618","Red","Red","Blue","Red",28,2,12,14,0,18331,7,18445,181,52,-1572,-208,14,3,14,17,0,19903,7,18653,228,40,0,14,-1,-2,-3,-47,12,0
"9619","Blue","Blue","Neither","Blue",12,1,9,10,0,17347,7,18131,230,51,2547,1386,16,0,3,7,0,14800,6.6,16745,208,60,0,-4,1,6,3,22,-9,0.4
"9620","Red","Red","Neither","Red",19,2,0,0,0,15090,7,18031,238,65,-1931,-299,47,5,9,13,0,17021,7.2,18330,220,44,0,-28,-3,-9,-13,18,21,-0.2
"9621","Blue","Red","Blue","Blue",14,3,10,17,0,17799,7,18078,190,40,-333,-359,16,3,8,7,0,18132,7.2,18437,241,59,0,-2,0,2,10,-51,-19,-0.2
"9622","Red","Red","Neither","Blue",18,1,4,6,0,15694,6.6,16853,202,59,-3531,-2649,7,3,8,8,1,19225,7.2,19502,265,40,-1,11,-2,-4,-2,-63,19,-0.600000000000001
"9623","Blue","Red","Neither","Blue",13,1,7,8,0,17269,7.2,19988,244,52,3425,3823,15,2,0,0,0,13844,6.6,16165,228,52,0,-2,-1,7,8,16,0,0.600000000000001
"9624","Blue","Blue","Neither","Red",20,7,6,3,0,16662,7,18914,237,48,619,35,21,4,6,7,0,16043,7.2,18879,212,48,0,-1,3,0,-4,25,0,-0.2
"9625","Red","Red","Neither","Blue",15,0,5,4,0,17292,7,18087,238,63,-689,-266,11,3,9,18,0,17981,7,18353,214,44,0,4,-3,-4,-14,24,19,0
"9626","Red","Red","Blue","Red",51,1,2,4,0,14772,6.8,17784,214,59,-2395,-2173,15,2,5,5,0,17167,7.4,19957,258,68,0,36,-1,-3,-1,-44,-9,-0.600000000000001
"9627","Red","Red","Blue","Blue",16,2,2,1,0,15157,6.8,16829,228,52,-1082,-1819,16,4,8,4,0,16239,7,18648,229,40,0,0,-2,-6,-3,-1,12,-0.2
"9628","Blue","Red","Red","Blue",19,3,7,8,0,16124,6.8,17018,192,52,-467,-86,17,5,6,8,0,16591,6.8,17104,211,49,0,2,-2,1,0,-19,3,0
"9629","Blue","Neither","Blue","Red",18,1,7,11,0,17881,7.2,19560,257,56,3135,2366,12,1,5,7,0,14746,6.6,17194,201,36,0,6,0,2,4,56,20,0.600000000000001
"9630","Blue","Blue","Blue","Blue",15,4,10,12,0,17676,6.8,17633,186,67,1209,1019,39,2,9,7,0,16467,6.8,16614,189,39,0,-24,2,1,5,-3,28,0
"9631","Red","Blue","Red","Red",15,3,3,3,0,15809,6.8,17675,214,63,-1462,-1833,17,2,5,8,0,17271,7.4,19508,232,56,0,-2,1,-2,-5,-18,7,-0.600000000000001
"9632","Red","Blue","Red","Blue",17,3,7,5,0,16960,6.8,17503,215,59,-60,10,16,5,4,7,1,17020,6.8,17493,222,46,-1,1,-2,3,-2,-7,13,0
"9633","Red","Red","Neither","Blue",15,1,3,4,0,15372,6.8,17983,234,51,-6,-1746,14,6,4,0,0,15378,7.2,19729,236,48,0,1,-5,-1,4,-2,3,-0.4
"9634","Red","Blue","Red","Blue",17,3,8,7,0,16527,6.6,16884,194,52,-233,-754,39,6,9,12,0,16760,6.8,17638,197,38,0,-22,-3,-1,-5,-3,14,-0.2
"9635","Blue","Neither","Neither","Blue",17,4,6,9,0,17774,6.8,18689,226,65,4232,1501,43,4,0,0,0,13542,7,17188,218,62,0,-26,0,6,9,8,3,-0.2
"9636","Blue","Neither","Blue","Red",19,6,3,3,0,16074,7,17776,237,48,-283,-484,44,3,7,6,0,16357,7.2,18260,220,31,0,-25,3,-4,-3,17,17,-0.2
"9637","Red","Blue","Blue","Red",31,2,4,5,0,15612,7,17678,234,61,1518,1208,16,2,1,2,0,14094,6.8,16470,213,50,0,15,0,3,3,21,11,0.2
"9638","Red","Red","Neither","Blue",13,2,10,7,0,16759,6.4,15499,163,37,-4236,-4211,15,2,16,15,0,20995,7.4,19710,187,46,0,-2,0,-6,-8,-24,-9,-1
"9639","Red","Blue","Neither","Blue",16,2,3,5,0,14911,6.8,16715,228,44,-224,-1942,16,3,2,2,0,15135,7.2,18657,248,64,0,0,-1,1,3,-20,-20,-0.4
"9640","Blue","Blue","Neither","Red",12,1,8,14,0,16980,6.8,18629,218,48,-53,559,19,2,6,4,0,17033,7,18070,240,59,0,-7,-1,2,10,-22,-11,-0.2
"9641","Red","Red","Neither","Blue",14,4,3,5,0,15776,7,17726,261,52,969,1563,26,1,4,5,0,14807,6.8,16163,207,44,0,-12,3,-1,0,54,8,0.2
"9642","Red","Red","Neither","Red",71,4,4,2,0,14961,6.8,17673,215,40,-2090,-916,18,3,7,7,0,17051,7,18589,239,56,0,53,1,-3,-5,-24,-16,-0.2
"9643","Blue","Blue","Neither","Red",44,4,4,6,0,16031,7,18664,223,60,687,510,16,8,3,1,0,15344,6.6,18154,254,44,0,28,-4,1,5,-31,16,0.4
"9644","Blue","Blue","Neither","Red",14,3,5,4,0,16313,7,18652,242,47,-152,-537,18,4,5,5,0,16465,7.2,19189,213,64,0,-4,-1,0,-1,29,-17,-0.2
"9645","Red","Red","Blue","Blue",8,3,6,7,0,15964,6.8,18133,217,51,-68,963,55,1,5,9,0,16032,6.8,17170,198,51,0,-47,2,1,-2,19,0,0
"9646","Blue","Blue","Neither","Red",13,3,13,12,0,20541,7.4,19687,260,60,2368,1767,28,3,9,16,0,18173,6.8,17920,169,52,0,-15,0,4,-4,91,8,0.600000000000001
"9647","Red","Blue","Neither","Red",17,3,8,8,0,17415,6.8,16774,232,48,2791,1911,40,4,4,8,0,14624,6.2,14863,205,26,0,-23,-1,4,0,27,22,0.6
"9648","Red","Blue","Red","Red",103,6,6,5,1,16878,7,17994,185,64,-2636,-1390,15,6,10,9,1,19514,7.4,19384,227,55,0,88,0,-4,-4,-42,9,-0.4
"9649","Blue","Blue","Neither","Blue",16,2,5,5,0,15901,6.8,16965,213,44,324,-409,15,1,6,6,0,15577,6.6,17374,207,40,0,1,1,-1,-1,6,4,0.2
"9650","Blue","Blue","Neither","Blue",13,3,4,6,0,16040,6.8,17697,235,54,-572,35,69,3,6,13,0,16612,7,17662,221,45,0,-56,0,-2,-7,14,9,-0.2
"9651","Blue","Blue","Neither","Red",41,4,9,11,0,18140,7.2,20250,204,79,2793,3324,18,4,4,3,0,15347,6.8,16926,222,36,0,23,0,5,8,-18,43,0.4
"9652","Blue","Blue","Neither","Blue",15,0,11,9,0,17229,7,18401,191,40,354,736,28,4,6,6,0,16875,6.8,17665,202,52,0,-13,-4,5,3,-11,-12,0.2
"9653","Blue","Red","Blue","Blue",16,5,5,5,0,15916,6.8,17531,237,51,73,-806,21,6,4,4,0,15843,7,18337,238,61,0,-5,-1,1,1,-1,-10,-0.2
"9654","Red","Blue","Red","Blue",13,1,6,8,0,15452,7,18378,191,49,-1039,827,12,6,4,4,1,16491,6.8,17551,215,51,-1,1,-5,2,4,-24,-2,0.2
"9655","Blue","Red","Neither","Red",16,4,5,4,0,15999,6.8,17524,203,62,-1189,-1741,16,4,9,5,0,17188,7.2,19265,224,50,0,0,0,-4,-1,-21,12,-0.4
"9656","Red","Neither","Neither","Red",14,5,3,3,0,14399,6.6,17167,221,40,-3656,-2866,19,1,6,4,0,18055,7.4,20033,232,82,0,-5,4,-3,-1,-11,-42,-0.800000000000001
"9657","Red","Blue","Neither","Red",15,3,1,2,0,13449,6.6,16281,205,45,-4357,-4959,54,4,7,9,0,17806,7.6,21240,226,79,0,-39,-1,-6,-7,-21,-34,-1
"9658","Red","Blue","Neither","Red",13,2,3,2,0,13876,6.6,16521,175,47,-3248,-1706,46,1,9,8,0,17124,7,18227,194,52,0,-33,1,-6,-6,-19,-5,-0.4
"9659","Red","Red","Red","Blue",16,5,5,3,0,15776,6.8,16537,209,58,-3587,-2861,16,3,12,10,1,19363,7.2,19398,197,56,-1,0,2,-7,-7,12,2,-0.4
"9660","Red","Blue","Neither","Blue",18,4,4,2,0,15282,7,17671,232,54,-35,317,27,1,3,4,0,15317,6.8,17354,206,47,0,-9,3,1,-2,26,7,0.2
"9661","Red","Blue","Neither","Red",18,0,2,3,0,14258,6.6,16594,198,52,-3903,-2516,21,4,7,8,0,18161,7.2,19110,261,48,0,-3,-4,-5,-5,-63,4,-0.600000000000001
"9662","Red","Red","Red","Red",15,4,2,1,0,14316,6.6,16505,214,48,-4885,-2721,18,2,11,12,0,19201,7.4,19226,249,55,0,-3,2,-9,-11,-35,-7,-0.800000000000001
"9663","Blue","Red","Red","Blue",10,3,3,3,0,15482,6.8,17584,243,47,36,-928,19,2,4,1,0,15446,7.2,18512,226,67,0,-9,1,-1,2,17,-20,-0.4
"9664","Red","Red","Neither","Blue",38,5,5,6,0,16402,7,18713,250,43,1678,1857,15,1,4,3,0,14724,6.6,16856,173,75,0,23,4,1,3,77,-32,0.4
"9665","Red","Blue","Red","Blue",19,7,10,8,1,18822,7,18319,224,51,2830,1605,21,1,7,5,0,15992,6.6,16714,195,47,1,-2,6,3,3,29,4,0.4
"9666","Blue","Neither","Neither","Blue",19,2,11,6,0,17702,7.2,18597,216,30,1741,675,15,4,4,2,0,15961,6.8,17922,211,63,0,4,-2,7,4,5,-33,0.4
"9667","Red","Red","Neither","Red",16,2,3,2,0,16178,7,19240,258,56,-183,257,13,3,6,5,0,16361,7.2,18983,226,68,0,3,-1,-3,-3,32,-12,-0.2
"9668","Red","Neither","Neither","Red",14,4,5,5,0,15897,7,18190,226,44,485,858,15,3,3,3,0,15412,6.8,17332,238,31,0,-1,1,2,2,-12,13,0.2
"9669","Blue","Neither","Neither","Red",13,1,6,5,0,16248,7.4,19928,204,64,131,1207,14,1,6,4,0,16117,7,18721,211,44,0,-1,0,0,1,-7,20,0.4
"9670","Red","Red","Blue","Red",14,14,3,4,0,15797,6.8,18289,226,64,-1234,26,37,2,7,8,0,17031,7,18263,222,55,0,-23,12,-4,-4,4,9,-0.2
"9671","Blue","Neither","Neither","Red",15,7,5,3,0,15678,6.8,17696,211,51,-596,774,19,3,6,9,0,16274,6.8,16922,223,32,0,-4,4,-1,-6,-12,19,0
"9672","Blue","Blue","Neither","Blue",17,3,6,7,0,16006,6.8,17612,233,47,-1493,-1266,16,4,8,11,0,17499,7,18878,247,36,0,1,-1,-2,-4,-14,11,-0.2
"9673","Blue","Blue","Neither","Red",16,1,5,3,0,16590,7,18656,251,48,-283,84,142,1,7,8,0,16873,7.2,18572,208,52,0,-126,0,-2,-5,43,-4,-0.2
"9674","Red","Red","Blue","Red",19,1,4,5,0,14939,6.6,15632,189,51,-798,-1418,11,3,6,13,0,15737,6.8,17050,210,50,0,8,-2,-2,-8,-21,1,-0.2
"9675","Red","Blue","Red","Red",65,2,5,6,0,16787,7,18246,248,47,-240,-694,17,24,6,8,0,17027,7.2,18940,216,63,0,48,-22,-1,-2,32,-16,-0.2
"9676","Blue","Red","Neither","Red",24,4,6,4,0,17388,7.2,19549,250,60,1994,230,37,3,6,2,0,15394,7.2,19319,205,63,0,-13,1,0,2,45,-3,0
"9677","Red","Neither","Red","Blue",21,5,2,1,0,14868,7,17736,257,39,-539,-852,15,7,3,4,0,15407,7.2,18588,243,58,0,6,-2,-1,-3,14,-19,-0.2
"9678","Red","Red","Neither","Red",19,4,3,3,0,15676,6.8,17248,267,35,-703,-1216,46,4,6,8,0,16379,6.8,18464,224,56,0,-27,0,-3,-5,43,-21,0
"9679","Red","Red","Red","Red",57,3,2,1,0,14230,6.6,17035,232,39,-2647,-1872,16,1,6,6,0,16877,7,18907,254,69,0,41,2,-4,-5,-22,-30,-0.4
"9680","Blue","Red","Red","Red",16,4,5,10,1,16981,6.8,17309,214,38,384,-465,21,1,3,2,1,16597,7,17774,224,64,0,-5,3,2,8,-10,-26,-0.2
"9681","Red","Red","Neither","Blue",30,4,9,13,0,16374,6.6,15811,152,65,1057,-143,16,3,7,6,0,15317,6.6,15954,196,44,0,14,1,2,7,-44,21,0
"9682","Red","Red","Neither","Blue",39,7,7,6,0,17227,7,18842,218,55,1687,2040,17,4,6,7,0,15540,6.8,16802,205,32,0,22,3,1,-1,13,23,0.2
"9683","Blue","Red","Neither","Blue",21,2,7,4,0,16631,7.2,19270,234,53,2088,1774,28,0,2,3,0,14543,6.8,17496,209,64,0,-7,2,5,1,25,-11,0.4
"9684","Red","Red","Neither","Red",14,2,5,4,0,15888,6.8,18144,218,52,-149,645,14,0,5,4,0,16037,6.6,17499,204,55,0,0,2,0,0,14,-3,0.2
"9685","Red","Neither","Red","Red",14,1,3,4,0,15688,6.8,17439,239,52,-1434,-1422,11,4,6,5,0,17122,7,18861,237,52,0,3,-3,-3,-1,2,0,-0.2
"9686","Red","Red","Red","Blue",21,3,5,6,0,16462,7,17215,223,52,-922,-1305,12,2,9,11,0,17384,7.2,18520,227,49,0,9,1,-4,-5,-4,3,-0.2
"9687","Red","Blue","Blue","Red",14,1,3,3,0,14548,6.6,17158,204,49,-2408,-2325,13,0,7,5,0,16956,7.2,19483,253,52,0,1,1,-4,-2,-49,-3,-0.600000000000001
"9688","Blue","Blue","Neither","Red",22,1,11,8,0,18128,7.2,18825,205,41,1851,2008,13,0,5,9,0,16277,6.8,16817,211,50,0,9,1,6,-1,-6,-9,0.4
"9689","Blue","Red","Red","Red",18,1,4,3,0,15162,6.8,17438,220,44,-3051,-2198,48,2,9,8,0,18213,7.4,19636,250,53,0,-30,-1,-5,-5,-30,-9,-0.600000000000001
"9690","Blue","Red","Neither","Blue",17,2,2,2,0,14767,6.6,16585,230,35,-1233,-1450,38,3,6,7,0,16000,6.8,18035,193,38,0,-21,-1,-4,-5,37,-3,-0.2
"9691","Red","Blue","Neither","Blue",15,3,11,11,0,17384,7,18198,202,35,3390,2090,36,0,2,4,0,13994,6.6,16108,201,48,0,-21,3,9,7,1,-13,0.4
"9692","Red","Neither","Blue","Red",52,0,6,7,0,16159,6.6,16943,208,44,1656,1298,17,1,4,4,0,14503,6.4,15645,200,36,0,35,-1,2,3,8,8,0.199999999999999
"9693","Red","Neither","Neither","Red",43,0,1,0,0,13046,6.2,15452,197,41,-2264,-964,15,6,4,2,0,15310,6.6,16416,222,44,0,28,-6,-3,-2,-25,-3,-0.399999999999999
"9694","Red","Red","Red","Red",19,4,1,1,0,15459,7,18187,243,71,-2483,-1894,18,5,6,7,0,17942,7.4,20081,254,72,0,1,-1,-5,-6,-11,-1,-0.4
"9695","Red","Red","Red","Red",25,0,4,3,0,13886,6,14445,178,42,-4582,-3594,14,5,7,6,1,18468,6.8,18039,210,51,-1,11,-5,-3,-3,-32,-9,-0.8
"9696","Red","Red","Blue","Red",13,14,6,4,0,15928,6.8,17865,206,45,-1938,-1993,41,0,9,8,0,17866,7.2,19858,244,45,0,-28,14,-3,-4,-38,0,-0.4
"9697","Red","Neither","Blue","Blue",17,2,2,1,0,14687,6.8,17701,234,53,-668,-300,32,5,2,2,0,15355,6.8,18001,255,48,0,-15,-3,0,-1,-21,5,0
"9698","Blue","Red","Blue","Blue",17,1,5,4,0,17146,7,19051,240,67,954,1154,23,4,6,8,0,16192,7,17897,212,50,0,-6,-3,-1,-4,28,17,0
"9699","Blue","Blue","Neither","Blue",14,1,13,15,0,19814,7.6,20713,224,58,5468,5522,10,0,3,3,0,14346,6.2,15191,197,32,0,4,1,10,12,27,26,1.4
"9700","Red","Red","Neither","Red",32,2,10,8,0,17945,7.4,19818,206,56,209,1647,80,3,8,3,1,17736,6.8,18171,196,56,-1,-48,-1,2,5,10,0,0.600000000000001
"9701","Red","Red","Blue","Red",17,2,6,7,0,16646,7.2,18530,226,51,2352,1002,12,1,2,2,0,14294,6.8,17528,210,60,0,5,1,4,5,16,-9,0.4
"9702","Red","Red","Neither","Blue",15,2,9,12,0,17604,6.8,17925,194,49,1538,1118,50,2,7,7,0,16066,6.8,16807,168,48,0,-35,0,2,5,26,1,0
"9703","Red","Red","Neither","Red",47,1,7,5,0,16089,6.8,17265,198,45,-490,-217,17,0,5,4,0,16579,6.8,17482,229,57,0,30,1,2,1,-31,-12,0
"9704","Red","Blue","Red","Red",16,0,6,9,0,15544,6.2,15313,176,43,-4625,-3447,14,5,14,17,1,20169,7.2,18760,239,40,-1,2,-5,-8,-8,-63,3,-1
"9705","Red","Red","Neither","Red",15,2,9,11,0,17434,7,17974,188,43,-3478,-2027,16,3,16,21,0,20912,7.4,20001,196,52,0,-1,-1,-7,-10,-8,-9,-0.4
"9706","Red","Neither","Neither","Blue",14,2,4,5,0,15945,7.2,18619,204,51,405,487,15,1,3,2,0,15540,7,18132,236,55,0,-1,1,1,3,-32,-4,0.2
"9707","Red","Red","Neither","Red",13,3,3,2,0,15692,7,17807,234,55,-560,476,12,4,7,4,0,16252,6.8,17331,199,56,0,1,-1,-4,-2,35,-1,0.2
"9708","Blue","Blue","Neither","Blue",12,1,9,8,0,17469,7.2,18286,206,48,2278,2188,40,3,6,11,0,15191,6.4,16098,174,28,0,-28,-2,3,-3,32,20,0.8
"9709","Red","Red","Red","Blue",16,3,4,4,0,16314,6.8,16894,250,48,-2665,-900,17,5,11,14,1,18979,7,17794,200,58,-1,-1,-2,-7,-10,50,-10,-0.2
"9710","Blue","Neither","Neither","Blue",18,2,6,10,0,16299,7,17994,234,45,1049,-291,35,3,3,1,0,15250,7,18285,240,51,0,-17,-1,3,9,-6,-6,0
"9711","Red","Blue","Neither","Red",54,8,5,10,0,15844,6.6,16971,209,51,-2270,-2033,29,3,7,9,0,18114,7.2,19004,243,64,0,25,5,-2,1,-34,-13,-0.600000000000001
"9712","Red","Neither","Neither","Red",89,1,5,5,0,15856,7,18029,224,44,295,630,15,2,7,6,0,15561,6.8,17399,173,51,0,74,-1,-2,-1,51,-7,0.2
"9713","Red","Neither","Neither","Blue",12,4,6,5,0,15967,6.6,17065,217,47,-2162,-2253,41,5,9,9,0,18129,7.2,19318,224,53,0,-29,-1,-3,-4,-7,-6,-0.600000000000001
"9714","Red","Red","Neither","Blue",51,2,4,6,0,15236,6.8,17761,196,52,194,143,15,2,2,3,0,15042,6.8,17618,254,48,0,36,0,2,3,-58,4,0
"9715","Red","Red","Red","Red",23,2,1,2,0,12941,6.4,15085,178,43,-5519,-5521,16,6,9,10,0,18460,7.6,20606,253,52,0,7,-4,-8,-8,-75,-9,-1.2
"9716","Blue","Blue","Neither","Red",18,1,10,17,0,17513,6.6,16367,174,48,332,-200,24,4,8,13,0,17181,6.4,16567,209,46,0,-6,-3,2,4,-35,2,0.199999999999999
"9717","Blue","Blue","Blue","Red",19,4,7,3,0,16700,7,19019,218,72,1039,1629,14,3,4,3,0,15661,7,17390,248,48,0,5,1,3,0,-30,24,0
"9718","Red","Red","Neither","Blue",16,2,7,15,0,18038,7,17959,241,43,3107,2223,13,4,5,6,0,14931,6.4,15736,154,60,0,3,-2,2,9,87,-17,0.6
"9719","Blue","Neither","Neither","Red",16,3,5,5,0,15491,6.4,15893,194,45,-2183,-2010,20,3,10,6,0,17674,6.8,17903,224,35,0,-4,0,-5,-1,-30,10,-0.399999999999999
"9720","Red","Red","Neither","Red",16,3,7,9,0,16090,6.6,16407,182,44,-4191,-2861,18,5,13,26,0,20281,7.4,19268,219,46,0,-2,-2,-6,-17,-37,-2,-0.800000000000001
"9721","Blue","Blue","Neither","Red",15,3,8,6,0,17204,7,18534,236,42,1072,1587,14,2,7,7,0,16132,6.6,16947,222,38,0,1,1,1,-1,14,4,0.4
"9722","Blue","Blue","Blue","Blue",19,2,3,2,0,15032,6.8,18187,207,65,-1920,-363,15,3,6,8,0,16952,7,18550,246,53,0,4,-1,-3,-6,-39,12,-0.2
"9723","Red","Red","Red","Blue",16,3,8,8,0,17739,6.6,16482,215,55,377,-597,22,4,11,12,0,17362,6.8,17079,197,44,0,-6,-1,-3,-4,18,11,-0.2
"9724","Red","Blue","Red","Blue",16,3,8,11,0,16894,6.6,17233,203,50,-1529,82,23,1,9,11,1,18423,6.8,17151,232,37,-1,-7,2,-1,0,-29,13,-0.2
"9725","Red","Red","Neither","Red",12,4,2,2,0,14944,6.8,17906,237,45,-2150,-1318,22,3,6,11,0,17094,7.2,19224,241,76,0,-10,1,-4,-9,-4,-31,-0.4
"9726","Red","Red","Neither","Blue",39,7,3,3,0,14623,6.4,16060,200,36,-1585,-2306,37,6,4,6,0,16208,6.8,18366,253,52,0,2,1,-1,-3,-53,-16,-0.399999999999999
"9727","Red","Neither","Red","Red",18,3,5,2,0,15278,6.8,17274,219,44,-3315,-1641,15,6,9,7,0,18593,7.2,18915,227,56,0,3,-3,-4,-5,-8,-12,-0.4
"9728","Red","Red","Red","Blue",16,4,5,6,0,17126,7,19205,249,53,2361,1802,11,7,2,2,0,14765,6.8,17403,230,52,0,5,-3,3,4,19,1,0.2
"9729","Red","Blue","Neither","Red",40,3,4,4,0,15494,6.8,17574,211,44,-2846,-2039,13,5,10,12,0,18340,7.4,19613,213,44,0,27,-2,-6,-8,-2,0,-0.600000000000001
"9730","Blue","Red","Blue","Blue",16,4,6,3,0,16904,7.2,18744,245,54,406,782,18,3,6,9,0,16498,6.8,17962,210,58,0,-2,1,0,-6,35,-4,0.4
"9731","Blue","Red","Neither","Red",15,1,6,8,0,17214,7.2,18948,244,52,2045,1938,15,3,4,5,0,15169,6.8,17010,220,40,0,0,-2,2,3,24,12,0.4
"9732","Blue","Neither","Red","Blue",38,1,6,8,0,16352,7,18600,230,52,209,-6,19,5,4,6,0,16143,7,18606,243,48,0,19,-4,2,2,-13,4,0
"9733","Red","Red","Neither","Red",20,1,4,4,0,14696,6.6,16517,202,41,-2688,-1172,53,4,7,5,0,17384,7,17689,212,56,0,-33,-3,-3,-1,-10,-15,-0.4
"9734","Blue","Red","Neither","Blue",22,2,4,3,0,15392,7,17929,222,52,-982,-1613,15,2,5,3,0,16374,7.4,19542,234,64,0,7,0,-1,0,-12,-12,-0.4
"9735","Blue","Blue","Neither","Blue",18,5,3,3,0,15928,7.4,19109,266,53,1468,1205,37,3,1,2,0,14460,6.8,17904,228,68,0,-19,2,2,1,38,-15,0.600000000000001
"9736","Blue","Red","Red","Blue",18,4,9,6,0,18417,7.2,19926,231,64,3910,3400,17,3,4,3,0,14507,6.6,16526,206,51,0,1,1,5,3,25,13,0.600000000000001
"9737","Blue","Red","Neither","Red",17,2,2,1,0,14981,7,18767,222,76,-1607,-48,18,3,5,6,0,16588,7.2,18815,259,48,0,-1,-1,-3,-5,-37,28,-0.2
"9738","Blue","Neither","Blue","Red",16,0,5,4,0,15994,6.8,17724,225,52,-144,1497,14,5,7,12,0,16138,6.4,16227,183,44,0,2,-5,-2,-8,42,8,0.399999999999999
"9739","Blue","Neither","Neither","Red",12,2,11,13,0,18420,7,19041,218,42,1472,1838,18,2,8,9,0,16948,6.8,17203,209,41,0,-6,0,3,4,9,1,0.2
"9740","Red","Red","Red","Red",20,3,7,6,0,17421,7.2,19606,241,59,1053,1304,14,5,6,4,0,16368,7.2,18302,223,60,0,6,-2,1,2,18,-1,0
"9741","Red","Red","Neither","Red",14,19,2,2,0,13671,6.8,16878,202,47,-5751,-4242,62,4,11,12,0,19422,7.6,21120,259,48,0,-48,15,-9,-10,-57,-1,-0.8
"9742","Blue","Neither","Blue","Red",17,5,6,9,0,17544,7,18604,230,73,1092,1401,22,4,5,9,0,16452,6.8,17203,258,30,0,-5,1,1,0,-28,43,0.2
"9743","Red","Blue","Neither","Red",18,5,4,6,0,15589,7,18306,219,64,-2268,-1810,31,6,8,8,0,17857,7.4,20116,261,58,0,-13,-1,-4,-2,-42,6,-0.4
"9744","Blue","Red","Neither","Red",12,6,6,10,0,16702,7.2,18943,234,56,1868,1041,20,2,1,1,0,14834,7,17902,230,60,0,-8,4,5,9,4,-4,0.2
"9745","Blue","Blue","Blue","Red",21,3,10,12,0,18211,7.4,20198,209,61,3608,3085,62,0,3,3,0,14603,6.8,17113,183,52,0,-41,3,7,9,26,9,0.600000000000001
"9746","Red","Red","Neither","Red",57,2,4,3,0,14640,6.6,17333,224,36,-3116,-1994,16,0,9,14,0,17756,7.2,19327,215,55,0,41,2,-5,-11,9,-19,-0.600000000000001
"9747","Blue","Blue","Neither","Blue",39,6,6,4,0,16211,7.2,18576,207,47,-706,-306,18,6,7,5,0,16917,7,18882,239,55,0,21,0,-1,-1,-32,-8,0.2
"9748","Red","Red","Neither","Blue",18,4,6,7,0,16517,6.4,17161,219,49,1402,-566,15,3,5,3,0,15115,7,17727,206,56,0,3,1,1,4,13,-7,-0.6
"9749","Blue","Blue","Blue","Blue",40,3,2,2,0,15723,7.2,19631,246,72,139,260,16,2,3,2,0,15584,7.4,19371,253,61,0,24,1,-1,0,-7,11,-0.2
"9750","Red","Red","Neither","Red",15,3,2,3,0,14993,6.6,17018,241,44,-1481,-1877,17,3,5,5,0,16474,7.2,18895,226,61,0,-2,0,-3,-2,15,-17,-0.600000000000001
"9751","Blue","Blue","Neither","Red",15,3,12,12,0,19576,7.2,18210,236,50,4417,2933,14,2,5,9,0,15159,6.2,15277,198,33,0,1,1,7,3,38,17,1
"9752","Blue","Red","Neither","Red",49,2,5,6,0,15217,7,18056,195,49,-784,754,16,9,4,5,0,16001,6.6,17302,238,54,0,33,-7,1,1,-43,-5,0.4
"9753","Blue","Red","Neither","Red",15,1,4,5,0,15502,7,17716,223,56,243,-31,17,2,3,5,0,15259,6.8,17747,214,49,0,-2,-1,1,0,9,7,0.2
"9754","Red","Blue","Neither","Red",22,3,4,2,0,15125,6.8,17495,200,55,-2302,-702,16,0,7,9,0,17427,6.8,18197,207,48,0,6,3,-3,-7,-7,7,0
"9755","Blue","Neither","Neither","Red",16,2,6,3,0,15845,6.6,16561,195,40,-1018,-981,15,0,9,7,0,16863,7.2,17542,213,52,0,1,2,-3,-4,-18,-12,-0.600000000000001
"9756","Blue","Neither","Neither","Red",14,1,6,8,0,16433,7,18215,229,52,-350,49,16,2,6,4,0,16783,7,18166,224,43,0,-2,-1,0,4,5,9,0
"9757","Blue","Blue","Neither","Blue",85,6,9,11,0,18824,7.2,19996,237,59,5240,2335,20,2,1,0,0,13584,7,17661,217,42,0,65,4,8,11,20,17,0.2
"9758","Blue","Blue","Neither","Blue",80,1,6,4,0,16360,6.8,17624,234,49,1447,-149,23,2,4,2,0,14913,7,17773,214,48,0,57,-1,2,2,20,1,-0.2
"9759","Red","Blue","Neither","Red",53,2,6,8,0,15128,6.2,15881,172,37,-1187,-1137,20,2,8,9,0,16315,6.8,17018,179,40,0,33,0,-2,-1,-7,-3,-0.6
"9760","Blue","Neither","Blue","Blue",15,7,11,6,0,18317,7.2,19636,229,59,2214,1305,20,2,7,8,0,16103,7,18331,204,48,0,-5,5,4,-2,25,11,0.2
"9761","Red","Blue","Neither","Red",13,0,6,4,0,16248,7,18567,220,47,174,1511,16,2,6,7,0,16074,6.6,17056,211,42,0,-3,-2,0,-3,9,5,0.4
"9762","Red","Red","Neither","Blue",43,1,4,3,0,15871,6.8,17457,234,31,-967,-1216,14,6,7,8,0,16838,7.2,18673,214,32,0,29,-5,-3,-5,20,-1,-0.4
"9763","Blue","Blue","Neither","Blue",16,2,9,10,0,17779,7.2,19282,220,52,2178,1829,11,2,4,2,0,15601,6.8,17453,244,56,0,5,0,5,8,-24,-4,0.4
"9764","Red","Red","Neither","Red",78,4,8,9,0,16785,6.8,17837,186,48,-860,214,16,3,5,7,0,17645,6.6,17623,236,56,0,62,1,3,2,-50,-8,0.2
"9765","Blue","Blue","Blue","Blue",15,0,5,3,0,15524,6.8,17366,182,63,-700,83,13,4,6,7,0,16224,6.8,17283,194,39,0,2,-4,-1,-4,-12,24,0
"9766","Blue","Neither","Neither","Blue",18,1,6,7,0,16592,7,18393,221,44,813,1232,19,4,7,8,0,15779,7,17161,195,47,0,-1,-3,-1,-1,26,-3,0
"9767","Blue","Blue","Blue","Blue",21,0,7,9,1,19148,7,18457,232,50,7791,6458,10,0,0,0,0,11357,5.6,11999,137,45,1,11,0,7,9,95,5,1.4
"9768","Red","Red","Neither","Red",16,2,8,7,0,17337,7,18952,228,56,2429,2405,44,3,5,5,0,14908,6.6,16547,198,46,0,-28,-1,3,2,30,10,0.4
"9769","Blue","Red","Neither","Red",18,2,5,7,0,16003,6.6,17152,213,55,-954,-1007,18,4,6,14,0,16957,7,18159,261,49,0,0,-2,-1,-7,-48,6,-0.4
"9770","Blue","Red","Blue","Blue",43,3,8,9,0,17370,7.4,19627,249,58,2279,2409,12,1,3,7,0,15091,7,17218,229,42,0,31,2,5,2,20,16,0.4
"9771","Blue","Red","Neither","Blue",42,3,10,5,0,18036,7.4,19849,243,54,2203,1534,14,4,5,5,0,15833,7,18315,193,72,0,28,-1,5,0,50,-18,0.4
"9772","Blue","Blue","Red","Blue",36,0,3,2,0,14711,7,18380,209,52,-1244,-548,11,1,5,6,0,15955,7.2,18928,234,51,0,25,-1,-2,-4,-25,1,-0.2
"9773","Red","Blue","Blue","Red",42,3,7,5,0,16468,6.8,17897,224,44,142,-58,18,8,4,6,0,16326,7,17955,209,64,0,24,-5,3,-1,15,-20,-0.2
"9774","Red","Red","Neither","Blue",16,1,4,2,0,15285,6.8,16734,194,49,-974,-815,40,3,9,12,0,16259,6.6,17549,184,33,0,-24,-2,-5,-10,10,16,0.2
"9775","Red","Blue","Neither","Red",23,1,10,5,0,17151,7,18598,195,43,267,553,15,4,6,5,0,16884,6.8,18045,234,32,0,8,-3,4,0,-39,11,0.2
"9776","Blue","Neither","Neither","Blue",34,3,10,12,0,17951,6.6,17346,211,45,2095,628,15,2,7,4,0,15856,6.8,16718,171,47,0,19,1,3,8,40,-2,-0.2
"9777","Red","Neither","Neither","Red",13,0,6,4,0,15917,6.8,17466,200,51,-3142,-2289,13,2,9,8,0,19059,7.4,19755,243,56,0,0,-2,-3,-4,-43,-5,-0.600000000000001
"9778","Red","Blue","Neither","Blue",17,5,8,11,0,17399,7,17937,245,44,381,865,18,2,8,9,0,17018,6.4,17072,237,36,0,-1,3,0,2,8,8,0.6
"9779","Blue","Blue","Neither","Blue",16,2,7,7,0,17639,7.2,18319,247,47,2392,1200,14,4,3,3,0,15247,6.8,17119,214,48,0,2,-2,4,4,33,-1,0.4
"9780","Red","Red","Neither","Blue",21,3,11,6,0,17183,7,18197,208,44,157,1673,17,4,10,14,0,17026,6.8,16524,188,41,0,4,-1,1,-8,20,3,0.2
"9781","Red","Neither","Neither","Blue",27,5,8,7,0,17130,6.8,17703,221,47,690,664,19,7,8,14,0,16440,6.8,17039,208,48,0,8,-2,0,-7,13,-1,0
"9782","Red","Red","Red","Red",17,4,4,6,0,15920,6.6,17106,229,51,-905,-2229,58,4,6,12,0,16825,7,19335,224,46,0,-41,0,-2,-6,5,5,-0.4
"9783","Red","Neither","Neither","Blue",16,6,10,10,0,17818,6.8,17651,204,41,-1272,-1634,45,9,9,9,0,19090,7.2,19285,258,36,0,-29,-3,1,1,-54,5,-0.4
"9784","Red","Blue","Blue","Red",21,2,3,3,0,15956,6.8,18145,215,73,656,526,15,5,3,5,0,15300,6.8,17619,212,50,0,6,-3,0,-2,3,23,0
"9785","Blue","Red","Neither","Blue",20,21,4,7,0,15582,6.4,15958,238,43,977,134,42,2,4,7,0,14605,6.4,15824,204,36,0,-22,19,0,0,34,7,0
"9786","Red","Blue","Blue","Blue",17,2,5,5,0,16486,7,18609,244,56,-2249,-1547,17,2,10,12,0,18735,7.4,20156,214,72,0,0,0,-5,-7,30,-16,-0.4
"9787","Blue","Blue","Neither","Red",17,3,6,9,0,15692,6.8,17598,217,32,189,-99,16,3,3,2,0,15503,6.6,17697,244,48,0,1,0,3,7,-27,-16,0.2
"9788","Red","Red","Neither","Blue",19,1,4,5,0,14232,6.6,15999,197,41,-3089,-3265,16,5,8,7,0,17321,7.2,19264,251,46,0,3,-4,-4,-2,-54,-5,-0.600000000000001
"9789","Blue","Red","Blue","Blue",14,0,7,10,1,18133,7,17764,215,46,1025,-1153,14,0,8,5,0,17108,6.8,18917,218,54,1,0,0,-1,5,-3,-8,0.2
"9790","Blue","Neither","Blue","Red",13,0,22,29,1,23205,7,17846,208,23,7600,1865,15,1,6,9,0,15605,6.4,15981,171,58,1,-2,-1,16,20,37,-35,0.6
"9791","Blue","Blue","Blue","Red",77,2,4,6,0,15564,7,18158,214,46,-1075,378,17,1,6,11,0,16639,7,17780,240,44,0,60,1,-2,-5,-26,2,0
"9792","Blue","Blue","Neither","Blue",40,3,3,3,0,14977,7,17698,223,44,98,161,15,19,3,4,0,14879,6.8,17537,224,44,0,25,-16,0,-1,-1,0,0.2
"9793","Red","Red","Neither","Red",46,1,5,7,0,16263,6.8,16732,198,52,-1911,-2325,16,13,10,7,0,18174,7.2,19057,220,45,0,30,-12,-5,0,-22,7,-0.4
"9794","Blue","Blue","Neither","Red",15,4,7,7,0,18477,7.2,19323,275,45,4458,3839,12,4,2,4,0,14019,6.2,15484,188,50,0,3,0,5,3,87,-5,1
"9795","Red","Blue","Blue","Blue",18,5,7,11,0,16484,7,17470,202,62,-375,-752,80,6,7,5,0,16859,7.2,18222,219,41,0,-62,-1,0,6,-17,21,-0.2
"9796","Red","Neither","Blue","Blue",12,2,2,2,0,15167,6.8,18214,244,43,7,-659,38,4,2,3,0,15160,7.2,18873,242,56,0,-26,-2,0,-1,2,-13,-0.4
"9797","Red","Red","Red","Red",18,3,5,5,0,16007,7.2,18083,207,56,-1534,-167,70,3,8,9,0,17541,6.8,18250,196,64,0,-52,0,-3,-4,11,-8,0.4
"9798","Blue","Neither","Neither","Red",19,4,8,8,0,18093,7,18394,231,48,1882,1490,15,3,6,8,0,16211,6.8,16904,203,44,0,4,1,2,0,28,4,0.2
"9799","Blue","Neither","Neither","Red",37,1,10,10,0,18588,7.2,19735,225,64,2382,2614,16,1,8,7,0,16206,6.8,17121,192,28,0,21,0,2,3,33,36,0.4
"9800","Blue","Blue","Neither","Blue",66,2,8,8,0,16853,7,18255,226,44,2751,1464,12,2,1,0,0,14102,6.8,16791,199,57,0,54,0,7,8,27,-13,0.2
"9801","Blue","Red","Neither","Red",17,3,7,9,0,16323,7.2,18362,213,44,-451,336,63,5,7,10,0,16774,6.8,18026,219,44,0,-46,-2,0,-1,-6,0,0.4
"9802","Blue","Red","Neither","Red",15,4,4,2,0,15063,6.8,17979,206,64,-1213,-1013,19,5,6,2,0,16276,7,18992,253,56,0,-4,-1,-2,0,-47,8,-0.2
"9803","Red","Red","Red","Blue",19,2,4,10,0,14929,6.2,15842,223,34,-3291,-2502,19,3,7,8,1,18220,7.2,18344,248,56,-1,0,-1,-3,2,-25,-22,-1
"9804","Blue","Blue","Blue","Blue",18,1,6,5,0,17119,7.2,18962,233,57,2031,1967,16,1,3,3,0,15088,6.8,16995,209,52,0,2,0,3,2,24,5,0.4
"9805","Red","Blue","Blue","Red",14,3,9,10,1,19049,7,17924,202,56,1618,-74,14,3,7,8,0,17431,6.8,17998,209,42,1,0,0,2,2,-7,14,0.2
"9806","Red","Blue","Neither","Blue",17,4,14,26,0,19452,7,18579,209,45,3682,1284,16,2,5,6,0,15770,6.6,17295,207,56,0,1,2,9,20,2,-11,0.4
"9807","Red","Neither","Blue","Red",16,3,1,0,0,13981,6.6,16277,220,52,-5870,-3642,41,4,12,18,0,19851,7.4,19919,234,53,0,-25,-1,-11,-18,-14,-1,-0.800000000000001
"9808","Red","Red","Red","Blue",12,4,7,7,0,15418,6.4,15315,203,31,-3531,-3889,18,4,11,15,0,18949,7.4,19204,215,48,0,-6,0,-4,-8,-12,-17,-1
"9809","Blue","Blue","Neither","Red",16,2,8,9,0,17636,7.2,19458,218,52,2360,2396,48,3,5,4,0,15276,6.6,17062,188,48,0,-32,-1,3,5,30,4,0.600000000000001
"9810","Blue","Blue","Neither","Red",12,7,6,8,0,17026,7.2,18215,229,48,326,85,18,0,7,6,0,16700,6.8,18130,217,52,0,-6,7,-1,2,12,-4,0.4
"9811","Red","Blue","Neither","Red",17,2,8,10,0,17084,7.2,18781,219,52,2148,1700,15,4,3,2,0,14936,6.4,17081,217,52,0,2,-2,5,8,2,0,0.8
"9812","Red","Red","Neither","Red",14,2,3,3,0,14501,6.6,16545,195,64,-2930,-2779,17,5,7,5,0,17431,7.2,19324,239,60,0,-3,-3,-4,-2,-44,4,-0.600000000000001
"9813","Blue","Red","Neither","Red",19,3,4,7,0,15745,6.8,17654,236,40,-1300,-652,18,3,5,10,0,17045,7.2,18306,252,55,0,1,0,-1,-3,-16,-15,-0.4
"9814","Blue","Blue","Neither","Blue",38,2,5,6,0,16571,7,18777,220,65,88,413,20,3,7,7,0,16483,7,18364,202,46,0,18,-1,-2,-1,18,19,0
"9815","Red","Red","Neither","Blue",14,2,5,7,0,17224,6.8,18105,229,60,631,-265,84,2,7,6,0,16593,7.2,18370,218,46,0,-70,0,-2,1,11,14,-0.4
"9816","Blue","Red","Neither","Blue",26,3,9,14,0,18518,7.4,19380,224,55,4619,2904,51,3,1,2,0,13899,6.6,16476,205,62,0,-25,0,8,12,19,-7,0.800000000000001
"9817","Red","Red","Neither","Red",86,2,5,5,0,17155,7.2,18632,224,72,-1516,391,17,2,11,12,0,18671,7,18241,228,40,0,69,0,-6,-7,-4,32,0.2
"9818","Blue","Blue","Neither","Red",16,2,5,6,0,16046,6.8,17207,234,41,699,18,14,0,5,6,0,15347,6.6,17189,199,52,0,2,2,0,0,35,-11,0.2
"9819","Red","Red","Neither","Blue",15,1,6,6,0,16986,7,18376,226,35,2587,1971,13,2,3,4,0,14399,6.6,16405,208,40,0,2,-1,3,2,18,-5,0.4
"9820","Blue","Red","Blue","Blue",40,3,4,5,0,16368,7,18857,216,56,-180,-890,13,4,6,5,0,16548,7.4,19747,224,56,0,27,-1,-2,0,-8,0,-0.4
"9821","Red","Red","Neither","Blue",16,5,4,4,0,15302,6.8,16647,210,55,-3051,-2123,24,4,10,12,0,18353,7,18770,215,50,0,-8,1,-6,-8,-5,5,-0.2
"9822","Red","Blue","Neither","Red",14,3,5,3,0,15367,7.2,18799,217,56,-2021,-768,16,4,6,7,0,17388,7.4,19567,238,68,0,-2,-1,-1,-4,-21,-12,-0.2
"9823","Red","Blue","Red","Red",20,2,2,4,0,15178,6.8,17707,236,50,-673,-1332,16,4,3,5,0,15851,7.2,19039,252,64,0,4,-2,-1,-1,-16,-14,-0.4
"9824","Red","Red","Red","Red",13,4,4,3,0,13824,6.2,14814,167,40,-5059,-5247,14,4,7,9,1,18883,7.6,20061,235,79,-1,-1,0,-3,-6,-68,-39,-1.4
"9825","Red","Neither","Neither","Red",16,1,7,8,0,15919,6.8,16956,200,32,-2604,-1096,15,1,11,10,0,18523,7,18052,183,48,0,1,0,-4,-2,17,-16,-0.2
"9826","Red","Neither","Blue","Red",30,5,5,2,0,16627,7,18559,229,64,-844,737,61,6,11,14,0,17471,7,17822,206,40,0,-31,-1,-6,-12,23,24,0
"9827","Red","Blue","Neither","Red",39,4,1,2,0,14032,6.4,16940,220,53,-1935,-1534,15,3,5,5,0,15967,7.2,18474,231,45,0,24,1,-4,-3,-11,8,-0.8
"9828","Blue","Blue","Neither","Blue",90,3,13,17,0,18787,7,17878,193,40,3886,1777,14,3,5,5,0,14901,6.6,16101,175,43,0,76,0,8,12,18,-3,0.4
"9829","Red","Neither","Neither","Blue",15,8,2,3,0,15205,6.6,16968,248,44,-977,-1320,23,3,5,8,0,16182,7,18288,186,64,0,-8,5,-3,-5,62,-20,-0.4
"9830","Red","Blue","Neither","Blue",16,4,4,4,0,15651,6.8,16945,201,48,-1990,-3002,39,1,8,6,0,17641,7.4,19947,226,56,0,-23,3,-4,-2,-25,-8,-0.600000000000001
"9831","Red","Neither","Red","Blue",17,6,7,6,0,17376,7,18907,238,43,2809,1740,22,2,2,3,0,14567,6.6,17167,234,44,0,-5,4,5,3,4,-1,0.4
"9832","Red","Blue","Neither","Red",33,2,4,5,0,15788,6.6,17331,223,52,-3084,-3141,11,0,11,9,0,18872,7.6,20472,230,64,0,22,2,-7,-4,-7,-12,-1
"9833","Red","Neither","Neither","Blue",20,5,4,4,0,15688,6.6,16920,226,53,-162,-553,20,7,6,10,0,15850,7,17473,233,44,0,0,-2,-2,-6,-7,9,-0.4
"9834","Blue","Red","Blue","Red",17,3,4,2,0,15374,6.8,17943,223,49,-780,107,18,3,6,6,0,16154,7.2,17836,231,61,0,-1,0,-2,-4,-8,-12,-0.4
"9835","Red","Red","Blue","Red",15,2,2,0,0,13418,6.4,16047,189,52,-2958,-1733,9,3,5,5,0,16376,7,17780,220,63,0,6,-1,-3,-5,-31,-11,-0.6
"9836","Red","Neither","Neither","Red",14,0,4,4,0,12178,4.6,10098,120,20,-6754,-5726,15,2,11,14,1,18932,6.4,15824,203,36,-1,-1,-2,-7,-10,-83,-16,-1.8
"9837","Blue","Neither","Red","Blue",17,4,8,8,0,15984,6.6,16282,206,34,-2111,-1573,16,2,10,14,0,18095,6.8,17855,208,45,0,1,2,-2,-6,-2,-11,-0.2
"9838","Blue","Red","Neither","Red",35,2,3,3,0,15908,7.4,18487,220,60,-1194,-1133,17,3,5,4,0,17102,7.2,19620,255,56,0,18,-1,-2,-1,-35,4,0.2
"9839","Red","Red","Neither","Blue",13,4,6,6,0,15240,7,17500,162,48,-3562,-2590,16,0,11,8,0,18802,7.4,20090,221,48,0,-3,4,-5,-2,-59,0,-0.4
"9840","Blue","Blue","Neither","Red",13,1,3,3,0,14943,6.8,17710,223,51,-626,61,18,1,4,8,0,15569,6.8,17649,233,48,0,-5,0,-1,-5,-10,3,0
"9841","Blue","Red","Neither","Red",15,4,4,7,0,15634,7.2,18046,235,49,-1848,-617,24,2,6,9,0,17482,7.2,18663,256,54,0,-9,2,-2,-2,-21,-5,0
"9842","Blue","Blue","Neither","Red",38,2,6,10,0,17071,7.2,19207,245,58,374,1465,13,6,7,10,0,16697,6.8,17742,209,36,0,25,-4,-1,0,36,22,0.4
"9843","Blue","Red","Blue","Red",16,8,4,7,0,15726,7.2,17885,222,60,-1614,-418,20,5,7,9,0,17340,7,18303,239,56,0,-4,3,-3,-2,-17,4,0.2
"9844","Red","Red","Red","Red",38,2,3,4,0,15249,7.2,19121,240,45,-162,1520,17,4,2,3,0,15411,6.8,17601,248,40,0,21,-2,1,1,-8,5,0.4
"9845","Blue","Blue","Neither","Red",18,4,6,8,0,16055,7,18838,208,64,583,439,38,5,2,1,0,15472,7.2,18399,259,54,0,-20,-1,4,7,-51,10,-0.2
"9846","Red","Red","Red","Red",17,0,2,1,0,13446,6.4,15500,190,32,-4676,-3551,10,6,8,9,0,18122,7.2,19051,243,50,0,7,-6,-6,-8,-53,-18,-0.8
"9847","Red","Blue","Neither","Blue",20,5,4,5,0,15903,7,17640,239,48,428,400,17,3,4,6,0,15475,6.8,17240,217,57,0,3,2,0,-1,22,-9,0.2
"9848","Red","Red","Neither","Blue",38,6,9,7,0,16940,7.2,18098,203,36,893,256,19,16,5,5,0,16047,7,17842,228,48,0,19,-10,4,2,-25,-12,0.2
"9849","Blue","Neither","Blue","Red",12,3,8,7,0,16882,7.2,18657,221,35,1632,1767,12,2,4,4,0,15250,6.6,16890,179,44,0,0,1,4,3,42,-9,0.600000000000001
"9850","Red","Red","Neither","Red",80,5,6,3,0,15894,7,17808,212,52,-1019,-1564,23,7,7,4,0,16913,7.2,19372,229,44,0,57,-2,-1,-1,-17,8,-0.2
"9851","Blue","Blue","Blue","Red",40,4,4,13,0,16047,7,18644,244,48,1976,1778,13,6,1,1,0,14071,6.8,16866,222,44,0,27,-2,3,12,22,4,0.2
"9852","Red","Red","Neither","Red",15,2,4,2,0,14709,6.6,17092,217,38,-2591,-1250,13,3,8,10,0,17300,7.2,18342,236,55,0,2,-1,-4,-8,-19,-17,-0.600000000000001
"9853","Blue","Red","Blue","Red",38,6,6,9,0,16368,7,17821,234,47,-1314,-1708,17,6,6,4,0,17682,7.2,19529,230,76,0,21,0,0,5,4,-29,-0.2
"9854","Red","Neither","Blue","Red",17,2,7,9,0,17394,6.8,17904,261,32,188,-676,29,4,8,7,0,17206,7,18580,212,56,0,-12,-2,-1,2,49,-24,-0.2
"9855","Blue","Blue","Neither","Red",11,2,6,7,0,15950,6.8,17303,196,55,175,-234,84,2,6,4,0,15775,6.8,17537,221,28,0,-73,0,0,3,-25,27,0
"9856","Red","Neither","Neither","Red",15,3,2,3,0,15268,6.8,17717,214,72,-880,179,18,0,7,8,0,16148,6.6,17538,198,42,0,-3,3,-5,-5,16,30,0.2
"9857","Blue","Neither","Neither","Blue",19,1,10,12,0,18274,6.8,19011,232,49,4693,2968,16,1,2,1,0,13581,6.4,16043,179,45,0,3,0,8,11,53,4,0.399999999999999
"9858","Red","Red","Neither","Blue",37,4,5,6,0,15993,6.8,17528,206,48,-645,-448,19,5,7,9,0,16638,6.8,17976,197,64,0,18,-1,-2,-3,9,-16,0
"9859","Red","Blue","Red","Blue",51,3,3,7,0,14857,6.8,16510,226,43,-959,-1248,29,3,6,3,0,15816,6.8,17758,195,58,0,22,0,-3,4,31,-15,0
"9860","Blue","Blue","Neither","Blue",36,2,9,11,0,18503,7.4,19717,250,56,2527,1695,26,16,4,9,0,15976,7,18022,210,63,0,10,-14,5,2,40,-7,0.4
"9861","Blue","Neither","Blue","Red",85,3,8,11,0,17442,7.2,20005,210,68,-347,966,13,1,7,10,0,17789,7.2,19039,218,58,0,72,2,1,1,-8,10,0
"9862","Red","Neither","Neither","Red",36,3,4,5,0,14478,6.2,14665,171,32,-5087,-4618,40,3,13,12,0,19565,7.2,19283,199,71,0,-4,0,-9,-7,-28,-39,-1
"9863","Blue","Blue","Blue","Blue",13,3,6,10,0,17086,7,17746,229,54,1838,-689,14,3,4,7,0,15248,7.2,18435,231,51,0,-1,0,2,3,-2,3,-0.2
"9864","Blue","Red","Blue","Red",16,3,5,6,2,18075,7.2,19324,233,60,600,289,37,4,7,6,0,17475,7,19035,224,63,2,-21,-1,-2,0,9,-3,0.2
"9865","Blue","Blue","Red","Blue",57,3,5,5,0,15965,7,18534,208,52,725,1773,16,3,4,5,0,15240,6.8,16761,202,40,0,41,0,1,0,6,12,0.2
"9866","Blue","Red","Neither","Red",34,1,4,1,0,15261,7,18671,223,60,-1461,-69,15,0,7,8,0,16722,7,18740,215,56,0,19,1,-3,-7,8,4,0
"9867","Blue","Blue","Neither","Red",16,3,1,0,0,14603,7,18478,232,71,670,1446,38,3,2,5,0,13933,6.8,17032,197,52,0,-22,0,-1,-5,35,19,0.2
"9868","Red","Red","Blue","Red",14,2,1,0,0,13836,6.6,17114,213,59,-1798,-674,14,3,3,4,0,15634,6.8,17788,251,46,0,0,-1,-2,-4,-38,13,-0.2
"9869","Blue","Neither","Blue","Blue",16,4,7,5,0,17170,7,19211,251,54,3234,2427,21,2,1,1,0,13936,6.8,16784,203,68,0,-5,2,6,4,48,-14,0.2
"9870","Red","Blue","Red","Red",12,1,9,12,0,16198,7,18249,165,33,-2121,-1038,13,3,12,7,0,18319,7.4,19287,187,68,0,-1,-2,-3,5,-22,-35,-0.4
"9871","Blue","Red","Neither","Blue",46,2,5,2,0,16923,7.2,19758,222,72,1974,1712,11,0,3,5,0,14949,6.8,18046,202,64,0,35,2,2,-3,20,8,0.4
"9872","Red","Blue","Blue","Red",12,2,4,5,0,15131,6.8,18216,214,61,-727,343,17,4,5,2,0,15858,6.8,17873,248,48,0,-5,-2,-1,3,-34,13,0
"9873","Blue","Red","Neither","Blue",12,0,7,9,0,17155,7,18002,231,36,756,1,60,3,7,8,0,16399,7,18001,216,58,0,-48,-3,0,1,15,-22,0
"9874","Blue","Neither","Neither","Blue",18,2,12,13,0,18573,7.2,19391,207,46,2639,2364,16,6,6,6,0,15934,6.6,17027,197,38,0,2,-4,6,7,10,8,0.600000000000001
"9875","Blue","Blue","Neither","Blue",17,2,7,5,0,17765,7.2,18967,211,69,2519,2469,46,3,4,7,0,15246,6.8,16498,229,34,0,-29,-1,3,-2,-18,35,0.4
"9876","Blue","Blue","Neither","Red",54,0,6,8,0,16238,7.2,19255,233,48,782,888,12,21,4,3,0,15456,7,18367,206,56,0,42,-21,2,5,27,-8,0.2
"9877","Red","Red","Neither","Red",23,1,6,5,0,15903,7,18032,210,45,-2416,-1877,14,0,7,11,0,18319,7.4,19909,261,60,0,9,1,-1,-6,-51,-15,-0.4
"9878","Red","Blue","Neither","Blue",14,4,2,3,0,14459,6.6,17229,224,48,-839,-1085,66,4,3,1,0,15298,7.2,18314,247,40,0,-52,0,-1,2,-23,8,-0.600000000000001
"9879","Blue","Red","Neither","Blue",18,0,6,5,0,16266,7,17321,207,44,927,-58,9,2,6,4,0,15339,6.8,17379,201,46,0,9,-2,0,1,6,-2,0.2
